employee_id,period_start,business_unit_id,job_family,job_level,tenure_years,engagement_score,performance_rating,compa_ratio,workload_index,manager_change_flag,attrition_risk_score
E00001,2024-01-01,BU03,Operations,IC2,3.915,0.517,2.97,0.855,0.705,0,0.796609
E00002,2024-01-01,BU05,Education,IC2,6.825,0.642,3.59,1.6,0.737,0,0.501735
E00003,2024-01-01,BU01,Operations,IC2,0.0,0.55,3.27,0.686,0.593,0,0.783534
E00004,2024-01-01,BU01,Clinical,IC1,2.459,0.618,3.26,1.2,0.79,0,0.631333
E00005,2024-01-01,BU10,Finance,IC2,5.73,0.558,3.6,0.6,0.631,0,0.744454
E00006,2024-01-01,BU09,IT,M2,3.222,0.63,3.23,0.6,0.733,0,0.767424
E00007,2024-01-01,BU07,Operations,IC1,0.632,0.599,3.94,1.119,0.766,0,0.599936
E00008,2024-01-01,BU01,Finance,IC1,7.852,0.612,2.71,1.458,0.507,0,0.678264
E00009,2024-01-01,BU08,Clinical,IC2,3.151,0.519,2.85,0.6,0.597,0,0.829834
E00010,2024-01-01,BU03,Admin,M1,0.0,0.489,3.87,0.729,0.459,0,0.611077
E00011,2024-01-01,BU08,Education,IC3,0.0,0.534,4.31,0.644,0.575,0,0.649724
E00012,2024-01-01,BU05,Finance,IC3,2.289,0.516,2.61,0.6,0.689,0,0.854266
E00013,2024-01-01,BU01,Finance,IC1,5.659,0.558,2.93,0.982,0.573,0,0.733331
E00014,2024-01-01,BU07,Admin,IC3,6.259,0.651,3.23,1.129,0.6,0,0.596126
E00015,2024-01-01,BU05,Finance,IC2,2.721,0.51,2.64,0.6,0.623,0,0.837013
E00016,2024-01-01,BU06,Clinical,M1,2.204,0.484,3.3,0.6,0.681,0,0.816345
E00017,2024-01-01,BU06,Clinical,IC3,7.633,0.567,3.7,0.6,0.821,0,0.742826
E00018,2024-01-01,BU08,Admin,IC1,4.279,0.506,3.48,0.785,0.622,0,0.730929
E00019,2024-01-01,BU09,Education,IC1,5.355,0.586,3.0,1.535,0.527,0,0.590796
E00020,2024-01-01,BU02,IT,IC1,8.81,0.547,3.65,0.911,0.42,0,0.563342
E00021,2024-01-01,BU09,Operations,IC2,2.976,0.493,3.52,1.225,0.788,0,0.707481
E00022,2024-01-01,BU10,IT,IC2,4.835,0.423,3.77,1.075,0.507,0,0.607694
E00023,2024-01-01,BU09,Finance,IC3,8.723,0.625,3.38,0.6,0.649,0,0.72633
E00024,2024-01-01,BU10,Operations,IC2,5.908,0.631,3.59,0.643,0.719,0,0.757917
E00025,2024-01-01,BU10,Admin,IC2,9.993,0.709,3.36,0.6,0.478,0,0.669873
E00026,2024-01-01,BU07,Admin,IC1,0.504,0.49,3.02,0.674,0.584,0,0.811232
E00027,2024-01-01,BU01,Education,IC1,4.4,0.544,3.36,1.046,0.537,0,0.636779
E00028,2024-01-01,BU07,Operations,M1,1.446,0.624,3.44,0.6,0.65,0,0.720179
E00029,2024-01-01,BU10,Clinical,IC1,9.596,0.659,3.73,0.706,0.654,1,0.71599
E00030,2024-01-01,BU05,Operations,IC3,0.0,0.539,3.98,0.6,0.662,0,0.691478
E00031,2024-01-01,BU06,Finance,M1,0.0,0.616,3.9,0.6,0.529,0,0.605849
E00032,2024-01-01,BU10,Clinical,IC3,0.482,0.466,4.03,0.6,0.728,0,0.708931
E00033,2024-01-01,BU07,Admin,M1,7.491,0.656,3.01,0.6,0.334,0,0.709294
E00034,2024-01-01,BU05,Operations,IC2,3.296,0.613,3.41,0.898,0.504,0,0.648254
E00035,2024-01-01,BU07,IT,M2,6.762,0.633,2.78,0.6,0.526,0,0.774312
E00036,2024-01-01,BU09,Education,IC1,1.328,0.561,3.15,0.6,0.374,0,0.714123
E00037,2024-01-01,BU03,IT,IC1,7.945,0.558,3.18,1.6,0.571,0,0.517744
E00038,2024-01-01,BU08,Education,IC3,5.988,0.424,3.53,0.6,0.56,0,0.756924
E00039,2024-01-01,BU02,Finance,M2,7.74,0.37,3.25,0.6,0.389,0,0.780973
E00040,2024-01-01,BU07,IT,M1,3.283,0.586,3.45,0.6,0.634,0,0.761875
E00041,2024-01-01,BU02,Operations,IC1,5.514,0.502,2.99,1.6,0.643,0,0.599663
E00042,2024-01-01,BU04,Operations,IC2,1.131,0.522,3.83,0.6,0.829,0,0.738729
E00043,2024-01-01,BU07,IT,M2,3.767,0.562,2.92,0.6,0.518,0,0.790036
E00044,2024-01-01,BU03,Operations,IC2,8.991,0.383,3.34,0.739,0.819,0,0.815799
E00045,2024-01-01,BU02,Finance,M1,6.686,0.51,3.69,0.6,0.455,0,0.706282
E00046,2024-01-01,BU10,Clinical,M1,1.051,0.494,3.44,0.694,0.63,0,0.721625
E00047,2024-01-01,BU07,Finance,IC2,8.309,0.567,2.91,0.6,0.655,0,0.787234
E00048,2024-01-01,BU01,Education,IC2,0.772,0.644,3.17,0.6,0.606,0,0.729388
E00049,2024-01-01,BU08,Finance,IC2,1.038,0.49,3.56,0.6,0.556,0,0.703226
E00050,2024-01-01,BU03,Education,IC1,0.315,0.5,3.03,0.6,0.563,0,0.79916
E00051,2024-01-01,BU02,Operations,M1,5.484,0.476,3.55,0.6,0.558,0,0.756152
E00052,2024-01-01,BU03,Clinical,IC2,8.068,0.64,3.23,1.08,0.77,0,0.738003
E00053,2024-01-01,BU05,Operations,M1,6.732,0.542,3.0,0.6,0.767,0,0.799564
E00054,2024-01-01,BU08,Admin,IC1,3.8,0.438,3.4,1.464,0.551,0,0.630461
E00055,2024-01-01,BU10,Operations,M2,2.201,0.503,3.75,0.6,0.571,0,0.717461
E00056,2024-01-01,BU07,Education,IC2,7.655,0.534,3.49,1.074,0.614,0,0.611009
E00057,2024-01-01,BU07,Operations,IC1,9.67,0.61,3.26,0.867,0.687,0,0.721983
E00058,2024-01-01,BU07,Operations,IC1,6.776,0.36,3.83,0.721,0.907,0,0.794587
E00059,2024-01-01,BU08,Clinical,IC3,8.047,0.569,3.95,1.143,0.625,0,0.600081
E00060,2024-01-01,BU01,Operations,IC3,2.333,0.556,3.2,0.6,0.614,0,0.765988
E00061,2024-01-01,BU04,Clinical,M1,6.686,0.64,4.16,0.6,0.554,0,0.594744
E00062,2024-01-01,BU06,IT,IC1,8.123,0.51,3.6,1.231,0.608,0,0.67315
E00063,2024-01-01,BU09,Admin,IC1,4.671,0.544,3.36,1.196,0.486,1,0.713408
E00064,2024-01-01,BU02,Clinical,IC2,4.715,0.581,3.65,0.6,0.595,0,0.722321
E00065,2024-01-01,BU01,Education,IC2,0.611,0.5,3.12,1.055,0.634,0,0.737921
E00066,2024-01-01,BU10,IT,IC2,6.5,0.496,3.14,0.6,0.588,0,0.789355
E00067,2024-01-01,BU02,Clinical,M2,4.298,0.577,3.68,0.617,0.831,0,0.814693
E00068,2024-01-01,BU07,Clinical,M2,8.449,0.588,3.25,0.6,0.759,0,0.82667
E00069,2024-01-01,BU03,Admin,M2,0.652,0.524,3.21,0.639,0.537,0,0.775854
E00070,2024-01-01,BU10,Education,M1,8.233,0.623,3.53,0.6,0.441,0,0.692
E00071,2024-01-01,BU02,Finance,IC2,0.203,0.628,3.89,0.953,0.469,0,0.516273
E00072,2024-01-01,BU07,Finance,IC2,6.486,0.639,3.34,1.052,0.559,0,0.612281
E00073,2024-01-01,BU02,Clinical,IC2,2.201,0.57,3.16,0.798,0.8,0,0.799703
E00074,2024-01-01,BU03,Operations,M1,3.655,0.55,2.8,0.6,0.744,1,0.881161
E00075,2024-01-01,BU07,Education,IC1,1.823,0.594,2.73,1.324,0.623,0,0.678146
E00076,2024-01-01,BU04,IT,IC2,2.497,0.451,2.91,0.776,0.573,0,0.817812
E00077,2024-01-01,BU01,Operations,IC1,5.15,0.432,3.08,0.6,0.654,0,0.841454
E00078,2024-01-01,BU05,Operations,IC2,8.118,0.683,2.99,0.604,0.764,0,0.828757
E00079,2024-01-01,BU09,Education,M1,5.895,0.467,3.62,0.6,0.733,0,0.776663
E00080,2024-01-01,BU08,Clinical,M1,2.059,0.537,3.82,0.911,0.712,0,0.590744
E00081,2024-01-01,BU09,Clinical,IC1,0.282,0.465,3.2,1.517,0.988,0,0.680606
E00082,2024-01-01,BU10,Clinical,M2,1.213,0.46,3.72,0.754,0.645,0,0.712022
E00083,2024-01-01,BU09,Clinical,IC3,1.213,0.568,3.39,0.613,0.738,0,0.820554
E00084,2024-01-01,BU07,Finance,IC1,9.084,0.686,3.01,1.274,0.651,0,0.650951
E00085,2024-01-01,BU04,Clinical,IC2,1.947,0.553,3.55,0.6,0.738,0,0.740287
E00086,2024-01-01,BU05,Finance,IC2,3.567,0.644,3.37,0.764,0.57,0,0.694752
E00087,2024-01-01,BU01,Finance,IC1,1.432,0.606,2.48,1.053,0.654,0,0.816615
E00088,2024-01-01,BU01,Clinical,M2,2.409,0.515,2.93,0.6,0.622,0,0.822348
E00089,2024-01-01,BU03,Admin,IC2,9.238,0.624,3.26,0.773,0.742,0,0.671906
E00090,2024-01-01,BU08,IT,M1,2.267,0.459,3.2,0.956,0.528,0,0.711448
E00091,2024-01-01,BU02,Operations,IC2,2.913,0.485,3.27,0.894,0.753,0,0.759872
E00092,2024-01-01,BU04,Finance,IC1,0.0,0.527,3.83,1.306,0.473,0,0.484104
E00093,2024-01-01,BU02,Education,IC2,7.179,0.528,2.89,0.6,0.633,0,0.817764
E00094,2024-01-01,BU05,Education,IC1,9.854,0.576,3.39,1.6,0.568,0,0.532887
E00095,2024-01-01,BU09,IT,IC2,2.669,0.402,3.55,0.712,0.246,0,0.710174
E00096,2024-01-01,BU01,Education,M1,7.661,0.546,3.13,0.6,0.503,0,0.749509
E00097,2024-01-01,BU05,Admin,IC2,7.526,0.519,2.77,0.755,0.563,0,0.818811
E00098,2024-01-01,BU09,Education,IC3,9.834,0.56,2.91,0.6,0.636,0,0.770487
E00099,2024-01-01,BU01,Operations,IC1,0.0,0.497,3.24,1.322,0.544,0,0.620981
E00100,2024-01-01,BU09,Operations,IC1,5.988,0.484,3.23,0.786,0.603,0,0.761036
E00101,2024-01-01,BU08,Finance,IC1,0.515,0.523,3.68,0.699,0.547,0,0.681318
E00102,2024-01-01,BU04,Clinical,IC3,3.726,0.586,3.22,0.6,0.679,0,0.776801
E00103,2024-01-01,BU10,Admin,IC1,0.999,0.574,3.68,1.394,0.469,0,0.518654
E00104,2024-01-01,BU05,Finance,IC2,1.446,0.425,3.03,0.816,0.384,0,0.80012
E00105,2024-01-01,BU05,Admin,IC3,3.318,0.504,3.12,0.6,0.519,0,0.817469
E00106,2024-01-01,BU06,Clinical,IC2,1.719,0.765,3.18,0.868,0.455,0,0.649167
E00107,2024-01-01,BU07,Education,IC1,2.713,0.469,4.18,0.694,0.592,0,0.653328
E00108,2024-01-01,BU08,Education,IC2,8.578,0.658,3.1,0.6,0.616,0,0.746852
E00109,2024-01-01,BU08,Clinical,M1,9.051,0.578,3.25,0.84,0.77,0,0.785462
E00110,2024-01-01,BU02,Finance,IC3,3.773,0.518,3.87,0.699,0.515,0,0.649165
E00111,2024-01-01,BU09,Clinical,IC2,3.031,0.609,3.47,0.727,0.618,0,0.699534
E00112,2024-01-01,BU07,IT,IC1,2.522,0.516,3.54,0.762,0.547,0,0.674382
E00113,2024-01-01,BU04,Operations,M2,5.465,0.752,2.96,0.763,0.722,0,0.741246
E00114,2024-01-01,BU04,Finance,IC3,7.146,0.601,3.28,1.6,0.687,0,0.569922
E00115,2024-01-01,BU08,Admin,IC2,2.24,0.506,3.71,0.845,0.66,0,0.664878
E00116,2024-01-01,BU04,IT,M1,4.214,0.748,3.67,0.6,0.513,0,0.612124
E00117,2024-01-01,BU06,Finance,IC2,0.0,0.382,4.02,0.699,0.45,0,0.692397
E00118,2024-01-01,BU05,Clinical,IC2,7.472,0.524,3.59,0.937,0.702,0,0.699823
E00119,2024-01-01,BU03,Clinical,IC3,9.804,0.511,3.48,0.6,0.649,0,0.745622
E00120,2024-01-01,BU10,Clinical,IC1,7.912,0.655,3.28,1.034,0.616,0,0.678085
E00121,2024-01-01,BU02,Clinical,M2,5.013,0.484,3.11,0.6,0.724,0,0.844625
E00122,2024-01-01,BU09,Admin,IC3,7.201,0.576,3.51,0.988,0.464,0,0.575969
E00123,2024-01-01,BU10,IT,IC3,9.703,0.583,3.6,0.956,0.519,0,0.614982
E00124,2024-01-01,BU09,Education,IC1,5.076,0.506,3.14,1.013,0.564,0,0.697253
E00125,2024-01-01,BU01,Operations,IC1,0.411,0.522,2.59,1.574,0.582,0,0.716524
E00126,2024-01-01,BU10,Admin,IC2,3.264,0.609,2.95,1.56,0.437,0,0.512184
E00127,2024-01-01,BU03,Admin,M1,3.474,0.614,3.08,0.6,0.318,0,0.692778
E00128,2024-01-01,BU08,Education,IC2,0.0,0.532,3.29,0.882,0.692,0,0.759121
E00129,2024-01-01,BU06,Education,IC2,1.826,0.527,3.38,0.6,0.436,0,0.713081
E00130,2024-01-01,BU05,Operations,IC3,0.033,0.584,2.97,0.6,0.746,0,0.761733
E00131,2024-01-01,BU05,Operations,IC1,0.307,0.61,3.53,0.689,0.687,0,0.685055
E00132,2024-01-01,BU06,Education,IC3,7.058,0.651,3.49,0.6,0.561,0,0.686429
E00133,2024-01-01,BU07,Clinical,IC1,3.981,0.434,3.02,0.708,0.734,0,0.871801
E00134,2024-01-01,BU01,Admin,M2,9.32,0.638,3.14,0.6,0.607,0,0.748534
E00135,2024-01-01,BU09,Finance,IC2,6.404,0.559,3.14,0.645,0.599,0,0.749014
E00136,2024-01-01,BU03,Operations,IC1,6.979,0.707,3.14,1.322,0.783,0,0.576072
E00137,2024-01-01,BU04,Operations,IC2,5.525,0.592,3.23,0.653,0.733,0,0.759537
E00138,2024-01-01,BU10,Education,IC2,3.63,0.607,3.92,0.6,0.573,0,0.653461
E00139,2024-01-01,BU01,IT,M1,3.515,0.588,2.95,0.661,0.489,0,0.7746
E00140,2024-01-01,BU10,Finance,IC3,0.0,0.553,3.64,0.618,0.511,0,0.684248
E00141,2024-01-01,BU03,Finance,IC3,6.056,0.534,3.0,0.6,0.533,0,0.793915
E00142,2024-01-01,BU02,Operations,IC1,3.639,0.564,3.33,0.93,0.641,0,0.718162
E00143,2024-01-01,BU02,Clinical,IC1,0.0,0.46,3.31,0.683,0.869,0,0.847166
E00144,2024-01-01,BU01,IT,IC1,7.636,0.564,3.4,1.073,0.458,0,0.658643
E00145,2024-01-01,BU08,Finance,IC3,4.148,0.562,2.75,1.553,0.31,0,0.548569
E00146,2024-01-01,BU03,Operations,M1,8.038,0.564,2.73,0.6,0.629,0,0.826036
E00147,2024-01-01,BU03,Finance,IC2,0.605,0.498,3.46,0.663,0.695,0,0.763634
E00148,2024-01-01,BU06,IT,IC1,1.752,0.556,2.91,0.731,0.566,0,0.744454
E00149,2024-01-01,BU08,IT,IC3,5.799,0.575,3.08,0.6,0.516,0,0.800411
E00150,2024-01-01,BU09,Admin,M1,4.819,0.575,2.66,0.829,0.644,0,0.795515
E00151,2024-01-01,BU09,Education,IC3,6.678,0.63,3.76,0.745,0.532,0,0.618678
E00152,2024-01-01,BU04,Education,M1,0.0,0.564,3.01,0.745,0.553,1,0.847394
E00153,2024-01-01,BU05,Operations,IC2,0.884,0.621,2.65,0.802,0.673,0,0.823832
E00154,2024-01-01,BU02,IT,IC1,3.302,0.801,3.53,0.6,0.663,0,0.675216
E00155,2024-01-01,BU09,Admin,M1,1.99,0.476,3.72,0.6,0.631,0,0.738678
E00156,2024-01-01,BU08,Admin,IC3,3.959,0.561,3.08,0.849,0.548,0,0.737422
E00157,2024-01-01,BU03,Finance,IC2,9.662,0.66,2.99,0.826,0.407,0,0.73253
E00158,2024-01-01,BU09,Finance,IC3,9.574,0.573,3.79,1.002,0.581,0,0.596474
E00159,2024-01-01,BU03,Admin,M1,1.522,0.545,3.1,0.603,0.334,0,0.747688
E00160,2024-01-01,BU09,Finance,IC3,0.0,0.541,3.81,0.6,0.576,0,0.633092
E00161,2024-01-01,BU02,IT,IC3,1.484,0.566,3.2,0.6,0.468,0,0.723944
E00162,2024-01-01,BU10,Clinical,IC2,6.308,0.586,3.27,0.862,0.759,0,0.737622
E00163,2024-01-01,BU09,IT,IC2,1.123,0.557,4.05,0.941,0.677,0,0.611467
E00164,2024-01-01,BU08,Admin,IC2,7.009,0.633,3.51,1.027,0.424,0,0.52481
E00165,2024-01-01,BU09,Admin,M1,3.181,0.561,3.0,0.6,0.562,0,0.746441
E00166,2024-01-01,BU05,IT,M1,4.397,0.576,3.22,0.6,0.589,0,0.838553
E00167,2024-01-01,BU02,Finance,M1,2.527,0.73,2.8,0.6,0.611,0,0.788542
E00168,2024-01-01,BU08,Finance,IC1,0.0,0.602,4.04,1.487,0.526,0,0.36214
E00169,2024-01-01,BU06,Education,IC3,1.383,0.49,3.17,0.6,0.706,0,0.826738
E00170,2024-01-01,BU08,Admin,M1,5.065,0.536,3.88,0.611,0.758,0,0.720736
E00171,2024-01-01,BU05,Operations,IC3,9.648,0.725,3.29,0.796,0.818,0,0.762095
E00172,2024-01-01,BU10,Education,M1,7.359,0.614,3.67,0.715,0.789,0,0.724558
E00173,2024-01-01,BU02,Finance,M1,0.225,0.615,3.39,0.953,0.737,0,0.7001
E00174,2024-01-01,BU06,IT,IC2,2.023,0.545,3.64,1.37,0.594,0,0.557847
E00175,2024-01-01,BU05,Finance,IC2,0.0,0.585,3.68,0.603,0.411,0,0.658895
E00176,2024-01-01,BU05,IT,IC1,4.216,0.394,2.87,0.6,0.508,0,0.836974
E00177,2024-01-01,BU01,Education,IC2,2.407,0.593,3.46,0.6,0.576,0,0.677215
E00178,2024-01-01,BU02,Admin,IC3,1.196,0.555,2.71,0.657,0.488,0,0.838871
E00179,2024-01-01,BU08,Finance,M1,6.015,0.551,3.8,0.6,0.454,0,0.62448
E00180,2024-01-01,BU03,IT,IC1,9.878,0.663,2.67,1.6,0.487,0,0.610165
E00181,2024-01-01,BU10,Admin,IC1,9.076,0.616,3.43,1.034,0.526,0,0.603808
E00182,2024-01-01,BU03,Operations,IC3,0.027,0.493,2.75,0.792,0.875,0,0.853893
E00183,2024-01-01,BU08,IT,IC1,6.609,0.684,3.57,0.921,0.628,0,0.640612
E00184,2024-01-01,BU08,Education,IC1,3.266,0.495,3.6,0.834,0.434,0,0.682886
E00185,2024-01-01,BU02,Operations,IC1,8.753,0.569,3.23,0.6,0.618,0,0.837616
E00186,2024-01-01,BU08,Operations,IC1,7.107,0.543,4.16,0.886,0.646,0,0.567617
E00187,2024-01-01,BU01,Clinical,IC1,9.525,0.562,3.21,1.6,0.694,0,0.627252
E00188,2024-01-01,BU06,Finance,IC2,5.949,0.476,3.15,0.6,0.554,0,0.813208
E00189,2024-01-01,BU08,IT,IC2,9.314,0.691,3.86,0.6,0.622,0,0.626838
E00190,2024-01-01,BU03,Operations,M1,2.96,0.557,2.9,0.962,0.722,0,0.754498
E00191,2024-01-01,BU08,Clinical,IC2,9.615,0.598,3.68,1.002,0.764,0,0.65277
E00192,2024-01-01,BU01,Education,IC3,0.0,0.507,2.99,0.819,0.636,0,0.818398
E00193,2024-01-01,BU09,Admin,IC1,9.062,0.618,2.98,1.43,0.559,0,0.5937
E00194,2024-01-01,BU09,IT,IC1,8.783,0.545,3.05,0.726,0.634,0,0.804274
E00195,2024-01-01,BU05,Operations,IC3,8.564,0.611,2.69,0.634,0.73,0,0.83936
E00196,2024-01-01,BU10,Finance,IC1,4.89,0.607,3.1,1.251,0.455,0,0.617934
E00197,2024-01-01,BU04,Clinical,IC2,3.784,0.682,3.35,1.572,0.702,0,0.487995
E00198,2024-01-01,BU06,Operations,IC3,5.604,0.589,3.56,0.6,0.737,0,0.751119
E00199,2024-01-01,BU07,Finance,IC3,9.279,0.532,3.6,0.981,0.344,0,0.561764
E00200,2024-01-01,BU05,Operations,IC1,9.845,0.481,3.09,1.036,0.762,0,0.78476
E00201,2024-01-01,BU10,IT,IC2,7.228,0.553,3.95,0.839,0.582,0,0.5926
E00202,2024-01-01,BU09,IT,IC3,8.413,0.622,2.92,0.6,0.657,0,0.814897
E00203,2024-01-01,BU03,IT,IC1,5.862,0.661,3.12,0.6,0.597,0,0.715168
E00204,2024-01-01,BU07,Education,IC3,0.101,0.623,3.2,0.85,0.447,0,0.588991
E00205,2024-01-01,BU10,Education,IC3,4.602,0.563,4.05,0.6,0.546,0,0.627226
E00206,2024-01-01,BU10,Clinical,M2,3.474,0.603,3.33,0.6,0.53,0,0.689366
E00207,2024-01-01,BU05,IT,IC1,6.404,0.649,3.36,1.239,0.554,0,0.594105
E00208,2024-01-01,BU07,Finance,M1,3.997,0.605,3.85,0.635,0.671,0,0.622773
E00209,2024-01-01,BU02,Operations,IC2,0.0,0.481,2.75,0.798,0.955,0,0.905807
E00210,2024-01-01,BU04,Admin,IC2,2.951,0.57,2.91,1.132,0.455,0,0.651892
E00211,2024-01-01,BU02,Finance,IC1,0.0,0.507,2.94,1.468,0.567,0,0.616211
E00212,2024-01-01,BU07,Education,IC3,9.996,0.544,3.06,0.998,0.636,0,0.73823
E00213,2024-01-01,BU02,Education,IC1,4.096,0.671,3.28,0.808,0.568,0,0.659463
E00214,2024-01-01,BU01,Finance,IC2,2.626,0.593,2.74,1.074,0.452,0,0.734845
E00215,2024-01-01,BU09,Education,IC1,5.224,0.583,3.88,0.953,0.768,0,0.59295
E00216,2024-01-01,BU01,IT,M1,6.261,0.625,2.78,0.931,0.611,0,0.755342
E00217,2024-01-01,BU08,Clinical,M1,8.556,0.469,3.31,0.6,0.701,0,0.800958
E00218,2024-01-01,BU02,Operations,IC3,4.096,0.611,3.04,0.6,0.424,0,0.747201
E00219,2024-01-01,BU08,Clinical,IC2,4.118,0.508,3.53,0.6,0.431,0,0.704139
E00220,2024-01-01,BU03,Operations,IC1,0.0,0.449,2.84,1.007,0.747,0,0.81647
E00221,2024-01-01,BU06,Operations,IC3,9.936,0.53,2.8,0.712,0.616,0,0.785472
E00222,2024-01-01,BU03,Clinical,IC2,1.848,0.411,3.5,0.834,0.818,0,0.793296
E00223,2024-01-01,BU07,Finance,IC1,0.0,0.686,3.59,1.067,0.394,0,0.491261
E00224,2024-01-01,BU10,Operations,IC3,4.786,0.543,3.63,0.789,0.604,0,0.649583
E00225,2024-01-01,BU09,Clinical,M2,7.986,0.535,3.57,0.6,0.8,1,0.86676
E00226,2024-01-01,BU02,Operations,IC3,6.615,0.547,3.17,0.6,0.526,0,0.782705
E00227,2024-01-01,BU05,Admin,IC3,0.0,0.544,3.21,0.6,0.525,0,0.797347
E00228,2024-01-01,BU06,Finance,M2,6.585,0.599,2.61,0.603,0.729,0,0.859657
E00229,2024-01-01,BU04,IT,IC1,7.039,0.585,3.42,1.151,0.565,0,0.577256
E00230,2024-01-01,BU04,Operations,IC3,0.972,0.519,3.2,0.6,0.626,0,0.81914
E00231,2024-01-01,BU04,Admin,M2,7.611,0.697,3.31,0.699,0.677,0,0.762536
E00232,2024-01-01,BU02,IT,IC1,7.6,0.607,3.64,1.6,0.578,0,0.440481
E00233,2024-01-01,BU04,IT,IC3,6.511,0.59,3.08,0.6,0.452,0,0.718534
E00234,2024-01-01,BU01,Operations,IC3,3.789,0.582,3.25,0.724,0.669,0,0.752245
E00235,2024-01-01,BU06,Clinical,IC3,6.615,0.65,3.32,0.6,0.683,0,0.751795
E00236,2024-01-01,BU01,Operations,IC3,1.459,0.47,3.7,0.798,0.77,0,0.731926
E00237,2024-01-01,BU10,Admin,M1,9.654,0.654,3.48,0.6,0.457,0,0.660443
E00238,2024-01-01,BU06,IT,M1,2.626,0.424,3.48,0.6,0.635,0,0.81196
E00239,2024-01-01,BU01,Operations,IC1,3.617,0.543,3.63,1.366,0.641,0,0.608253
E00240,2024-01-01,BU06,Clinical,M1,8.23,0.579,2.85,0.776,0.834,0,0.804645
E00241,2024-01-01,BU10,Operations,IC1,2.207,0.568,3.64,1.148,0.804,0,0.694866
E00242,2024-01-01,BU08,Finance,IC2,9.785,0.627,3.15,0.692,0.595,0,0.730982
E00243,2024-01-01,BU02,Clinical,IC2,0.0,0.515,3.19,0.6,0.66,0,0.773594
E00244,2024-01-01,BU02,Admin,IC2,1.613,0.574,3.35,0.6,0.514,0,0.723887
E00245,2024-01-01,BU04,IT,IC2,1.259,0.49,3.69,0.6,0.639,0,0.720082
E00246,2024-01-01,BU03,Operations,M2,8.98,0.566,3.11,0.6,0.802,0,0.819867
E00247,2024-01-01,BU04,Clinical,IC3,3.792,0.655,3.76,0.629,0.772,0,0.695713
E00248,2024-01-01,BU07,Finance,IC3,0.736,0.576,3.05,0.6,0.604,0,0.740837
E00249,2024-01-01,BU01,Clinical,IC1,8.0,0.619,2.88,1.01,1.0,0,0.78675
E00250,2024-01-01,BU06,Education,M1,3.967,0.653,3.17,0.763,0.569,0,0.694522
E00251,2024-01-01,BU03,Finance,M1,0.359,0.503,3.36,0.6,0.567,1,0.830691
E00252,2024-01-01,BU10,Admin,M1,1.864,0.675,3.53,0.6,0.64,0,0.711531
E00253,2024-01-01,BU07,IT,IC1,6.012,0.587,2.56,0.72,0.555,0,0.794522
E00254,2024-01-01,BU10,Admin,IC1,9.355,0.477,3.82,1.153,0.348,0,0.497772
E00255,2024-01-01,BU02,Operations,IC1,8.454,0.538,3.37,1.167,0.603,0,0.656601
E00256,2024-01-01,BU02,Clinical,IC1,9.207,0.571,3.33,1.042,0.811,0,0.686122
E00257,2024-01-01,BU04,Education,IC2,5.218,0.59,3.22,1.171,0.702,0,0.700587
E00258,2024-01-01,BU01,Finance,M1,5.873,0.514,2.75,0.6,0.464,0,0.81316
E00259,2024-01-01,BU03,Finance,IC2,0.0,0.476,3.04,1.507,0.621,0,0.643142
E00260,2024-01-01,BU09,Clinical,IC1,3.535,0.66,3.85,1.327,0.493,0,0.400754
E00261,2024-01-01,BU07,Education,IC2,1.791,0.557,2.8,0.6,0.655,0,0.817796
E00262,2024-01-01,BU07,Clinical,IC1,1.166,0.676,3.38,1.6,0.761,0,0.509394
E00263,2024-01-01,BU04,Operations,IC1,7.88,0.562,3.36,0.782,0.486,0,0.652375
E00264,2024-01-01,BU02,Admin,IC2,7.034,0.583,3.57,0.6,0.58,0,0.699165
E00265,2024-01-01,BU04,Finance,IC2,7.962,0.556,3.28,0.963,0.55,0,0.662252
E00266,2024-01-01,BU06,Operations,M1,6.538,0.656,3.36,0.6,0.576,0,0.684805
E00267,2024-01-01,BU03,Admin,M2,2.081,0.567,2.96,0.6,0.374,0,0.770962
E00268,2024-01-01,BU01,Operations,IC2,4.613,0.566,2.85,1.283,0.757,0,0.764205
E00269,2024-01-01,BU08,Education,IC2,2.092,0.448,3.62,0.946,0.587,0,0.714751
E00270,2024-01-01,BU05,Finance,M1,9.29,0.566,3.32,0.711,0.827,0,0.787955
E00271,2024-01-01,BU05,Clinical,IC2,2.951,0.548,3.42,0.6,0.479,0,0.771067
E00272,2024-01-01,BU04,Clinical,IC1,6.489,0.684,3.14,0.6,0.747,0,0.751701
E00273,2024-01-01,BU06,Admin,M1,0.0,0.758,3.74,0.7,0.444,0,0.507057
E00274,2024-01-01,BU03,IT,IC1,9.662,0.633,3.7,1.289,0.568,0,0.534043
E00275,2024-01-01,BU09,Education,IC3,2.913,0.619,3.4,0.885,0.575,0,0.690365
E00276,2024-01-01,BU05,Admin,IC3,6.146,0.637,3.63,0.72,0.486,0,0.623499
E00277,2024-01-01,BU03,IT,IC2,4.778,0.53,3.38,0.6,0.617,0,0.762635
E00278,2024-01-01,BU01,Operations,IC2,2.486,0.696,2.84,1.6,0.662,0,0.595537
E00279,2024-01-01,BU10,Education,M1,6.579,0.5,3.92,0.645,0.465,0,0.650024
E00280,2024-01-01,BU06,Operations,IC1,7.058,0.741,3.93,0.919,0.931,0,0.62265
E00281,2024-01-01,BU02,Finance,IC1,1.889,0.614,3.57,0.858,0.579,0,0.635081
E00282,2024-01-01,BU03,Education,IC3,7.535,0.643,3.3,0.622,0.583,0,0.717167
E00283,2024-01-01,BU01,IT,IC2,1.878,0.406,3.33,1.023,0.54,0,0.74343
E00284,2024-01-01,BU09,Finance,IC1,8.912,0.69,3.57,1.011,0.648,0,0.556308
E00285,2024-01-01,BU08,Clinical,M1,8.841,0.649,3.9,0.704,0.638,0,0.646923
E00286,2024-01-01,BU02,IT,IC2,8.167,0.467,3.63,0.761,0.601,0,0.697386
E00287,2024-01-01,BU08,Admin,M1,4.778,0.584,4.15,0.6,0.542,0,0.586987
E00288,2024-01-01,BU09,Clinical,M1,7.855,0.592,3.68,0.679,0.775,0,0.676244
E00289,2024-01-01,BU01,Clinical,IC3,1.678,0.517,3.21,0.751,0.656,0,0.78308
E00290,2024-01-01,BU05,Admin,IC2,6.286,0.572,2.68,0.743,0.517,0,0.834707
E00291,2024-01-01,BU08,Education,M2,9.569,0.587,3.86,0.6,0.565,0,0.615616
E00292,2024-01-01,BU02,Clinical,IC1,6.979,0.64,3.91,1.057,0.729,0,0.516528
E00293,2024-01-01,BU04,IT,IC3,9.418,0.666,2.66,0.744,0.847,0,0.786051
E00294,2024-01-01,BU07,Finance,IC1,5.018,0.41,3.65,0.778,0.465,0,0.699752
E00295,2024-01-01,BU03,Clinical,IC2,6.442,0.493,3.05,0.6,0.596,0,0.803493
E00296,2024-01-01,BU05,IT,IC2,2.245,0.467,2.97,0.843,0.579,0,0.779816
E00297,2024-01-01,BU08,Operations,M2,2.773,0.525,3.3,0.6,0.737,0,0.805013
E00298,2024-01-01,BU10,IT,M2,3.94,0.604,3.27,0.6,0.491,0,0.73098
E00299,2024-01-01,BU03,Finance,IC1,7.598,0.649,2.81,0.794,0.543,0,0.711146
E00300,2024-01-01,BU04,IT,IC1,9.733,0.512,3.53,0.731,0.541,0,0.649046
E00301,2024-01-01,BU09,Admin,IC3,9.194,0.665,3.51,0.79,0.437,0,0.610311
E00302,2024-01-01,BU07,Finance,IC2,0.0,0.509,3.22,0.6,0.566,0,0.832374
E00303,2024-01-01,BU01,Education,IC1,7.962,0.546,3.43,1.6,0.576,0,0.527218
E00304,2024-01-01,BU04,Operations,IC3,4.241,0.37,3.49,0.6,0.806,0,0.854989
E00305,2024-01-01,BU04,Admin,IC2,3.995,0.515,2.93,0.6,0.517,0,0.804791
E00306,2024-01-01,BU09,Education,M2,4.036,0.712,3.53,0.6,0.696,0,0.702958
E00307,2024-01-01,BU06,IT,IC1,4.753,0.656,3.28,0.922,0.666,0,0.669181
E00308,2024-01-01,BU09,Finance,IC2,4.345,0.589,2.99,1.139,0.348,0,0.607247
E00309,2024-01-01,BU06,Operations,IC2,7.63,0.669,3.47,0.865,0.804,0,0.692611
E00310,2024-01-01,BU06,Admin,M1,4.895,0.629,3.72,0.6,0.583,0,0.643996
E00311,2024-01-01,BU05,Education,IC2,2.582,0.467,3.19,0.645,0.402,0,0.812821
E00312,2024-01-01,BU05,Education,IC3,0.0,0.639,3.11,0.709,0.571,0,0.737885
E00313,2024-01-01,BU02,Operations,IC1,0.0,0.526,3.91,0.6,0.663,0,0.718903
E00314,2024-01-01,BU08,IT,M1,8.131,0.716,3.67,0.811,0.472,0,0.470937
E00315,2024-01-01,BU08,Operations,IC2,5.103,0.651,3.52,0.6,0.665,0,0.670412
E00316,2024-01-01,BU01,Education,IC1,9.131,0.585,3.13,1.508,0.717,0,0.608906
E00317,2024-01-01,BU08,Clinical,IC3,9.81,0.574,3.4,0.708,0.816,0,0.749303
E00318,2024-01-01,BU05,Admin,IC1,5.292,0.725,3.5,1.147,0.522,0,0.489582
E00319,2024-01-01,BU02,Operations,IC1,7.493,0.487,3.08,1.383,0.681,0,0.69136
E00320,2024-01-01,BU02,Education,M1,6.45,0.676,3.17,0.662,0.631,0,0.714617
E00321,2024-01-01,BU06,IT,IC2,7.154,0.575,3.74,0.96,0.491,0,0.549947
E00322,2024-01-01,BU09,Education,IC3,9.528,0.625,3.48,0.6,0.721,0,0.77084
E00323,2024-01-01,BU01,IT,IC2,9.363,0.648,3.02,0.861,0.432,0,0.688669
E00324,2024-01-01,BU06,Operations,M1,5.717,0.489,3.5,0.6,0.612,0,0.712402
E00325,2024-01-01,BU09,IT,IC1,4.359,0.601,4.58,0.852,0.475,1,0.535062
E00326,2024-01-01,BU08,Finance,IC2,7.71,0.553,3.56,1.483,0.578,0,0.531793
E00327,2024-01-01,BU06,Finance,M2,1.372,0.475,3.49,0.6,0.616,0,0.76938
E00328,2024-01-01,BU03,Finance,M1,5.317,0.696,3.15,0.6,0.475,0,0.713204
E00329,2024-01-01,BU08,Clinical,IC2,2.812,0.601,3.94,0.79,0.63,0,0.628659
E00330,2024-01-01,BU09,Operations,IC2,9.821,0.533,3.48,0.716,0.782,0,0.776432
E00331,2024-01-01,BU01,Education,M1,5.166,0.579,3.24,0.6,0.588,1,0.837596
E00332,2024-01-01,BU09,Education,IC2,7.855,0.607,3.56,0.944,0.573,0,0.608156
E00333,2024-01-01,BU06,Clinical,M1,9.196,0.656,3.58,0.6,0.537,0,0.655638
E00334,2024-01-01,BU06,IT,M1,6.787,0.453,3.32,0.6,0.605,0,0.82459
E00335,2024-01-01,BU04,Clinical,IC1,5.796,0.584,2.82,0.6,0.585,0,0.850418
E00336,2024-01-01,BU01,IT,IC1,3.619,0.605,3.59,1.191,0.536,0,0.542091
E00337,2024-01-01,BU10,IT,IC3,9.662,0.654,3.53,0.686,0.602,0,0.692469
E00338,2024-01-01,BU08,Admin,IC1,7.841,0.789,3.56,0.95,0.486,0,0.524499
E00339,2024-01-01,BU02,Education,IC2,8.038,0.582,2.81,0.969,0.499,0,0.717619
E00340,2024-01-01,BU01,Finance,M2,1.248,0.519,3.58,0.6,0.43,0,0.668459
E00341,2024-01-01,BU02,IT,IC3,0.586,0.385,3.24,0.855,0.598,0,0.776628
E00342,2024-01-01,BU01,Admin,M1,4.632,0.457,3.57,0.6,0.413,0,0.789062
E00343,2024-01-01,BU01,Education,IC3,0.575,0.45,3.41,1.022,0.726,0,0.698356
E00344,2024-01-01,BU09,Finance,IC3,7.948,0.525,2.9,0.6,0.707,0,0.85332
E00345,2024-01-01,BU01,IT,IC1,2.642,0.559,3.52,0.6,0.575,0,0.680674
E00346,2024-01-01,BU04,IT,IC2,2.308,0.566,3.21,0.632,0.591,0,0.765137
E00347,2024-01-01,BU10,Clinical,IC2,8.082,0.552,3.6,0.711,0.812,0,0.736732
E00348,2024-01-01,BU06,Clinical,IC2,4.246,0.602,3.71,0.605,0.86,0,0.770306
E00349,2024-01-01,BU07,Education,M1,3.855,0.586,3.81,0.6,0.598,0,0.682205
E00350,2024-01-01,BU02,Finance,IC2,8.939,0.561,3.43,1.06,0.605,0,0.622026
E00351,2024-01-01,BU06,IT,IC2,0.0,0.438,3.58,0.697,0.79,0,0.738496
E00352,2024-01-01,BU07,Education,IC2,0.115,0.503,4.07,0.622,0.562,0,0.592499
E00353,2024-01-01,BU10,Education,IC1,8.323,0.515,3.34,0.628,0.698,0,0.784408
E00354,2024-01-01,BU10,Operations,IC2,0.241,0.667,3.14,0.635,0.541,1,0.781387
E00355,2024-01-01,BU02,Clinical,IC1,9.32,0.542,3.16,0.6,0.697,0,0.803153
E00356,2024-01-01,BU02,Finance,IC1,2.311,0.633,3.55,0.684,0.547,0,0.690321
E00357,2024-01-01,BU10,IT,IC1,9.582,0.652,3.85,1.437,0.648,0,0.451824
E00358,2024-01-01,BU07,Education,IC2,1.363,0.4,3.29,0.6,0.539,0,0.835648
E00359,2024-01-01,BU01,IT,M1,0.0,0.484,3.63,0.651,0.358,0,0.673261
E00360,2024-01-01,BU08,Operations,IC2,4.994,0.574,3.54,0.6,0.637,0,0.698675
E00361,2024-01-01,BU03,Finance,IC2,3.198,0.697,2.9,1.364,0.482,0,0.496218
E00362,2024-01-01,BU06,Education,IC3,0.684,0.53,3.22,1.181,0.696,0,0.692347
E00363,2024-01-01,BU09,IT,IC1,3.943,0.518,3.34,1.116,0.57,0,0.655102
E00364,2024-01-01,BU06,Clinical,M1,0.389,0.608,2.88,1.049,0.812,0,0.759428
E00365,2024-01-01,BU09,Operations,IC2,7.937,0.567,3.76,0.896,0.804,0,0.690093
E00366,2024-01-01,BU07,Finance,IC2,8.794,0.703,3.77,0.993,0.689,0,0.567034
E00367,2024-01-01,BU09,Operations,IC3,1.728,0.533,3.24,0.935,0.663,0,0.701261
E00368,2024-01-01,BU02,Clinical,IC1,2.355,0.562,3.62,0.947,0.821,0,0.655323
E00369,2024-01-01,BU08,Finance,IC3,0.515,0.52,3.42,0.6,0.591,0,0.745192
E00370,2024-01-01,BU08,Operations,IC2,3.214,0.569,3.86,0.92,0.856,0,0.660081
E00371,2024-01-01,BU02,Admin,M1,1.024,0.447,3.05,0.6,0.581,0,0.855296
E00372,2024-01-01,BU04,Clinical,IC1,6.459,0.677,3.08,0.793,0.56,0,0.643711
E00373,2024-01-01,BU07,Clinical,IC2,6.371,0.686,2.99,0.816,0.77,0,0.711549
E00374,2024-01-01,BU04,Clinical,IC3,9.864,0.543,3.0,0.762,0.697,0,0.764052
E00375,2024-01-01,BU04,Admin,IC1,2.207,0.577,3.55,0.983,0.449,0,0.609811
E00376,2024-01-01,BU06,Admin,IC2,7.129,0.634,3.28,0.976,0.413,0,0.63846
E00377,2024-01-01,BU10,IT,IC3,3.395,0.605,3.3,0.6,0.384,0,0.689946
E00378,2024-01-01,BU06,Education,M1,8.819,0.641,3.53,0.6,0.609,0,0.725843
E00379,2024-01-01,BU10,Operations,IC2,8.501,0.662,3.26,1.01,0.911,0,0.723043
E00380,2024-01-01,BU03,IT,M1,3.803,0.636,3.43,0.919,0.609,0,0.708664
E00381,2024-01-01,BU09,Operations,M2,4.438,0.632,3.49,0.955,0.588,0,0.634129
E00382,2024-01-01,BU10,Education,M1,7.149,0.639,3.57,0.606,0.674,0,0.691254
E00383,2024-01-01,BU02,Admin,IC1,1.062,0.639,3.54,1.197,0.556,0,0.579496
E00384,2024-01-01,BU06,Education,IC3,0.857,0.548,3.65,1.257,0.773,0,0.545953
E00385,2024-01-01,BU07,Admin,IC2,4.194,0.622,3.43,0.604,0.73,0,0.697235
E00386,2024-01-01,BU09,Education,M2,0.559,0.47,3.18,0.6,0.543,0,0.776392
E00387,2024-01-01,BU03,IT,IC2,0.802,0.587,3.16,1.009,0.666,0,0.722621
E00388,2024-01-01,BU10,Finance,IC1,4.83,0.561,3.35,1.494,0.461,0,0.522956
E00389,2024-01-01,BU03,IT,IC3,9.265,0.703,3.09,0.6,0.577,0,0.733665
E00390,2024-01-01,BU07,Operations,IC2,6.434,0.461,3.46,0.6,0.569,0,0.809561
E00391,2024-01-01,BU04,IT,M2,0.638,0.559,3.55,0.6,0.665,0,0.726868
E00392,2024-01-01,BU08,Clinical,M2,4.082,0.553,2.83,0.6,0.665,0,0.834652
E00393,2024-01-01,BU07,Operations,IC3,4.192,0.581,3.21,0.908,0.695,0,0.748395
E00394,2024-01-01,BU05,Education,IC1,0.0,0.435,4.0,1.099,0.56,0,0.606125
E00395,2024-01-01,BU07,Operations,IC3,5.306,0.569,2.88,0.607,0.821,0,0.863815
E00396,2024-01-01,BU03,Finance,IC1,9.985,0.709,3.85,1.076,0.63,0,0.549731
E00397,2024-01-01,BU02,Admin,IC1,2.456,0.589,3.22,1.01,0.465,0,0.63681
E00398,2024-01-01,BU06,Education,M1,5.53,0.616,3.27,0.953,0.5,0,0.671698
E00399,2024-01-01,BU02,Operations,IC1,5.227,0.666,3.2,0.933,0.653,0,0.685182
E00400,2024-01-01,BU03,Education,IC2,3.075,0.602,3.31,0.644,0.649,0,0.694442
E00401,2024-01-01,BU06,Education,M2,6.311,0.644,3.29,0.6,0.572,0,0.767452
E00402,2024-01-01,BU05,Education,IC2,4.986,0.645,3.4,0.744,0.674,0,0.744649
E00403,2024-01-01,BU08,Admin,IC2,6.749,0.603,3.51,0.6,0.565,0,0.700449
E00404,2024-01-01,BU09,IT,M1,7.288,0.544,3.32,0.6,0.546,0,0.729547
E00405,2024-01-01,BU03,Education,IC1,3.74,0.518,3.27,0.923,0.745,0,0.689104
E00406,2024-01-01,BU10,Clinical,M1,2.185,0.609,3.63,0.6,0.826,0,0.780469
E00407,2024-01-01,BU03,Finance,M2,6.823,0.665,3.57,0.63,0.351,0,0.62577
E00408,2024-01-01,BU03,Admin,M1,8.266,0.458,3.36,0.6,0.371,0,0.788711
E00409,2024-01-01,BU06,Operations,IC3,0.884,0.571,3.2,0.752,0.599,0,0.751506
E00410,2024-01-01,BU01,Admin,IC2,7.691,0.727,2.77,0.703,0.541,0,0.747549
E00411,2024-01-01,BU07,Operations,IC2,9.53,0.586,3.19,0.777,0.76,0,0.679074
E00412,2024-01-01,BU01,Admin,M1,2.888,0.571,3.66,0.6,0.421,0,0.635854
E00413,2024-01-01,BU05,Operations,M1,7.359,0.641,3.02,0.6,0.918,0,0.836584
E00414,2024-01-01,BU10,Education,IC2,0.364,0.541,4.15,0.72,0.341,0,0.59764
E00415,2024-01-01,BU08,IT,IC1,3.929,0.528,3.63,1.6,0.503,0,0.4746
E00416,2024-01-01,BU04,Operations,IC1,0.019,0.682,3.64,0.604,0.546,0,0.637896
E00417,2024-01-01,BU05,Operations,IC1,5.823,0.764,3.46,0.931,0.753,0,0.612661
E00418,2024-01-01,BU04,Clinical,IC3,0.181,0.508,3.74,0.902,0.849,0,0.70022
E00419,2024-01-01,BU04,Operations,IC2,5.314,0.584,3.04,0.774,0.745,0,0.751
E00420,2024-01-01,BU08,Clinical,M1,3.666,0.632,3.99,0.695,0.719,0,0.60595
E00421,2024-01-01,BU02,Finance,IC3,1.555,0.476,3.46,0.6,0.644,0,0.7136
E00422,2024-01-01,BU01,Education,IC1,5.719,0.482,3.88,1.073,0.481,0,0.566249
E00423,2024-01-01,BU03,Clinical,IC3,9.185,0.634,3.86,0.6,0.668,0,0.642971
E00424,2024-01-01,BU09,IT,IC2,0.86,0.61,3.91,0.815,0.668,0,0.574122
E00425,2024-01-01,BU04,Education,IC3,0.151,0.678,3.76,0.667,0.607,0,0.64883
E00426,2024-01-01,BU10,Clinical,IC3,9.394,0.57,4.48,1.464,0.56,0,0.317372
E00427,2024-01-01,BU05,Education,M1,8.134,0.647,3.13,0.616,0.731,0,0.773385
E00428,2024-01-01,BU02,Education,M1,4.542,0.439,2.94,0.6,0.445,0,0.85663
E00429,2024-01-01,BU04,Education,IC2,1.602,0.505,2.81,0.6,0.643,0,0.817092
E00430,2024-01-01,BU02,Finance,IC1,2.278,0.496,3.24,0.876,0.405,0,0.68586
E00431,2024-01-01,BU02,IT,IC3,5.925,0.512,3.53,0.938,0.497,0,0.65833
E00432,2024-01-01,BU04,Admin,IC1,9.602,0.638,3.33,0.876,0.633,0,0.683151
E00433,2024-01-01,BU06,Admin,IC2,3.548,0.483,3.27,0.677,0.618,0,0.774294
E00434,2024-01-01,BU07,Clinical,IC1,5.667,0.67,3.54,0.732,0.778,0,0.734256
E00435,2024-01-01,BU10,Education,IC3,4.512,0.628,3.6,0.823,0.558,0,0.612183
E00436,2024-01-01,BU03,Clinical,IC1,3.526,0.601,4.17,1.223,0.678,0,0.458801
E00437,2024-01-01,BU03,Finance,IC3,7.474,0.54,3.25,1.08,0.706,0,0.703873
E00438,2024-01-01,BU10,Finance,M2,0.753,0.567,3.81,0.6,0.404,0,0.653456
E00439,2024-01-01,BU06,Operations,IC1,7.116,0.709,3.38,1.112,0.625,0,0.607605
E00440,2024-01-01,BU03,Finance,IC1,5.363,0.454,3.2,0.84,0.766,0,0.83042
E00441,2024-01-01,BU02,Operations,IC2,4.496,0.693,3.07,0.645,0.823,0,0.749775
E00442,2024-01-01,BU08,IT,M1,1.284,0.608,3.3,0.6,0.597,0,0.717636
E00443,2024-01-01,BU05,Clinical,IC1,5.435,0.637,2.57,1.086,0.772,0,0.787562
E00444,2024-01-01,BU01,IT,IC2,9.782,0.7,3.27,0.884,0.584,0,0.692137
E00445,2024-01-01,BU03,Finance,IC1,6.809,0.655,3.3,0.686,0.59,0,0.683501
E00446,2024-01-01,BU10,IT,M1,5.399,0.652,3.49,0.6,0.656,0,0.697676
E00447,2024-01-01,BU08,IT,IC2,0.643,0.566,3.36,1.208,0.42,0,0.535929
E00448,2024-01-01,BU04,IT,M1,0.745,0.609,3.91,0.6,0.676,0,0.692685
E00449,2024-01-01,BU07,Finance,M1,5.374,0.666,3.23,0.6,0.354,0,0.671211
E00450,2024-01-01,BU10,Education,IC1,3.513,0.663,4.03,1.295,0.512,0,0.415333
E00451,2024-01-01,BU02,IT,M1,6.897,0.483,3.74,0.63,0.547,0,0.684144
E00452,2024-01-01,BU07,Operations,IC1,9.733,0.549,3.05,1.161,0.597,0,0.67448
E00453,2024-01-01,BU05,Finance,M1,5.079,0.718,3.16,0.662,0.431,0,0.633754
E00454,2024-01-01,BU05,IT,IC3,3.107,0.56,3.99,0.6,0.587,0,0.625311
E00455,2024-01-01,BU06,Education,M1,0.75,0.7,3.29,0.6,0.746,0,0.741715
E00456,2024-01-01,BU09,Finance,IC1,0.526,0.658,3.5,1.142,0.75,0,0.603915
E00457,2024-01-01,BU06,Admin,IC1,4.548,0.69,3.59,1.47,0.645,0,0.45524
E00458,2024-01-01,BU08,Education,IC2,5.936,0.69,2.99,0.827,0.678,0,0.76701
E00459,2024-01-01,BU07,Operations,IC2,6.36,0.581,3.46,0.637,0.744,0,0.782056
E00460,2024-01-01,BU09,IT,IC1,8.528,0.522,3.59,0.728,0.456,0,0.673546
E00461,2024-01-01,BU04,Admin,IC2,6.825,0.547,3.28,0.941,0.636,0,0.732664
E00462,2024-01-01,BU02,Admin,IC1,0.271,0.392,3.19,0.854,0.501,0,0.752248
E00463,2024-01-01,BU07,Finance,IC2,0.914,0.569,3.13,0.759,0.53,0,0.766423
E00464,2024-01-01,BU06,Admin,M1,7.097,0.59,2.98,0.717,0.432,0,0.694013
E00465,2024-01-01,BU01,Operations,IC2,0.411,0.665,2.97,0.6,0.659,0,0.838247
E00466,2024-01-01,BU09,Operations,IC1,9.213,0.68,3.29,1.6,0.64,0,0.463188
E00467,2024-01-01,BU09,Clinical,IC2,2.784,0.594,3.17,0.652,0.727,0,0.772957
E00468,2024-01-01,BU02,Operations,IC1,5.035,0.427,3.07,1.05,0.714,0,0.787992
E00469,2024-01-01,BU03,Education,M2,6.664,0.527,3.45,0.6,0.688,0,0.794545
E00470,2024-01-01,BU05,Admin,IC1,2.533,0.604,3.59,0.747,0.36,0,0.56992
E00471,2024-01-01,BU05,Operations,IC3,3.222,0.443,2.93,0.929,0.76,1,0.8796
E00472,2024-01-01,BU01,Finance,M2,8.542,0.508,3.48,0.6,0.631,0,0.746069
E00473,2024-01-01,BU08,Clinical,M1,9.681,0.541,3.37,0.801,0.864,1,0.858357
E00474,2024-01-01,BU08,Admin,IC3,0.0,0.414,3.81,0.6,0.58,0,0.686426
E00475,2024-01-01,BU04,Clinical,M1,6.724,0.614,3.12,0.643,0.782,0,0.830619
E00476,2024-01-01,BU07,Admin,M2,2.995,0.55,3.29,0.6,0.492,0,0.690716
E00477,2024-01-01,BU10,Finance,IC3,8.731,0.773,2.87,0.697,0.319,1,0.731706
E00478,2024-01-01,BU03,Clinical,IC3,7.932,0.461,3.0,0.6,0.61,0,0.779529
E00479,2024-01-01,BU06,IT,IC3,9.081,0.602,3.65,0.6,0.583,0,0.659344
E00480,2024-01-01,BU10,Education,IC2,9.944,0.414,3.72,0.6,0.599,0,0.756252
E00481,2024-01-01,BU10,Education,IC3,7.228,0.551,3.46,0.704,0.483,0,0.654186
E00482,2024-01-01,BU09,Admin,IC2,0.0,0.591,3.25,1.319,0.73,0,0.63076
E00483,2024-01-01,BU01,IT,IC1,5.651,0.572,3.15,0.6,0.628,0,0.747782
E00484,2024-01-01,BU05,Clinical,IC1,7.121,0.5,3.43,0.69,0.87,0,0.79595
E00485,2024-01-01,BU04,IT,IC1,9.752,0.608,3.25,0.863,0.503,0,0.68586
E00486,2024-01-01,BU08,IT,IC2,9.101,0.615,3.88,0.899,0.647,0,0.626913
E00487,2024-01-01,BU01,Clinical,IC1,2.809,0.517,3.25,1.311,0.863,0,0.675424
E00488,2024-01-01,BU09,Finance,IC3,0.98,0.535,3.82,0.6,0.47,0,0.631766
E00489,2024-01-01,BU06,IT,IC2,0.0,0.542,4.29,0.716,0.49,0,0.543246
E00490,2024-01-01,BU04,IT,M1,8.849,0.609,3.3,0.811,0.785,0,0.707126
E00491,2024-01-01,BU09,Finance,IC1,7.4,0.628,3.27,1.181,0.523,0,0.629354
E00492,2024-01-01,BU05,IT,IC1,8.246,0.555,3.07,1.101,0.59,0,0.704464
E00493,2024-01-01,BU05,IT,IC3,7.663,0.467,3.0,0.649,0.382,0,0.739105
E00494,2024-01-01,BU05,IT,IC3,3.455,0.563,3.18,0.864,0.66,0,0.761979
E00495,2024-01-01,BU01,Education,IC1,9.24,0.573,3.4,0.724,0.448,0,0.70501
E00496,2024-01-01,BU01,Operations,M1,0.055,0.63,3.13,0.6,0.394,0,0.703717
E00497,2024-01-01,BU08,Finance,M1,2.883,0.615,3.39,0.665,0.569,0,0.72218
E00498,2024-01-01,BU08,IT,IC2,0.37,0.529,3.96,0.6,0.595,0,0.703444
E00499,2024-01-01,BU06,Education,IC2,0.901,0.593,2.69,0.797,0.566,0,0.801986
E00500,2024-01-01,BU04,Finance,M2,0.75,0.467,3.48,0.6,0.556,0,0.747809
E00001,2024-02-01,BU03,Operations,IC2,4.0,0.8,2.73,0.89,0.616,0,0.667426
E00002,2024-02-01,BU05,Education,IC2,6.91,0.726,3.1,1.6,0.594,0,0.537694
E00003,2024-02-01,BU01,Operations,IC2,0.0,0.498,3.27,0.624,0.649,0,0.765176
E00004,2024-02-01,BU01,Clinical,IC1,2.543,0.71,3.07,1.223,0.88,0,0.682047
E00005,2024-02-01,BU10,Finance,IC2,5.815,0.435,3.72,0.6,0.634,0,0.784271
E00006,2024-02-01,BU09,IT,M2,3.307,0.713,3.56,0.6,0.637,0,0.672843
E00007,2024-02-01,BU07,Operations,IC1,0.717,0.415,3.71,1.102,0.599,0,0.674215
E00008,2024-02-01,BU01,Finance,IC1,7.937,0.519,2.34,1.48,0.561,0,0.701802
E00009,2024-02-01,BU08,Clinical,IC2,3.236,0.495,3.52,0.6,0.711,0,0.730381
E00010,2024-02-01,BU03,Admin,M1,0.0,0.653,3.48,0.664,0.631,0,0.733421
E00011,2024-02-01,BU08,Education,IC3,0.0,0.534,3.12,0.6,0.653,0,0.803482
E00012,2024-02-01,BU05,Finance,IC3,2.374,0.464,3.17,0.6,0.477,0,0.778982
E00013,2024-02-01,BU01,Finance,IC1,5.744,0.715,3.58,0.994,0.728,0,0.574527
E00014,2024-02-01,BU07,Admin,IC3,6.344,0.637,3.74,1.188,0.472,0,0.463836
E00015,2024-02-01,BU05,Finance,IC2,2.806,0.464,3.18,0.6,0.628,0,0.78148
E00016,2024-02-01,BU06,Clinical,M1,2.289,0.558,3.43,0.6,0.684,0,0.709876
E00017,2024-02-01,BU06,Clinical,IC3,7.718,0.54,3.19,0.6,0.677,0,0.797427
E00018,2024-02-01,BU08,Admin,IC1,4.364,0.743,3.62,0.8,0.736,0,0.669659
E00019,2024-02-01,BU09,Education,IC1,5.44,0.695,3.14,1.576,0.836,0,0.57103
E00020,2024-02-01,BU02,IT,IC1,8.895,0.617,3.57,0.779,0.599,0,0.627332
E00021,2024-02-01,BU09,Operations,IC2,3.061,0.599,4.37,1.139,0.705,0,0.461412
E00022,2024-02-01,BU10,IT,IC2,4.92,0.52,3.57,1.015,0.719,0,0.644303
E00023,2024-02-01,BU09,Finance,IC3,8.808,0.525,3.24,0.6,0.49,0,0.775
E00024,2024-02-01,BU10,Operations,IC2,5.993,0.507,3.55,0.6,0.882,0,0.80521
E00025,2024-02-01,BU10,Admin,IC2,10.078,0.627,3.71,0.6,0.496,0,0.661316
E00026,2024-02-01,BU07,Admin,IC1,0.589,0.556,3.79,0.668,0.561,0,0.67005
E00027,2024-02-01,BU01,Education,IC1,4.485,0.63,3.37,1.016,0.681,0,0.661065
E00028,2024-02-01,BU07,Operations,M1,1.53,0.535,4.08,0.6,0.619,0,0.654874
E00029,2024-02-01,BU10,Clinical,IC1,9.681,0.627,3.86,0.783,0.767,0,0.66534
E00030,2024-02-01,BU05,Operations,IC3,0.0,0.59,2.99,0.6,0.88,0,0.859445
E00031,2024-02-01,BU06,Finance,M1,0.057,0.533,2.97,0.6,0.575,0,0.777613
E00032,2024-02-01,BU10,Clinical,IC3,0.567,0.595,3.55,0.6,0.661,0,0.742777
E00033,2024-02-01,BU07,Admin,M1,7.576,0.636,2.93,0.6,0.551,0,0.781793
E00034,2024-02-01,BU05,Operations,IC2,3.381,0.366,3.11,0.86,0.597,0,0.825411
E00035,2024-02-01,BU07,IT,M2,6.847,0.491,3.48,0.6,0.456,0,0.726482
E00036,2024-02-01,BU09,Education,IC1,1.413,0.666,3.67,0.6,0.71,0,0.71443
E00037,2024-02-01,BU03,IT,IC1,8.03,0.671,3.72,1.6,0.699,0,0.431751
E00038,2024-02-01,BU08,Education,IC3,6.073,0.686,3.16,0.6,0.606,0,0.746111
E00039,2024-02-01,BU02,Finance,M2,7.825,0.554,3.24,0.6,0.534,0,0.778844
E00040,2024-02-01,BU07,IT,M1,3.368,0.541,3.24,0.6,0.452,0,0.738298
E00041,2024-02-01,BU02,Operations,IC1,5.599,0.522,3.33,1.6,0.988,0,0.604019
E00042,2024-02-01,BU04,Operations,IC2,1.216,0.554,3.47,0.664,0.751,0,0.714236
E00043,2024-02-01,BU07,IT,M2,3.852,0.584,3.3,0.612,0.514,0,0.763869
E00044,2024-02-01,BU03,Operations,IC2,9.076,0.561,3.61,0.744,0.857,0,0.770369
E00045,2024-02-01,BU02,Finance,M1,6.771,0.483,3.09,0.6,0.656,0,0.797518
E00046,2024-02-01,BU10,Clinical,M1,1.136,0.647,3.82,0.73,0.74,0,0.711473
E00047,2024-02-01,BU07,Finance,IC2,8.394,0.647,3.21,0.6,0.791,0,0.768065
E00048,2024-02-01,BU01,Education,IC2,0.857,0.626,3.48,0.6,0.54,0,0.681929
E00049,2024-02-01,BU08,Finance,IC2,1.123,0.581,3.34,0.639,0.603,0,0.748525
E00050,2024-02-01,BU03,Education,IC1,0.4,0.545,2.72,0.607,0.574,0,0.829041
E00051,2024-02-01,BU02,Operations,M1,5.569,0.541,3.34,0.6,0.838,0,0.776338
E00052,2024-02-01,BU03,Clinical,IC2,8.153,0.57,2.95,1.0,0.697,0,0.755174
E00053,2024-02-01,BU05,Operations,M1,6.817,0.672,3.38,0.6,0.65,0,0.695875
E00054,2024-02-01,BU08,Admin,IC1,3.885,0.603,4.12,1.46,0.567,0,0.42316
E00055,2024-02-01,BU10,Operations,M2,2.286,0.513,3.67,0.6,0.653,0,0.750544
E00056,2024-02-01,BU07,Education,IC2,7.74,0.655,3.22,1.092,0.743,0,0.634303
E00057,2024-02-01,BU07,Operations,IC1,9.755,0.66,3.57,0.959,0.663,0,0.619143
E00058,2024-02-01,BU07,Operations,IC1,6.861,0.623,3.41,0.779,0.608,0,0.661724
E00059,2024-02-01,BU08,Clinical,IC3,8.131,0.622,3.0,1.124,0.788,0,0.699693
E00060,2024-02-01,BU01,Operations,IC3,2.418,0.514,3.73,0.6,0.871,0,0.786436
E00061,2024-02-01,BU04,Clinical,M1,6.771,0.613,3.64,0.6,0.643,0,0.693169
E00062,2024-02-01,BU06,IT,IC1,8.208,0.637,3.17,1.217,0.616,0,0.612589
E00063,2024-02-01,BU09,Admin,IC1,4.756,0.538,3.84,1.236,0.528,1,0.608882
E00064,2024-02-01,BU02,Clinical,IC2,4.799,0.536,2.65,0.6,0.688,0,0.860166
E00065,2024-02-01,BU01,Education,IC2,0.695,0.466,3.37,1.062,0.646,0,0.72688
E00066,2024-02-01,BU10,IT,IC2,6.585,0.605,3.45,0.6,0.577,0,0.774999
E00067,2024-02-01,BU02,Clinical,M2,4.383,0.458,2.85,0.6,0.853,0,0.893937
E00068,2024-02-01,BU07,Clinical,M2,8.534,0.728,3.56,0.6,0.778,0,0.692028
E00069,2024-02-01,BU03,Admin,M2,0.736,0.455,2.54,0.643,0.527,0,0.938698
E00070,2024-02-01,BU10,Education,M1,8.318,0.663,3.57,0.6,0.75,1,0.854341
E00071,2024-02-01,BU02,Finance,IC2,0.287,0.536,2.97,0.92,0.617,0,0.772616
E00072,2024-02-01,BU07,Finance,IC2,6.571,0.676,3.26,1.011,0.536,0,0.646084
E00073,2024-02-01,BU02,Clinical,IC2,2.286,0.615,2.96,0.855,0.82,0,0.792175
E00074,2024-02-01,BU03,Operations,M1,3.74,0.624,3.59,0.6,0.61,0,0.66664
E00075,2024-02-01,BU07,Education,IC1,1.908,0.549,3.81,1.232,0.79,0,0.596492
E00076,2024-02-01,BU04,IT,IC2,2.582,0.601,2.96,0.802,0.694,0,0.756938
E00077,2024-02-01,BU01,Operations,IC1,5.235,0.492,3.61,0.6,0.545,0,0.713874
E00078,2024-02-01,BU05,Operations,IC2,8.203,0.48,3.2,0.642,0.496,0,0.753604
E00079,2024-02-01,BU09,Education,M1,5.979,0.713,3.88,0.6,0.567,0,0.655586
E00080,2024-02-01,BU08,Clinical,M1,2.144,0.58,3.82,0.889,0.547,0,0.559552
E00081,2024-02-01,BU09,Clinical,IC1,0.367,0.541,3.37,1.469,0.696,0,0.590174
E00082,2024-02-01,BU10,Clinical,M2,1.298,0.638,2.98,0.686,0.686,0,0.793083
E00083,2024-02-01,BU09,Clinical,IC3,1.298,0.502,3.66,0.633,0.825,0,0.737084
E00084,2024-02-01,BU07,Finance,IC1,9.169,0.602,2.73,1.327,0.66,0,0.71158
E00085,2024-02-01,BU04,Clinical,IC2,2.031,0.4,3.81,0.6,0.705,0,0.806426
E00086,2024-02-01,BU05,Finance,IC2,3.652,0.615,3.05,0.797,0.677,1,0.831353
E00087,2024-02-01,BU01,Finance,IC1,1.517,0.425,3.1,1.024,0.4,0,0.714552
E00088,2024-02-01,BU01,Clinical,M2,2.494,0.485,3.12,0.6,0.677,0,0.862845
E00089,2024-02-01,BU03,Admin,IC2,9.322,0.814,3.04,0.783,0.63,0,0.674967
E00090,2024-02-01,BU08,IT,M1,2.352,0.705,2.91,0.869,0.44,0,0.652475
E00091,2024-02-01,BU02,Operations,IC2,2.998,0.555,3.81,0.907,0.689,0,0.658093
E00092,2024-02-01,BU04,Finance,IC1,0.0,0.605,3.14,1.335,0.677,0,0.682043
E00093,2024-02-01,BU02,Education,IC2,7.264,0.491,2.34,0.6,0.659,0,0.853906
E00094,2024-02-01,BU05,Education,IC1,9.938,0.509,3.05,1.6,0.553,0,0.603116
E00095,2024-02-01,BU09,IT,IC2,2.754,0.49,3.87,0.662,0.596,0,0.691631
E00096,2024-02-01,BU01,Education,M1,7.745,0.55,2.81,0.6,0.693,0,0.872373
E00097,2024-02-01,BU05,Admin,IC2,7.611,0.679,3.58,0.736,0.473,0,0.633465
E00098,2024-02-01,BU09,Education,IC3,9.919,0.612,3.39,0.6,0.524,1,0.735888
E00099,2024-02-01,BU01,Operations,IC1,0.0,0.587,3.0,1.385,0.773,0,0.67287
E00100,2024-02-01,BU09,Operations,IC1,6.073,0.437,3.78,0.8,0.811,0,0.703615
E00101,2024-02-01,BU08,Finance,IC1,0.6,0.574,3.52,0.757,0.787,0,0.694293
E00102,2024-02-01,BU04,Clinical,IC3,3.811,0.635,3.67,0.6,0.66,0,0.72581
E00103,2024-02-01,BU10,Admin,IC1,1.084,0.483,3.44,1.346,0.566,0,0.592221
E00104,2024-02-01,BU05,Finance,IC2,1.53,0.631,2.47,0.806,0.675,0,0.803461
E00105,2024-02-01,BU05,Admin,IC3,3.403,0.502,3.57,0.6,0.43,0,0.755549
E00106,2024-02-01,BU06,Clinical,IC2,1.804,0.522,3.58,0.902,0.765,0,0.692563
E00107,2024-02-01,BU07,Education,IC1,2.798,0.591,3.49,0.682,0.682,0,0.729616
E00108,2024-02-01,BU08,Education,IC2,8.663,0.707,3.4,0.6,0.657,0,0.693666
E00109,2024-02-01,BU08,Clinical,M1,9.136,0.582,2.81,0.859,0.924,0,0.845276
E00110,2024-02-01,BU02,Finance,IC3,3.858,0.598,3.66,0.766,0.47,0,0.610089
E00111,2024-02-01,BU09,Clinical,IC2,3.116,0.636,3.31,0.721,0.648,0,0.705154
E00112,2024-02-01,BU07,IT,IC1,2.606,0.605,3.21,0.802,0.575,0,0.719567
E00113,2024-02-01,BU04,Operations,M2,5.55,0.627,2.7,0.733,0.883,0,0.837502
E00114,2024-02-01,BU04,Finance,IC3,7.231,0.634,3.56,1.6,0.567,0,0.47825
E00115,2024-02-01,BU08,Admin,IC2,2.324,0.644,3.33,0.846,0.473,0,0.655723
E00116,2024-02-01,BU04,IT,M1,4.298,0.462,3.17,0.6,0.592,0,0.830807
E00117,2024-02-01,BU06,Finance,IC2,0.0,0.496,3.2,0.733,0.65,0,0.778894
E00118,2024-02-01,BU05,Clinical,IC2,7.556,0.638,3.51,0.822,0.674,0,0.684084
E00119,2024-02-01,BU03,Clinical,IC3,9.889,0.598,3.14,0.6,0.666,0,0.793332
E00120,2024-02-01,BU10,Clinical,IC1,7.997,0.693,3.47,1.031,0.72,0,0.605605
E00121,2024-02-01,BU02,Clinical,M2,5.098,0.591,3.07,0.6,0.943,0,0.827982
E00122,2024-02-01,BU09,Admin,IC3,7.285,0.623,3.78,0.941,0.467,0,0.598725
E00123,2024-02-01,BU10,IT,IC3,9.788,0.459,2.95,0.969,0.558,0,0.756364
E00124,2024-02-01,BU09,Education,IC1,5.161,0.534,3.25,1.007,0.707,0,0.687801
E00125,2024-02-01,BU01,Operations,IC1,0.496,0.527,3.87,1.595,0.891,0,0.583273
E00126,2024-02-01,BU10,Admin,IC2,3.348,0.565,4.02,1.575,0.487,0,0.358474
E00127,2024-02-01,BU03,Admin,M1,3.559,0.546,3.17,0.6,0.434,0,0.706876
E00128,2024-02-01,BU08,Education,IC2,0.014,0.53,2.99,0.818,0.559,0,0.776389
E00129,2024-02-01,BU06,Education,IC2,1.911,0.648,3.11,0.6,0.705,0,0.821041
E00130,2024-02-01,BU05,Operations,IC3,0.118,0.483,3.56,0.6,0.816,0,0.79051
E00131,2024-02-01,BU05,Operations,IC1,0.392,0.549,3.51,0.654,0.683,0,0.728024
E00132,2024-02-01,BU06,Education,IC3,7.143,0.543,3.01,0.6,0.667,0,0.816372
E00133,2024-02-01,BU07,Clinical,IC1,4.066,0.602,2.71,0.6,0.717,0,0.850576
E00134,2024-02-01,BU01,Admin,M2,9.405,0.582,3.65,0.6,0.741,0,0.719072
E00135,2024-02-01,BU09,Finance,IC2,6.489,0.573,3.49,0.699,0.531,0,0.667226
E00136,2024-02-01,BU03,Operations,IC1,7.064,0.649,3.14,1.307,0.709,0,0.585411
E00137,2024-02-01,BU04,Operations,IC2,5.61,0.663,2.72,0.615,0.954,0,0.822598
E00138,2024-02-01,BU10,Education,IC2,3.715,0.575,3.6,0.6,0.661,0,0.696428
E00139,2024-02-01,BU01,IT,M1,3.6,0.642,3.43,0.6,0.637,0,0.743922
E00140,2024-02-01,BU10,Finance,IC3,0.0,0.545,2.76,0.6,0.566,0,0.828187
E00141,2024-02-01,BU03,Finance,IC3,6.141,0.621,3.4,0.6,0.593,0,0.724794
E00142,2024-02-01,BU02,Operations,IC1,3.723,0.544,2.68,0.956,0.733,0,0.779437
E00143,2024-02-01,BU02,Clinical,IC1,0.0,0.561,3.69,0.625,0.815,0,0.763496
E00144,2024-02-01,BU01,IT,IC1,7.721,0.435,2.89,1.061,0.731,0,0.829055
E00145,2024-02-01,BU08,Finance,IC3,4.233,0.559,2.99,1.591,0.476,0,0.542729
E00146,2024-02-01,BU03,Operations,M1,8.123,0.556,3.65,0.6,0.591,0,0.718915
E00147,2024-02-01,BU03,Finance,IC2,0.69,0.579,3.41,0.619,0.49,0,0.710818
E00148,2024-02-01,BU06,IT,IC1,1.837,0.649,3.59,0.747,0.688,0,0.666799
E00149,2024-02-01,BU08,IT,IC3,5.884,0.56,3.78,0.6,0.742,0,0.717704
E00150,2024-02-01,BU09,Admin,M1,4.903,0.676,3.44,0.715,0.64,0,0.732399
E00151,2024-02-01,BU09,Education,IC3,6.762,0.448,3.36,0.762,0.45,0,0.691163
E00152,2024-02-01,BU04,Education,M1,0.0,0.428,3.06,0.706,0.653,0,0.858893
E00153,2024-02-01,BU05,Operations,IC2,0.969,0.449,3.69,0.78,0.706,0,0.675364
E00154,2024-02-01,BU02,IT,IC1,3.387,0.653,3.54,0.6,0.466,0,0.629121
E00155,2024-02-01,BU09,Admin,M1,2.075,0.518,3.8,0.6,0.575,0,0.633061
E00156,2024-02-01,BU08,Admin,IC3,4.044,0.605,3.31,0.847,0.601,0,0.675104
E00157,2024-02-01,BU03,Finance,IC2,9.747,0.78,3.11,0.788,0.664,0,0.71496
E00158,2024-02-01,BU09,Finance,IC3,9.659,0.514,2.51,0.976,0.523,0,0.767069
E00159,2024-02-01,BU03,Admin,M1,1.607,0.501,3.35,0.6,0.58,0,0.737863
E00160,2024-02-01,BU09,Finance,IC3,0.0,0.458,3.64,0.6,0.716,0,0.795194
E00161,2024-02-01,BU02,IT,IC3,1.569,0.561,3.38,0.6,0.571,0,0.769817
E00162,2024-02-01,BU10,Clinical,IC2,6.393,0.684,3.56,0.976,0.794,0,0.645852
E00163,2024-02-01,BU09,IT,IC2,1.207,0.61,2.91,0.997,0.728,0,0.735845
E00164,2024-02-01,BU08,Admin,IC2,7.094,0.631,3.35,0.911,0.531,0,0.620087
E00165,2024-02-01,BU09,Admin,M1,3.266,0.577,3.48,0.6,0.427,0,0.695847
E00166,2024-02-01,BU05,IT,M1,4.482,0.67,3.58,0.6,0.735,0,0.74442
E00167,2024-02-01,BU02,Finance,M1,2.612,0.535,2.95,0.6,0.68,0,0.810883
E00168,2024-02-01,BU08,Finance,IC1,0.0,0.314,3.15,1.472,0.576,0,0.656966
E00169,2024-02-01,BU06,Education,IC3,1.467,0.481,3.47,0.6,0.618,0,0.814685
E00170,2024-02-01,BU08,Admin,M1,5.15,0.477,2.92,0.6,0.436,0,0.812251
E00171,2024-02-01,BU05,Operations,IC3,9.733,0.668,3.77,0.73,0.729,0,0.601024
E00172,2024-02-01,BU10,Education,M1,7.444,0.676,3.66,0.701,0.573,0,0.628552
E00173,2024-02-01,BU02,Finance,M1,0.309,0.526,3.3,0.878,0.488,0,0.667854
E00174,2024-02-01,BU06,IT,IC2,2.108,0.696,3.13,1.331,0.608,0,0.554665
E00175,2024-02-01,BU05,Finance,IC2,0.0,0.419,3.26,0.6,0.492,0,0.763894
E00176,2024-02-01,BU05,IT,IC1,4.301,0.487,2.89,0.6,0.557,0,0.812379
E00177,2024-02-01,BU01,Education,IC2,2.491,0.529,3.32,0.617,0.692,0,0.758659
E00178,2024-02-01,BU02,Admin,IC3,1.281,0.503,3.47,0.707,0.426,1,0.724108
E00179,2024-02-01,BU08,Finance,M1,6.1,0.726,3.42,0.6,0.587,0,0.660752
E00180,2024-02-01,BU03,IT,IC1,9.963,0.616,2.85,1.6,0.464,0,0.528059
E00181,2024-02-01,BU10,Admin,IC1,9.161,0.67,3.54,0.937,0.545,0,0.661948
E00182,2024-02-01,BU03,Operations,IC3,0.112,0.536,3.36,0.794,0.816,0,0.782221
E00183,2024-02-01,BU08,IT,IC1,6.694,0.495,3.14,0.947,0.362,0,0.6904
E00184,2024-02-01,BU08,Education,IC1,3.351,0.648,3.65,0.819,0.731,0,0.661085
E00185,2024-02-01,BU02,Operations,IC1,8.838,0.5,2.6,0.6,0.894,0,0.906206
E00186,2024-02-01,BU08,Operations,IC1,7.192,0.58,2.84,0.961,0.831,0,0.817348
E00187,2024-02-01,BU01,Clinical,IC1,9.61,0.519,3.21,1.6,0.479,0,0.556952
E00188,2024-02-01,BU06,Finance,IC2,6.034,0.584,3.53,0.6,0.571,0,0.715035
E00189,2024-02-01,BU08,IT,IC2,9.399,0.605,2.89,0.6,0.615,0,0.880316
E00190,2024-02-01,BU03,Operations,M1,3.044,0.566,3.17,0.982,0.87,0,0.73503
E00191,2024-02-01,BU08,Clinical,IC2,9.7,0.492,3.79,0.992,0.991,0,0.703746
E00192,2024-02-01,BU01,Education,IC3,0.0,0.507,3.16,0.705,0.421,0,0.725956
E00193,2024-02-01,BU09,Admin,IC1,9.147,0.648,3.87,1.499,0.573,0,0.38
E00194,2024-02-01,BU09,IT,IC1,8.868,0.652,3.49,0.779,0.69,0,0.699848
E00195,2024-02-01,BU05,Operations,IC3,8.649,0.691,3.7,0.612,0.717,0,0.721807
E00196,2024-02-01,BU10,Finance,IC1,4.975,0.678,3.7,1.241,0.466,0,0.456707
E00197,2024-02-01,BU04,Clinical,IC2,3.869,0.612,3.31,1.56,0.569,0,0.510926
E00198,2024-02-01,BU06,Operations,IC3,5.689,0.512,3.09,0.6,0.615,0,0.782832
E00199,2024-02-01,BU07,Finance,IC3,9.363,0.606,3.27,0.982,0.741,0,0.735413
E00200,2024-02-01,BU05,Operations,IC1,9.93,0.667,3.54,1.027,0.666,0,0.637612
E00201,2024-02-01,BU10,IT,IC2,7.313,0.712,3.24,0.855,0.555,0,0.632872
E00202,2024-02-01,BU09,IT,IC3,8.498,0.66,3.64,0.6,0.637,0,0.631863
E00203,2024-02-01,BU03,IT,IC1,5.947,0.591,3.7,0.6,0.556,0,0.657913
E00204,2024-02-01,BU07,Education,IC3,0.186,0.498,3.72,0.853,0.74,0,0.687009
E00205,2024-02-01,BU10,Education,IC3,4.687,0.567,3.06,0.6,0.627,0,0.792562
E00206,2024-02-01,BU10,Clinical,M2,3.559,0.568,3.57,0.6,0.983,0,0.800924
E00207,2024-02-01,BU05,IT,IC1,6.489,0.299,3.36,1.274,0.55,0,0.673906
E00208,2024-02-01,BU07,Finance,M1,4.082,0.547,3.95,0.699,0.488,0,0.594601
E00209,2024-02-01,BU02,Operations,IC2,0.0,0.557,2.92,0.738,0.73,0,0.766382
E00210,2024-02-01,BU04,Admin,IC2,3.036,0.636,3.36,1.082,0.508,0,0.539714
E00211,2024-02-01,BU02,Finance,IC1,0.0,0.404,3.57,1.508,0.474,0,0.584197
E00212,2024-02-01,BU07,Education,IC3,10.081,0.609,3.16,1.001,0.697,0,0.740564
E00213,2024-02-01,BU02,Education,IC1,4.181,0.655,3.02,0.741,0.749,0,0.766721
E00214,2024-02-01,BU01,Finance,IC2,2.71,0.564,3.23,1.013,0.584,0,0.662923
E00215,2024-02-01,BU09,Education,IC1,5.309,0.6,3.45,1.066,0.494,0,0.550152
E00216,2024-02-01,BU01,IT,M1,6.346,0.573,3.38,0.974,0.665,0,0.709255
E00217,2024-02-01,BU08,Clinical,M1,8.641,0.581,2.94,0.6,0.891,0,0.839667
E00218,2024-02-01,BU02,Operations,IC3,4.181,0.566,3.29,0.6,0.75,0,0.775715
E00219,2024-02-01,BU08,Clinical,IC2,4.203,0.614,3.28,0.608,0.835,0,0.733272
E00220,2024-02-01,BU03,Operations,IC1,0.027,0.412,3.13,0.936,0.742,0,0.788832
E00221,2024-02-01,BU06,Operations,IC3,10.021,0.605,4.26,0.662,0.741,0,0.627193
E00222,2024-02-01,BU03,Clinical,IC2,1.933,0.373,3.41,0.918,0.617,0,0.743737
E00223,2024-02-01,BU07,Finance,IC1,0.0,0.501,3.48,1.044,0.613,0,0.682872
E00224,2024-02-01,BU10,Operations,IC3,4.871,0.666,4.12,0.798,0.669,0,0.588183
E00225,2024-02-01,BU09,Clinical,M2,8.071,0.728,3.26,0.6,0.728,0,0.706369
E00226,2024-02-01,BU02,Operations,IC3,6.7,0.711,3.13,0.6,0.649,0,0.769674
E00227,2024-02-01,BU05,Admin,IC3,0.0,0.384,3.49,0.6,0.514,0,0.789117
E00228,2024-02-01,BU06,Finance,M2,6.669,0.621,3.38,0.607,0.517,0,0.674381
E00229,2024-02-01,BU04,IT,IC1,7.124,0.638,2.9,1.101,0.623,0,0.703038
E00230,2024-02-01,BU04,Operations,IC3,1.057,0.647,3.2,0.6,0.902,0,0.820396
E00231,2024-02-01,BU04,Admin,M2,7.696,0.479,3.07,0.672,0.461,0,0.748079
E00232,2024-02-01,BU02,IT,IC1,7.685,0.715,3.55,1.6,0.585,0,0.465354
E00233,2024-02-01,BU04,IT,IC3,6.595,0.712,2.99,0.6,0.699,0,0.837713
E00234,2024-02-01,BU01,Operations,IC3,3.874,0.529,3.43,0.784,0.631,0,0.732671
E00235,2024-02-01,BU06,Clinical,IC3,6.7,0.553,3.8,0.6,0.758,0,0.750728
E00236,2024-02-01,BU01,Operations,IC3,1.544,0.455,3.28,0.831,0.471,0,0.752572
E00237,2024-02-01,BU10,Admin,M1,9.739,0.625,3.32,0.6,0.628,0,0.759508
E00238,2024-02-01,BU06,IT,M1,2.71,0.668,2.81,0.6,0.712,0,0.830482
E00239,2024-02-01,BU01,Operations,IC1,3.702,0.5,3.24,1.3,0.818,0,0.673828
E00240,2024-02-01,BU06,Clinical,M1,8.315,0.573,3.49,0.74,0.752,0,0.722243
E00241,2024-02-01,BU10,Operations,IC1,2.292,0.692,3.71,1.061,0.602,0,0.592235
E00242,2024-02-01,BU08,Finance,IC2,9.87,0.527,4.51,0.6,0.597,0,0.57632
E00243,2024-02-01,BU02,Clinical,IC2,0.027,0.467,3.13,0.6,0.613,0,0.782969
E00244,2024-02-01,BU02,Admin,IC2,1.697,0.629,3.46,0.6,0.61,0,0.73892
E00245,2024-02-01,BU04,IT,IC2,1.344,0.573,3.16,0.647,0.594,0,0.753685
E00246,2024-02-01,BU03,Operations,M2,9.065,0.652,2.93,0.6,0.808,0,0.831502
E00247,2024-02-01,BU04,Clinical,IC3,3.877,0.529,3.32,0.651,0.787,0,0.81546
E00248,2024-02-01,BU07,Finance,IC3,0.821,0.594,3.97,0.6,0.681,0,0.675004
E00249,2024-02-01,BU01,Clinical,IC1,8.085,0.589,3.06,1.017,0.776,0,0.769709
E00250,2024-02-01,BU06,Education,M1,4.052,0.571,3.39,0.847,0.643,0,0.751112
E00251,2024-02-01,BU03,Finance,M1,0.444,0.51,3.19,0.6,0.56,0,0.775275
E00252,2024-02-01,BU10,Admin,M1,1.949,0.324,3.8,0.6,0.488,0,0.769154
E00253,2024-02-01,BU07,IT,IC1,6.097,0.675,4.1,0.789,0.494,0,0.493709
E00254,2024-02-01,BU10,Admin,IC1,9.44,0.483,3.83,1.122,0.613,0,0.645214
E00255,2024-02-01,BU02,Operations,IC1,8.539,0.752,3.37,1.122,0.792,0,0.607402
E00256,2024-02-01,BU02,Clinical,IC1,9.292,0.714,3.05,1.109,0.756,0,0.69721
E00257,2024-02-01,BU04,Education,IC2,5.303,0.501,3.95,1.151,0.631,0,0.54693
E00258,2024-02-01,BU01,Finance,M1,5.958,0.637,3.61,0.6,0.441,0,0.68058
E00259,2024-02-01,BU03,Finance,IC2,0.0,0.468,2.91,1.549,0.425,0,0.611277
E00260,2024-02-01,BU09,Clinical,IC1,3.619,0.615,3.45,1.166,0.778,0,0.588044
E00261,2024-02-01,BU07,Education,IC2,1.875,0.516,3.18,0.6,0.624,0,0.836672
E00262,2024-02-01,BU07,Clinical,IC1,1.251,0.67,4.18,1.6,0.71,0,0.34723
E00263,2024-02-01,BU04,Operations,IC1,7.964,0.616,3.3,0.675,0.605,0,0.725737
E00264,2024-02-01,BU02,Admin,IC2,7.118,0.698,3.66,0.6,0.405,0,0.602009
E00265,2024-02-01,BU04,Finance,IC2,8.047,0.503,3.35,0.793,0.597,0,0.660378
E00266,2024-02-01,BU06,Operations,M1,6.623,0.622,3.54,0.6,0.691,0,0.74477
E00267,2024-02-01,BU03,Admin,M2,2.166,0.665,3.37,0.6,0.638,0,0.747276
E00268,2024-02-01,BU01,Operations,IC2,4.698,0.532,3.4,1.379,0.555,0,0.552156
E00269,2024-02-01,BU08,Education,IC2,2.177,0.56,2.36,0.799,0.741,0,0.83773
E00270,2024-02-01,BU05,Finance,M1,9.374,0.657,3.47,0.65,0.497,0,0.656764
E00271,2024-02-01,BU05,Clinical,IC2,3.036,0.475,3.35,0.6,0.595,0,0.788478
E00272,2024-02-01,BU04,Clinical,IC1,6.574,0.458,3.19,0.6,0.815,0,0.852471
E00273,2024-02-01,BU06,Admin,M1,0.0,0.569,3.62,0.631,0.464,0,0.617443
E00274,2024-02-01,BU03,IT,IC1,9.747,0.541,3.47,1.249,0.643,0,0.657594
E00275,2024-02-01,BU09,Education,IC3,2.998,0.481,3.21,0.904,0.707,0,0.76648
E00276,2024-02-01,BU05,Admin,IC3,6.231,0.604,3.35,0.717,0.594,0,0.728937
E00277,2024-02-01,BU03,IT,IC2,4.862,0.621,3.63,0.6,0.843,0,0.818904
E00278,2024-02-01,BU01,Operations,IC2,2.571,0.472,3.89,1.6,0.703,0,0.497808
E00279,2024-02-01,BU10,Education,M1,6.664,0.542,3.77,0.6,0.611,0,0.700179
E00280,2024-02-01,BU06,Operations,IC1,7.143,0.724,3.28,0.904,0.625,0,0.608763
E00281,2024-02-01,BU02,Finance,IC1,1.974,0.621,3.29,0.861,0.831,0,0.736852
E00282,2024-02-01,BU03,Education,IC3,7.619,0.635,3.5,0.608,0.66,0,0.717149
E00283,2024-02-01,BU01,IT,IC2,1.963,0.523,3.34,1.077,0.68,0,0.693705
E00284,2024-02-01,BU09,Finance,IC1,8.997,0.671,3.33,0.946,0.499,0,0.633983
E00285,2024-02-01,BU08,Clinical,M1,8.925,0.516,3.88,0.731,0.785,0,0.664394
E00286,2024-02-01,BU02,IT,IC2,8.252,0.546,3.57,0.799,0.513,0,0.616084
E00287,2024-02-01,BU08,Admin,M1,4.862,0.468,3.54,0.6,0.638,0,0.844687
E00288,2024-02-01,BU09,Clinical,M1,7.94,0.63,3.65,0.621,0.737,0,0.70747
E00289,2024-02-01,BU01,Clinical,IC3,1.763,0.533,3.24,0.754,0.823,0,0.854567
E00290,2024-02-01,BU05,Admin,IC2,6.371,0.525,3.32,0.767,0.743,0,0.792621
E00291,2024-02-01,BU08,Education,M2,9.654,0.663,3.95,0.6,0.734,0,0.65793
E00292,2024-02-01,BU02,Clinical,IC1,7.064,0.539,3.07,1.049,0.61,0,0.743949
E00293,2024-02-01,BU04,IT,IC3,9.503,0.513,3.35,0.6,0.671,0,0.775481
E00294,2024-02-01,BU07,Finance,IC1,5.103,0.543,3.44,0.735,0.605,0,0.706868
E00295,2024-02-01,BU03,Clinical,IC2,6.527,0.583,3.15,0.6,0.828,0,0.820659
E00296,2024-02-01,BU05,IT,IC2,2.33,0.539,2.8,0.921,0.542,0,0.768903
E00297,2024-02-01,BU08,Operations,M2,2.858,0.547,3.64,0.6,0.551,0,0.698142
E00298,2024-02-01,BU10,IT,M2,4.025,0.561,2.71,0.6,0.575,0,0.833778
E00299,2024-02-01,BU03,Finance,IC1,7.682,0.601,3.21,0.709,0.598,0,0.747211
E00300,2024-02-01,BU04,IT,IC1,9.818,0.616,3.13,0.62,0.549,0,0.74583
E00301,2024-02-01,BU09,Admin,IC3,9.279,0.556,3.77,0.695,0.748,0,0.65748
E00302,2024-02-01,BU07,Finance,IC2,0.0,0.498,3.74,0.604,0.659,0,0.716175
E00303,2024-02-01,BU01,Education,IC1,8.047,0.549,3.34,1.6,0.538,0,0.484743
E00304,2024-02-01,BU04,Operations,IC3,4.326,0.715,3.23,0.6,0.82,0,0.800462
E00305,2024-02-01,BU04,Admin,IC2,4.079,0.762,3.32,0.6,0.448,0,0.656533
E00306,2024-02-01,BU09,Education,M2,4.12,0.678,2.98,0.6,0.623,0,0.747766
E00307,2024-02-01,BU06,IT,IC1,4.838,0.59,3.5,0.872,0.623,0,0.658285
E00308,2024-02-01,BU09,Finance,IC2,4.43,0.52,3.27,1.128,0.651,0,0.647416
E00309,2024-02-01,BU06,Operations,IC2,7.715,0.541,3.08,0.849,0.709,0,0.747335
E00310,2024-02-01,BU06,Admin,M1,4.98,0.477,3.51,0.6,0.504,0,0.708934
E00311,2024-02-01,BU05,Education,IC2,2.667,0.503,3.08,0.679,0.603,0,0.772982
E00312,2024-02-01,BU05,Education,IC3,0.0,0.534,3.67,0.679,0.488,0,0.621198
E00313,2024-02-01,BU02,Operations,IC1,0.0,0.44,3.69,0.6,0.691,0,0.725655
E00314,2024-02-01,BU08,IT,M1,8.216,0.666,3.95,0.833,0.458,0,0.538492
E00315,2024-02-01,BU08,Operations,IC2,5.188,0.684,3.35,0.6,0.699,0,0.720296
E00316,2024-02-01,BU01,Education,IC1,9.216,0.561,2.84,1.567,0.551,0,0.633056
E00317,2024-02-01,BU08,Clinical,IC3,9.895,0.463,3.08,0.695,0.737,0,0.872511
E00318,2024-02-01,BU05,Admin,IC1,5.377,0.57,3.1,1.227,0.624,0,0.63941
E00319,2024-02-01,BU02,Operations,IC1,7.578,0.716,3.28,1.375,0.554,0,0.498711
E00320,2024-02-01,BU02,Education,M1,6.535,0.559,3.21,0.682,0.515,0,0.676126
E00321,2024-02-01,BU06,IT,IC2,7.239,0.634,3.64,0.914,0.558,0,0.552508
E00322,2024-02-01,BU09,Education,IC3,9.613,0.554,3.75,0.6,0.743,0,0.668598
E00323,2024-02-01,BU01,IT,IC2,9.448,0.48,3.07,0.872,0.697,0,0.78031
E00324,2024-02-01,BU06,Operations,M1,5.802,0.627,3.81,0.6,0.651,0,0.688318
E00325,2024-02-01,BU09,IT,IC1,4.444,0.585,3.14,0.805,0.493,0,0.74692
E00326,2024-02-01,BU08,Finance,IC2,7.795,0.845,3.41,1.513,0.628,0,0.426983
E00327,2024-02-01,BU06,Finance,M2,1.457,0.529,3.46,0.6,0.553,0,0.711374
E00328,2024-02-01,BU03,Finance,M1,5.402,0.61,3.23,0.6,0.395,0,0.750893
E00329,2024-02-01,BU08,Clinical,IC2,2.897,0.723,3.48,0.741,0.937,0,0.724536
E00330,2024-02-01,BU09,Operations,IC2,9.906,0.508,3.22,0.772,0.829,0,0.773669
E00331,2024-02-01,BU01,Education,M1,5.251,0.586,3.41,0.6,0.575,1,0.786562
E00332,2024-02-01,BU09,Education,IC2,7.94,0.572,3.01,0.965,0.559,0,0.740069
E00333,2024-02-01,BU06,Clinical,M1,9.281,0.518,3.39,0.6,0.706,0,0.845729
E00334,2024-02-01,BU06,IT,M1,6.872,0.602,3.37,0.6,0.61,0,0.773573
E00335,2024-02-01,BU04,Clinical,IC1,5.881,0.643,2.89,0.6,0.725,0,0.817182
E00336,2024-02-01,BU01,IT,IC1,3.704,0.524,3.08,1.226,0.762,0,0.722988
E00337,2024-02-01,BU10,IT,IC3,9.747,0.562,3.15,0.754,0.762,0,0.734121
E00338,2024-02-01,BU08,Admin,IC1,7.926,0.573,3.26,0.983,0.525,0,0.704523
E00339,2024-02-01,BU02,Education,IC2,8.123,0.788,3.31,0.998,0.576,0,0.614141
E00340,2024-02-01,BU01,Finance,M2,1.333,0.311,3.38,0.6,0.713,0,0.806448
E00341,2024-02-01,BU02,IT,IC3,0.671,0.422,3.68,0.883,0.753,0,0.725466
E00342,2024-02-01,BU01,Admin,M1,4.717,0.574,3.28,0.6,0.638,0,0.804685
E00343,2024-02-01,BU01,Education,IC3,0.66,0.616,3.04,1.026,0.457,0,0.636909
E00344,2024-02-01,BU09,Finance,IC3,8.033,0.551,3.58,0.6,0.411,0,0.68378
E00345,2024-02-01,BU01,IT,IC1,2.727,0.49,3.14,0.6,0.601,0,0.840395
E00346,2024-02-01,BU04,IT,IC2,2.393,0.664,3.34,0.661,0.561,0,0.701634
E00347,2024-02-01,BU10,Clinical,IC2,8.167,0.654,3.63,0.633,0.799,0,0.740198
E00348,2024-02-01,BU06,Clinical,IC2,4.331,0.525,3.35,0.684,0.686,0,0.714486
E00349,2024-02-01,BU07,Education,M1,3.94,0.625,2.87,0.6,0.637,0,0.82383
E00350,2024-02-01,BU02,Finance,IC2,9.024,0.569,2.62,1.1,0.712,0,0.808437
E00351,2024-02-01,BU06,IT,IC2,0.0,0.537,3.36,0.624,0.749,0,0.806999
E00352,2024-02-01,BU07,Education,IC2,0.2,0.646,3.54,0.6,0.545,0,0.672796
E00353,2024-02-01,BU10,Education,IC1,8.408,0.564,3.96,0.642,0.726,0,0.731567
E00354,2024-02-01,BU10,Operations,IC2,0.326,0.541,3.47,0.679,0.616,0,0.719454
E00355,2024-02-01,BU02,Clinical,IC1,9.405,0.672,2.54,0.6,0.883,0,0.842319
E00356,2024-02-01,BU02,Finance,IC1,2.396,0.608,3.46,0.781,0.526,0,0.64359
E00357,2024-02-01,BU10,IT,IC1,9.667,0.713,3.34,1.444,0.771,0,0.564886
E00358,2024-02-01,BU07,Education,IC2,1.448,0.546,3.64,0.6,0.489,0,0.666499
E00359,2024-02-01,BU01,IT,M1,0.0,0.404,3.31,0.674,0.687,0,0.812934
E00360,2024-02-01,BU08,Operations,IC2,5.079,0.625,3.59,0.6,0.656,0,0.75465
E00361,2024-02-01,BU03,Finance,IC2,3.283,0.627,3.22,1.402,0.571,0,0.599463
E00362,2024-02-01,BU06,Education,IC3,0.769,0.679,3.33,1.198,0.666,0,0.581932
E00363,2024-02-01,BU09,IT,IC1,4.027,0.543,3.22,1.127,0.66,0,0.701042
E00364,2024-02-01,BU06,Clinical,M1,0.474,0.377,3.37,1.029,0.622,0,0.757057
E00365,2024-02-01,BU09,Operations,IC2,8.022,0.707,3.83,0.819,0.815,0,0.622805
E00366,2024-02-01,BU07,Finance,IC2,8.879,0.64,3.58,1.03,0.477,0,0.57813
E00367,2024-02-01,BU09,Operations,IC3,1.812,0.535,3.16,1.081,0.601,0,0.632446
E00368,2024-02-01,BU02,Clinical,IC1,2.439,0.593,3.15,1.037,0.865,0,0.716165
E00369,2024-02-01,BU08,Finance,IC3,0.6,0.582,3.67,0.6,0.502,0,0.659058
E00370,2024-02-01,BU08,Operations,IC2,3.299,0.498,3.7,0.911,0.775,0,0.715958
E00371,2024-02-01,BU02,Admin,M1,1.109,0.414,2.7,0.6,0.579,0,0.84279
E00372,2024-02-01,BU04,Clinical,IC1,6.543,0.749,3.35,0.822,0.739,0,0.626157
E00373,2024-02-01,BU07,Clinical,IC2,6.456,0.55,3.31,0.855,0.761,0,0.762292
E00374,2024-02-01,BU04,Clinical,IC3,9.949,0.538,2.75,0.752,0.861,0,0.876978
E00375,2024-02-01,BU04,Admin,IC1,2.292,0.57,3.41,0.963,0.596,0,0.651014
E00376,2024-02-01,BU06,Admin,IC2,7.214,0.585,3.64,0.975,0.524,0,0.675508
E00377,2024-02-01,BU10,IT,IC3,3.48,0.475,4.12,0.6,0.778,0,0.752587
E00378,2024-02-01,BU06,Education,M1,8.903,0.647,3.41,0.6,0.524,0,0.726442
E00379,2024-02-01,BU10,Operations,IC2,8.586,0.547,3.19,1.025,0.71,0,0.70431
E00380,2024-02-01,BU03,IT,M1,3.888,0.497,3.45,0.983,0.633,1,0.771825
E00381,2024-02-01,BU09,Operations,M2,4.523,0.657,2.94,0.893,0.702,0,0.747669
E00382,2024-02-01,BU10,Education,M1,7.233,0.583,3.37,0.681,0.517,0,0.710793
E00383,2024-02-01,BU02,Admin,IC1,1.147,0.574,3.08,1.239,0.635,0,0.675732
E00384,2024-02-01,BU06,Education,IC3,0.942,0.458,3.22,1.334,0.68,0,0.671444
E00385,2024-02-01,BU07,Admin,IC2,4.279,0.562,3.17,0.6,0.441,0,0.69935
E00386,2024-02-01,BU09,Education,M2,0.643,0.57,3.91,0.6,0.584,1,0.787815
E00387,2024-02-01,BU03,IT,IC2,0.887,0.483,3.33,0.991,0.532,0,0.686015
E00388,2024-02-01,BU10,Finance,IC1,4.914,0.414,2.93,1.507,0.473,0,0.629874
E00389,2024-02-01,BU03,IT,IC3,9.35,0.579,4.14,0.6,0.567,0,0.629635
E00390,2024-02-01,BU07,Operations,IC2,6.519,0.432,3.78,0.6,0.945,0,0.756821
E00391,2024-02-01,BU04,IT,M2,0.723,0.535,3.22,0.6,0.492,0,0.791484
E00392,2024-02-01,BU08,Clinical,M2,4.167,0.691,3.5,0.6,0.613,0,0.679439
E00393,2024-02-01,BU07,Operations,IC3,4.277,0.5,3.34,1.027,0.685,0,0.698585
E00394,2024-02-01,BU05,Education,IC1,0.0,0.536,2.95,1.064,0.567,0,0.718819
E00395,2024-02-01,BU07,Operations,IC3,5.391,0.585,3.82,0.6,0.578,0,0.760944
E00396,2024-02-01,BU03,Finance,IC1,10.07,0.536,3.01,1.012,0.474,0,0.698737
E00397,2024-02-01,BU02,Admin,IC1,2.541,0.596,3.4,1.045,0.294,0,0.532221
E00398,2024-02-01,BU06,Education,M1,5.615,0.727,3.73,0.953,0.59,0,0.54225
E00399,2024-02-01,BU02,Operations,IC1,5.311,0.384,2.95,0.981,0.822,0,0.756605
E00400,2024-02-01,BU03,Education,IC2,3.159,0.466,2.52,0.603,0.467,0,0.861146
E00401,2024-02-01,BU06,Education,M2,6.396,0.523,3.22,0.6,0.598,0,0.844061
E00402,2024-02-01,BU05,Education,IC2,5.07,0.606,3.31,0.768,0.512,0,0.714741
E00403,2024-02-01,BU08,Admin,IC2,6.834,0.489,3.58,0.6,0.663,0,0.784435
E00404,2024-02-01,BU09,IT,M1,7.373,0.704,3.4,0.6,0.729,0,0.725902
E00405,2024-02-01,BU03,Education,IC1,3.825,0.475,3.28,0.848,0.733,0,0.788162
E00406,2024-02-01,BU10,Clinical,M1,2.27,0.527,3.6,0.6,0.953,0,0.789734
E00407,2024-02-01,BU03,Finance,M2,6.908,0.451,2.83,0.691,0.404,0,0.817048
E00408,2024-02-01,BU03,Admin,M1,8.35,0.595,3.19,0.6,0.522,0,0.74771
E00409,2024-02-01,BU06,Operations,IC3,0.969,0.537,2.74,0.789,0.621,0,0.821887
E00410,2024-02-01,BU01,Admin,IC2,7.775,0.553,3.14,0.73,0.573,0,0.77298
E00411,2024-02-01,BU07,Operations,IC2,9.615,0.544,3.09,0.783,0.517,0,0.74044
E00412,2024-02-01,BU01,Admin,M1,2.973,0.526,3.37,0.65,0.622,0,0.786837
E00413,2024-02-01,BU05,Operations,M1,7.444,0.605,3.15,0.6,0.656,0,0.826326
E00414,2024-02-01,BU10,Education,IC2,0.449,0.503,3.2,0.821,0.642,0,0.771281
E00415,2024-02-01,BU08,IT,IC1,4.014,0.643,3.54,1.6,0.708,0,0.494261
E00416,2024-02-01,BU04,Operations,IC1,0.104,0.64,3.14,0.6,0.789,0,0.811703
E00417,2024-02-01,BU05,Operations,IC1,5.908,0.54,3.26,0.861,0.892,0,0.801476
E00418,2024-02-01,BU04,Clinical,IC3,0.266,0.512,3.85,0.85,0.884,0,0.699513
E00419,2024-02-01,BU04,Operations,IC2,5.399,0.702,3.17,0.808,0.802,0,0.758442
E00420,2024-02-01,BU08,Clinical,M1,3.751,0.455,2.95,0.615,0.678,0,0.871577
E00421,2024-02-01,BU02,Finance,IC3,1.64,0.645,3.19,0.6,0.499,0,0.75632
E00422,2024-02-01,BU01,Education,IC1,5.804,0.53,2.53,1.123,0.781,0,0.84952
E00423,2024-02-01,BU03,Clinical,IC3,9.27,0.638,3.04,0.6,0.764,0,0.755563
E00424,2024-02-01,BU09,IT,IC2,0.945,0.448,2.75,0.807,0.717,0,0.828185
E00425,2024-02-01,BU04,Education,IC3,0.235,0.528,3.47,0.614,0.608,0,0.733078
E00426,2024-02-01,BU10,Clinical,IC3,9.478,0.611,3.75,1.373,0.671,0,0.566995
E00427,2024-02-01,BU05,Education,M1,8.219,0.564,3.05,0.6,0.672,0,0.801368
E00428,2024-02-01,BU02,Education,M1,4.627,0.695,2.9,0.6,0.819,0,0.777382
E00429,2024-02-01,BU04,Education,IC2,1.687,0.552,3.44,0.6,0.514,0,0.734949
E00430,2024-02-01,BU02,Finance,IC1,2.363,0.659,3.31,1.004,0.488,0,0.591818
E00431,2024-02-01,BU02,IT,IC3,6.01,0.508,3.12,0.863,0.824,0,0.8488
E00432,2024-02-01,BU04,Admin,IC1,9.687,0.588,3.07,0.858,0.675,0,0.727485
E00433,2024-02-01,BU06,Admin,IC2,3.633,0.457,3.05,0.677,0.635,0,0.783245
E00434,2024-02-01,BU07,Clinical,IC1,5.752,0.576,2.87,0.801,0.703,0,0.776089
E00435,2024-02-01,BU10,Education,IC3,4.597,0.63,3.54,0.698,0.703,0,0.669253
E00436,2024-02-01,BU03,Clinical,IC1,3.611,0.495,3.04,1.184,0.63,0,0.724884
E00437,2024-02-01,BU03,Finance,IC3,7.559,0.566,3.26,1.016,0.544,0,0.728244
E00438,2024-02-01,BU10,Finance,M2,0.838,0.448,3.65,0.6,0.561,0,0.698363
E00439,2024-02-01,BU06,Operations,IC1,7.201,0.596,2.64,1.074,0.794,0,0.796284
E00440,2024-02-01,BU03,Finance,IC1,5.448,0.531,3.33,0.937,0.624,0,0.746404
E00441,2024-02-01,BU02,Operations,IC2,4.58,0.592,2.57,0.715,0.875,0,0.843579
E00442,2024-02-01,BU08,IT,M1,1.369,0.592,3.44,0.6,0.672,0,0.756202
E00443,2024-02-01,BU05,Clinical,IC1,5.52,0.587,3.3,1.044,0.792,0,0.686901
E00444,2024-02-01,BU01,IT,IC2,9.867,0.688,3.43,0.825,0.573,0,0.655082
E00445,2024-02-01,BU03,Finance,IC1,6.894,0.614,3.34,0.706,0.535,0,0.704306
E00446,2024-02-01,BU10,IT,M1,5.484,0.547,3.38,0.6,0.707,0,0.756707
E00447,2024-02-01,BU08,IT,IC2,0.728,0.628,3.55,1.238,0.519,0,0.566126
E00448,2024-02-01,BU04,IT,M1,0.83,0.652,2.79,0.6,0.691,0,0.748558
E00449,2024-02-01,BU07,Finance,M1,5.459,0.619,3.09,0.6,0.514,0,0.754919
E00450,2024-02-01,BU10,Education,IC1,3.598,0.547,3.53,1.333,0.894,0,0.690462
E00451,2024-02-01,BU02,IT,M1,6.982,0.509,2.95,0.6,0.404,0,0.762976
E00452,2024-02-01,BU07,Operations,IC1,9.818,0.528,4.1,1.088,0.666,0,0.57213
E00453,2024-02-01,BU05,Finance,M1,5.164,0.656,3.24,0.662,0.572,0,0.730757
E00454,2024-02-01,BU05,IT,IC3,3.192,0.544,4.29,0.6,0.783,0,0.690864
E00455,2024-02-01,BU06,Education,M1,0.835,0.576,3.02,0.6,0.564,0,0.781607
E00456,2024-02-01,BU09,Finance,IC1,0.611,0.56,3.65,1.076,0.629,0,0.609437
E00457,2024-02-01,BU06,Admin,IC1,4.632,0.671,2.93,1.485,0.599,0,0.626237
E00458,2024-02-01,BU08,Education,IC2,6.021,0.626,2.96,0.747,0.607,0,0.760563
E00459,2024-02-01,BU07,Operations,IC2,6.445,0.565,3.42,0.6,0.626,0,0.748777
E00460,2024-02-01,BU09,IT,IC1,8.613,0.544,4.11,0.742,0.446,0,0.543866
E00461,2024-02-01,BU04,Admin,IC2,6.91,0.634,3.6,1.026,0.583,0,0.580306
E00462,2024-02-01,BU02,Admin,IC1,0.356,0.429,2.65,0.849,0.366,0,0.805643
E00463,2024-02-01,BU07,Finance,IC2,0.999,0.338,2.78,0.745,0.599,0,0.879541
E00464,2024-02-01,BU06,Admin,M1,7.181,0.572,4.25,0.642,0.567,0,0.546224
E00465,2024-02-01,BU01,Operations,IC2,0.496,0.587,3.4,0.6,0.803,0,0.760857
E00466,2024-02-01,BU09,Operations,IC1,9.298,0.733,3.01,1.6,0.696,0,0.521559
E00467,2024-02-01,BU09,Clinical,IC2,2.869,0.634,3.13,0.6,0.908,0,0.834958
E00468,2024-02-01,BU02,Operations,IC1,5.12,0.596,3.18,1.004,0.616,0,0.678919
E00469,2024-02-01,BU03,Education,M2,6.749,0.577,2.98,0.6,0.586,0,0.785371
E00470,2024-02-01,BU05,Admin,IC1,2.617,0.524,3.41,0.802,0.491,0,0.705918
E00471,2024-02-01,BU05,Operations,IC3,3.307,0.556,3.3,1.017,0.668,0,0.680873
E00472,2024-02-01,BU01,Finance,M2,8.627,0.62,2.77,0.6,0.522,0,0.809004
E00473,2024-02-01,BU08,Clinical,M1,9.766,0.542,2.99,0.776,0.809,0,0.810794
E00474,2024-02-01,BU08,Admin,IC3,0.0,0.55,3.67,0.6,0.602,0,0.689515
E00475,2024-02-01,BU04,Clinical,M1,6.809,0.599,3.43,0.62,0.717,0,0.762726
E00476,2024-02-01,BU07,Admin,M2,3.08,0.595,3.92,0.6,0.547,0,0.604701
E00477,2024-02-01,BU10,Finance,IC3,8.816,0.56,3.53,0.726,0.594,0,0.704265
E00478,2024-02-01,BU03,Clinical,IC3,8.016,0.494,3.59,0.6,0.867,0,0.767665
E00479,2024-02-01,BU06,IT,IC3,9.166,0.598,2.72,0.6,0.695,0,0.810743
E00480,2024-02-01,BU10,Education,IC2,10.029,0.625,3.48,0.6,0.598,0,0.727907
E00481,2024-02-01,BU10,Education,IC3,7.313,0.561,3.63,0.736,0.338,0,0.559658
E00482,2024-02-01,BU09,Admin,IC2,0.0,0.505,3.95,1.312,0.421,0,0.485982
E00483,2024-02-01,BU01,IT,IC1,5.736,0.595,3.61,0.6,0.502,0,0.649569
E00484,2024-02-01,BU05,Clinical,IC1,7.206,0.644,2.93,0.738,0.641,0,0.821135
E00485,2024-02-01,BU04,IT,IC1,9.837,0.609,3.51,0.844,0.629,0,0.679747
E00486,2024-02-01,BU08,IT,IC2,9.185,0.45,3.18,0.839,0.48,0,0.723207
E00487,2024-02-01,BU01,Clinical,IC1,2.894,0.576,3.38,1.272,0.675,0,0.591701
E00488,2024-02-01,BU09,Finance,IC3,1.065,0.566,3.14,0.6,0.632,0,0.818553
E00489,2024-02-01,BU06,IT,IC2,0.0,0.436,3.18,0.672,0.664,0,0.815725
E00490,2024-02-01,BU04,IT,M1,8.934,0.554,3.79,0.745,0.6,0,0.645182
E00491,2024-02-01,BU09,Finance,IC1,7.485,0.814,3.88,1.208,0.699,0,0.439849
E00492,2024-02-01,BU05,IT,IC1,8.331,0.747,2.72,1.096,0.635,0,0.679944
E00493,2024-02-01,BU05,IT,IC3,7.748,0.43,3.81,0.615,0.6,0,0.769827
E00494,2024-02-01,BU05,IT,IC3,3.54,0.552,3.14,0.866,0.709,0,0.772458
E00495,2024-02-01,BU01,Education,IC1,9.325,0.529,3.51,0.719,0.746,0,0.747345
E00496,2024-02-01,BU01,Operations,M1,0.14,0.458,2.47,0.6,0.753,0,0.8538
E00497,2024-02-01,BU08,Finance,M1,2.968,0.466,3.66,0.639,0.667,0,0.774653
E00498,2024-02-01,BU08,IT,IC2,0.454,0.565,4.4,0.6,0.605,0,0.524297
E00499,2024-02-01,BU06,Education,IC2,0.986,0.57,4.07,0.772,0.777,0,0.655853
E00500,2024-02-01,BU04,Finance,M2,0.835,0.451,3.21,0.6,0.519,0,0.818754
E00001,2024-03-01,BU03,Operations,IC2,4.079,0.634,4.06,0.889,0.947,0,0.558192
E00002,2024-03-01,BU05,Education,IC2,6.99,0.551,3.12,1.6,0.722,0,0.560771
E00003,2024-03-01,BU01,Operations,IC2,0.0,0.606,3.31,0.621,0.731,0,0.772312
E00004,2024-03-01,BU01,Clinical,IC1,2.623,0.557,3.05,1.259,0.644,0,0.65607
E00005,2024-03-01,BU10,Finance,IC2,5.895,0.568,3.08,0.6,0.701,0,0.820627
E00006,2024-03-01,BU09,IT,M2,3.387,0.594,3.39,0.6,0.658,0,0.737028
E00007,2024-03-01,BU07,Operations,IC1,0.797,0.419,2.78,1.029,0.805,0,0.858464
E00008,2024-03-01,BU01,Finance,IC1,8.016,0.534,2.59,1.522,0.765,0,0.706974
E00009,2024-03-01,BU08,Clinical,IC2,3.316,0.587,3.06,0.6,0.709,0,0.777981
E00010,2024-03-01,BU03,Admin,M1,0.0,0.564,3.68,0.699,0.653,0,0.722706
E00011,2024-03-01,BU08,Education,IC3,0.0,0.537,3.75,0.62,0.735,0,0.739009
E00012,2024-03-01,BU05,Finance,IC3,2.453,0.438,3.27,0.6,0.575,0,0.828946
E00013,2024-03-01,BU01,Finance,IC1,5.823,0.598,3.61,0.986,0.593,0,0.599735
E00014,2024-03-01,BU07,Admin,IC3,6.423,0.612,3.35,1.195,0.599,0,0.592342
E00015,2024-03-01,BU05,Finance,IC2,2.886,0.5,3.28,0.6,0.557,0,0.753792
E00016,2024-03-01,BU06,Clinical,M1,2.368,0.56,3.17,0.6,0.766,0,0.830529
E00017,2024-03-01,BU06,Clinical,IC3,7.797,0.722,3.35,0.6,0.71,0,0.756902
E00018,2024-03-01,BU08,Admin,IC1,4.444,0.593,3.52,0.741,0.355,0,0.588351
E00019,2024-03-01,BU09,Education,IC1,5.52,0.524,3.36,1.487,0.559,0,0.568311
E00020,2024-03-01,BU02,IT,IC1,8.975,0.565,2.89,0.809,0.427,0,0.766338
E00021,2024-03-01,BU09,Operations,IC2,3.14,0.563,3.64,1.288,0.764,0,0.609256
E00022,2024-03-01,BU10,IT,IC2,4.999,0.355,3.12,1.021,0.788,0,0.805809
E00023,2024-03-01,BU09,Finance,IC3,8.887,0.659,3.83,0.6,0.692,0,0.6735
E00024,2024-03-01,BU10,Operations,IC2,6.073,0.477,3.52,0.648,0.719,0,0.762554
E00025,2024-03-01,BU10,Admin,IC2,10.157,0.532,2.89,0.6,0.578,0,0.735261
E00026,2024-03-01,BU07,Admin,IC1,0.668,0.659,2.97,0.654,0.534,0,0.79033
E00027,2024-03-01,BU01,Education,IC1,4.564,0.575,3.37,1.03,0.661,0,0.715609
E00028,2024-03-01,BU07,Operations,M1,1.61,0.651,3.4,0.6,0.835,0,0.758988
E00029,2024-03-01,BU10,Clinical,IC1,9.76,0.523,2.74,0.773,0.65,0,0.811961
E00030,2024-03-01,BU05,Operations,IC3,0.0,0.543,3.26,0.6,0.753,0,0.780224
E00031,2024-03-01,BU06,Finance,M1,0.137,0.572,3.56,0.6,0.531,0,0.725283
E00032,2024-03-01,BU10,Clinical,IC3,0.646,0.421,3.68,0.6,0.786,0,0.770676
E00033,2024-03-01,BU07,Admin,M1,7.655,0.598,3.29,0.6,0.389,0,0.712042
E00034,2024-03-01,BU05,Operations,IC2,3.461,0.524,3.97,0.783,0.67,0,0.617032
E00035,2024-03-01,BU07,IT,M2,6.927,0.458,3.84,0.6,0.537,0,0.675909
E00036,2024-03-01,BU09,Education,IC1,1.492,0.493,3.81,0.616,0.498,0,0.654605
E00037,2024-03-01,BU03,IT,IC1,8.11,0.665,3.3,1.6,0.716,0,0.511314
E00038,2024-03-01,BU08,Education,IC3,6.152,0.58,3.01,0.6,0.812,0,0.843614
E00039,2024-03-01,BU02,Finance,M2,7.904,0.608,2.57,0.6,0.646,0,0.794611
E00040,2024-03-01,BU07,IT,M1,3.447,0.54,3.22,0.6,0.704,0,0.796065
E00041,2024-03-01,BU02,Operations,IC1,5.678,0.52,3.19,1.6,0.726,0,0.638889
E00042,2024-03-01,BU04,Operations,IC2,1.295,0.499,2.76,0.6,0.831,0,0.888528
E00043,2024-03-01,BU07,IT,M2,3.932,0.575,3.22,0.755,0.441,0,0.704949
E00044,2024-03-01,BU03,Operations,IC2,9.155,0.567,2.66,0.821,0.618,0,0.829129
E00045,2024-03-01,BU02,Finance,M1,6.85,0.588,3.35,0.6,0.431,0,0.711005
E00046,2024-03-01,BU10,Clinical,M1,1.216,0.56,2.81,0.724,0.736,0,0.862235
E00047,2024-03-01,BU07,Finance,IC2,8.474,0.614,3.85,0.6,0.523,0,0.620903
E00048,2024-03-01,BU01,Education,IC2,0.936,0.448,3.52,0.6,0.812,0,0.814704
E00049,2024-03-01,BU08,Finance,IC2,1.202,0.442,3.69,0.623,0.709,0,0.789565
E00050,2024-03-01,BU03,Education,IC1,0.479,0.465,3.5,0.6,0.527,0,0.769657
E00051,2024-03-01,BU02,Operations,M1,5.648,0.551,3.29,0.6,0.787,0,0.755983
E00052,2024-03-01,BU03,Clinical,IC2,8.233,0.587,3.12,1.034,0.86,0,0.736244
E00053,2024-03-01,BU05,Operations,M1,6.897,0.456,2.97,0.6,0.865,0,0.877092
E00054,2024-03-01,BU08,Admin,IC1,3.964,0.569,3.42,1.48,0.635,0,0.579767
E00055,2024-03-01,BU10,Operations,M2,2.366,0.596,3.74,0.6,0.769,0,0.738074
E00056,2024-03-01,BU07,Education,IC2,7.819,0.629,3.05,1.075,0.598,0,0.703284
E00057,2024-03-01,BU07,Operations,IC1,9.834,0.582,3.6,0.772,0.757,0,0.757746
E00058,2024-03-01,BU07,Operations,IC1,6.94,0.642,4.03,0.753,0.729,0,0.656851
E00059,2024-03-01,BU08,Clinical,IC3,8.211,0.693,3.35,1.12,0.839,0,0.650804
E00060,2024-03-01,BU01,Operations,IC3,2.497,0.594,3.32,0.6,0.721,1,0.824585
E00061,2024-03-01,BU04,Clinical,M1,6.85,0.645,3.05,0.6,0.81,0,0.819908
E00062,2024-03-01,BU06,IT,IC1,8.287,0.485,3.33,1.177,0.591,0,0.647532
E00063,2024-03-01,BU09,Admin,IC1,4.835,0.615,3.68,1.224,0.669,0,0.553121
E00064,2024-03-01,BU02,Clinical,IC2,4.879,0.584,2.94,0.6,0.858,0,0.793725
E00065,2024-03-01,BU01,Education,IC2,0.775,0.407,3.54,1.081,0.674,0,0.715
E00066,2024-03-01,BU10,IT,IC2,6.664,0.547,3.35,0.6,0.752,0,0.781002
E00067,2024-03-01,BU02,Clinical,M2,4.463,0.614,3.6,0.629,0.769,0,0.760123
E00068,2024-03-01,BU07,Clinical,M2,8.613,0.545,3.18,0.6,0.849,0,0.878774
E00069,2024-03-01,BU03,Admin,M2,0.816,0.45,2.96,0.6,0.657,0,0.829015
E00070,2024-03-01,BU10,Education,M1,8.397,0.617,4.04,0.6,0.549,0,0.655195
E00071,2024-03-01,BU02,Finance,IC2,0.367,0.608,3.04,0.953,0.631,0,0.743027
E00072,2024-03-01,BU07,Finance,IC2,6.65,0.573,3.69,1.177,0.535,0,0.60151
E00073,2024-03-01,BU02,Clinical,IC2,2.366,0.649,3.11,0.764,0.676,0,0.802014
E00074,2024-03-01,BU03,Operations,M1,3.819,0.505,2.83,0.6,0.985,0,0.847674
E00075,2024-03-01,BU07,Education,IC1,1.988,0.399,3.6,1.21,0.578,0,0.611301
E00076,2024-03-01,BU04,IT,IC2,2.661,0.631,3.65,0.795,0.749,0,0.668815
E00077,2024-03-01,BU01,Operations,IC1,5.314,0.603,3.67,0.6,0.593,0,0.702579
E00078,2024-03-01,BU05,Operations,IC2,8.282,0.711,3.26,0.6,0.707,0,0.735196
E00079,2024-03-01,BU09,Education,M1,6.059,0.62,3.71,0.6,0.497,0,0.683738
E00080,2024-03-01,BU08,Clinical,M1,2.223,0.643,3.29,0.846,0.771,0,0.740736
E00081,2024-03-01,BU09,Clinical,IC1,0.446,0.676,3.32,1.509,0.776,0,0.585061
E00082,2024-03-01,BU10,Clinical,M2,1.377,0.239,3.42,0.73,0.654,0,0.819375
E00083,2024-03-01,BU09,Clinical,IC3,1.377,0.584,3.65,0.678,0.838,0,0.782063
E00084,2024-03-01,BU07,Finance,IC1,9.248,0.602,3.09,1.325,0.481,0,0.574388
E00085,2024-03-01,BU04,Clinical,IC2,2.111,0.502,3.72,0.6,0.651,0,0.783719
E00086,2024-03-01,BU05,Finance,IC2,3.732,0.601,3.13,0.67,0.415,0,0.710834
E00087,2024-03-01,BU01,Finance,IC1,1.596,0.559,3.59,1.111,0.651,0,0.626743
E00088,2024-03-01,BU01,Clinical,M2,2.574,0.687,2.98,0.6,0.572,0,0.756272
E00089,2024-03-01,BU03,Admin,IC2,9.402,0.534,3.15,0.793,0.494,0,0.737626
E00090,2024-03-01,BU08,IT,M1,2.431,0.55,3.46,0.995,0.549,0,0.691375
E00091,2024-03-01,BU02,Operations,IC2,3.077,0.575,3.46,0.908,0.538,0,0.654857
E00092,2024-03-01,BU04,Finance,IC1,0.0,0.512,3.33,1.338,0.526,0,0.566517
E00093,2024-03-01,BU02,Education,IC2,7.343,0.788,4.0,0.6,0.671,0,0.595604
E00094,2024-03-01,BU05,Education,IC1,10.018,0.656,3.09,1.57,0.547,0,0.556954
E00095,2024-03-01,BU09,IT,IC2,2.834,0.533,3.18,0.706,0.605,0,0.786946
E00096,2024-03-01,BU01,Education,M1,7.825,0.612,3.28,0.6,0.697,0,0.782695
E00097,2024-03-01,BU05,Admin,IC2,7.691,0.53,2.77,0.661,0.675,0,0.878978
E00098,2024-03-01,BU09,Education,IC3,9.999,0.753,2.84,0.6,0.417,0,0.673301
E00099,2024-03-01,BU01,Operations,IC1,0.0,0.489,3.14,1.347,0.653,0,0.687087
E00100,2024-03-01,BU09,Operations,IC1,6.152,0.658,3.67,0.839,0.743,0,0.649928
E00101,2024-03-01,BU08,Finance,IC1,0.679,0.524,3.33,0.791,0.632,0,0.722016
E00102,2024-03-01,BU04,Clinical,IC3,3.89,0.466,3.53,0.6,0.731,0,0.832895
E00103,2024-03-01,BU10,Admin,IC1,1.164,0.523,3.04,1.344,0.69,0,0.718936
E00104,2024-03-01,BU05,Finance,IC2,1.61,0.457,2.83,0.712,0.416,0,0.833913
E00105,2024-03-01,BU05,Admin,IC3,3.483,0.559,3.41,0.6,0.669,0,0.771644
E00106,2024-03-01,BU06,Clinical,IC2,1.884,0.509,3.32,0.844,0.696,0,0.767432
E00107,2024-03-01,BU07,Education,IC1,2.877,0.559,3.37,0.668,0.699,0,0.762292
E00108,2024-03-01,BU08,Education,IC2,8.742,0.624,2.98,0.6,0.789,0,0.766283
E00109,2024-03-01,BU08,Clinical,M1,9.216,0.537,3.21,0.88,0.738,0,0.716709
E00110,2024-03-01,BU02,Finance,IC3,3.937,0.52,2.93,0.754,0.759,0,0.826385
E00111,2024-03-01,BU09,Clinical,IC2,3.195,0.634,3.73,0.738,0.899,0,0.711808
E00112,2024-03-01,BU07,IT,IC1,2.686,0.473,3.97,0.786,0.693,0,0.665876
E00113,2024-03-01,BU04,Operations,M2,5.629,0.586,3.57,0.743,0.874,0,0.792158
E00114,2024-03-01,BU04,Finance,IC3,7.31,0.563,3.54,1.6,0.564,0,0.510827
E00115,2024-03-01,BU08,Admin,IC2,2.404,0.559,3.66,0.89,0.663,0,0.701223
E00116,2024-03-01,BU04,IT,M1,4.378,0.662,3.81,0.6,0.595,0,0.612982
E00117,2024-03-01,BU06,Finance,IC2,0.0,0.605,3.72,0.719,0.557,0,0.61246
E00118,2024-03-01,BU05,Clinical,IC2,7.636,0.653,3.74,0.86,0.892,0,0.702597
E00119,2024-03-01,BU03,Clinical,IC3,9.969,0.725,3.17,0.6,0.722,0,0.729914
E00120,2024-03-01,BU10,Clinical,IC1,8.077,0.675,3.81,0.987,0.79,0,0.627045
E00121,2024-03-01,BU02,Clinical,M2,5.177,0.629,2.97,0.6,0.691,0,0.840317
E00122,2024-03-01,BU09,Admin,IC3,7.365,0.617,3.22,0.956,0.61,0,0.729457
E00123,2024-03-01,BU10,IT,IC3,9.867,0.752,2.95,0.954,0.658,0,0.704616
E00124,2024-03-01,BU09,Education,IC1,5.24,0.563,3.66,0.933,0.702,0,0.683157
E00125,2024-03-01,BU01,Operations,IC1,0.575,0.61,3.36,1.547,0.706,0,0.494303
E00126,2024-03-01,BU10,Admin,IC2,3.428,0.437,2.71,1.543,0.539,0,0.697455
E00127,2024-03-01,BU03,Admin,M1,3.639,0.617,2.5,0.6,0.706,0,0.835809
E00128,2024-03-01,BU08,Education,IC2,0.093,0.591,3.81,0.883,0.634,0,0.674179
E00129,2024-03-01,BU06,Education,IC2,1.99,0.551,3.39,0.6,0.74,0,0.769628
E00130,2024-03-01,BU05,Operations,IC3,0.197,0.665,2.47,0.6,0.664,0,0.829126
E00131,2024-03-01,BU05,Operations,IC1,0.471,0.444,3.31,0.684,0.787,0,0.766336
E00132,2024-03-01,BU06,Education,IC3,7.222,0.687,3.12,0.6,0.587,0,0.76607
E00133,2024-03-01,BU07,Clinical,IC1,4.145,0.799,3.09,0.65,0.865,0,0.729857
E00134,2024-03-01,BU01,Admin,M2,9.484,0.604,3.39,0.6,0.541,0,0.715918
E00135,2024-03-01,BU09,Finance,IC2,6.568,0.631,3.7,0.658,0.692,0,0.640074
E00136,2024-03-01,BU03,Operations,IC1,7.143,0.629,3.59,1.385,0.637,0,0.50536
E00137,2024-03-01,BU04,Operations,IC2,5.689,0.564,3.89,0.668,0.69,0,0.730147
E00138,2024-03-01,BU10,Education,IC2,3.795,0.587,3.68,0.6,0.447,0,0.629935
E00139,2024-03-01,BU01,IT,M1,3.68,0.726,3.27,0.6,0.572,0,0.682077
E00140,2024-03-01,BU10,Finance,IC3,0.0,0.628,3.19,0.611,0.649,0,0.737043
E00141,2024-03-01,BU03,Finance,IC3,6.22,0.558,3.6,0.6,0.55,0,0.717998
E00142,2024-03-01,BU02,Operations,IC1,3.803,0.493,3.29,0.959,0.508,0,0.738175
E00143,2024-03-01,BU02,Clinical,IC1,0.0,0.395,3.12,0.664,0.81,0,0.846998
E00144,2024-03-01,BU01,IT,IC1,7.8,0.692,3.08,1.031,0.727,0,0.708738
E00145,2024-03-01,BU08,Finance,IC3,4.312,0.43,3.92,1.6,0.595,0,0.474755
E00146,2024-03-01,BU03,Operations,M1,8.203,0.594,3.45,0.6,0.691,0,0.746678
E00147,2024-03-01,BU03,Finance,IC2,0.769,0.533,3.38,0.628,0.525,0,0.775449
E00148,2024-03-01,BU06,IT,IC1,1.916,0.625,3.88,0.732,0.579,0,0.633117
E00149,2024-03-01,BU08,IT,IC3,5.963,0.527,3.19,0.6,0.608,0,0.825329
E00150,2024-03-01,BU09,Admin,M1,4.983,0.507,3.81,0.767,0.581,0,0.609772
E00151,2024-03-01,BU09,Education,IC3,6.842,0.59,3.36,0.72,0.736,0,0.779418
E00152,2024-03-01,BU04,Education,M1,0.0,0.466,3.04,0.727,0.706,0,0.78724
E00153,2024-03-01,BU05,Operations,IC2,1.049,0.653,3.58,0.741,0.706,0,0.711014
E00154,2024-03-01,BU02,IT,IC1,3.466,0.577,3.27,0.651,0.471,0,0.67598
E00155,2024-03-01,BU09,Admin,M1,2.155,0.556,3.35,0.6,0.509,0,0.71048
E00156,2024-03-01,BU08,Admin,IC3,4.123,0.714,4.13,0.854,0.421,0,0.441266
E00157,2024-03-01,BU03,Finance,IC2,9.826,0.616,3.41,0.766,0.796,0,0.740321
E00158,2024-03-01,BU09,Finance,IC3,9.739,0.564,2.75,1.008,0.658,0,0.75698
E00159,2024-03-01,BU03,Admin,M1,1.687,0.537,3.01,0.611,0.487,0,0.76279
E00160,2024-03-01,BU09,Finance,IC3,0.0,0.609,3.67,0.6,0.473,0,0.621939
E00161,2024-03-01,BU02,IT,IC3,1.648,0.533,3.09,0.6,0.535,0,0.809511
E00162,2024-03-01,BU10,Clinical,IC2,6.472,0.558,3.65,0.909,0.79,0,0.703105
E00163,2024-03-01,BU09,IT,IC2,1.287,0.482,3.03,0.941,0.785,0,0.78702
E00164,2024-03-01,BU08,Admin,IC2,7.173,0.653,3.31,1.022,0.595,0,0.576243
E00165,2024-03-01,BU09,Admin,M1,3.346,0.709,4.06,0.6,0.512,0,0.525025
E00166,2024-03-01,BU05,IT,M1,4.561,0.525,3.5,0.6,0.651,0,0.731371
E00167,2024-03-01,BU02,Finance,M1,2.691,0.506,3.47,0.6,0.586,0,0.77598
E00168,2024-03-01,BU08,Finance,IC1,0.0,0.589,3.18,1.595,0.543,0,0.556572
E00169,2024-03-01,BU06,Education,IC3,1.547,0.663,3.4,0.6,0.768,0,0.76289
E00170,2024-03-01,BU08,Admin,M1,5.229,0.689,2.82,0.6,0.69,0,0.754127
E00171,2024-03-01,BU05,Operations,IC3,9.812,0.575,2.89,0.751,0.487,0,0.799412
E00172,2024-03-01,BU10,Education,M1,7.524,0.612,4.34,0.697,0.779,0,0.589434
E00173,2024-03-01,BU02,Finance,M1,0.389,0.613,3.41,0.908,0.526,0,0.669855
E00174,2024-03-01,BU06,IT,IC2,2.188,0.55,3.37,1.313,0.682,0,0.595341
E00175,2024-03-01,BU05,Finance,IC2,0.0,0.58,3.66,0.637,0.46,0,0.661467
E00176,2024-03-01,BU05,IT,IC1,4.381,0.674,3.52,0.6,0.535,0,0.658914
E00177,2024-03-01,BU01,Education,IC2,2.571,0.536,2.97,0.6,0.426,0,0.800503
E00178,2024-03-01,BU02,Admin,IC3,1.361,0.503,2.81,0.621,0.519,0,0.792705
E00179,2024-03-01,BU08,Finance,M1,6.179,0.602,3.28,0.6,0.832,0,0.804664
E00180,2024-03-01,BU03,IT,IC1,10.042,0.547,2.98,1.6,0.697,0,0.667799
E00181,2024-03-01,BU10,Admin,IC1,9.24,0.513,3.9,0.949,0.581,0,0.595707
E00182,2024-03-01,BU03,Operations,IC3,0.192,0.399,3.15,0.858,0.791,0,0.856222
E00183,2024-03-01,BU08,IT,IC1,6.773,0.622,3.31,1.012,0.75,0,0.654713
E00184,2024-03-01,BU08,Education,IC1,3.431,0.621,3.72,0.869,0.788,0,0.678792
E00185,2024-03-01,BU02,Operations,IC1,8.917,0.669,3.15,0.6,0.601,0,0.746757
E00186,2024-03-01,BU08,Operations,IC1,7.272,0.749,3.63,0.893,0.667,0,0.560183
E00187,2024-03-01,BU01,Clinical,IC1,9.689,0.578,2.58,1.6,0.592,0,0.641678
E00188,2024-03-01,BU06,Finance,IC2,6.114,0.417,3.36,0.6,0.691,0,0.812921
E00189,2024-03-01,BU08,IT,IC2,9.478,0.588,3.33,0.6,0.699,0,0.786202
E00190,2024-03-01,BU03,Operations,M1,3.124,0.493,3.16,1.073,0.634,0,0.741822
E00191,2024-03-01,BU08,Clinical,IC2,9.78,0.677,3.28,0.978,0.716,0,0.681516
E00192,2024-03-01,BU01,Education,IC3,0.0,0.4,3.21,0.698,0.613,0,0.734961
E00193,2024-03-01,BU09,Admin,IC1,9.227,0.719,3.41,1.421,0.529,0,0.474605
E00194,2024-03-01,BU09,IT,IC1,8.947,0.533,3.57,0.674,0.779,0,0.744179
E00195,2024-03-01,BU05,Operations,IC3,8.728,0.502,3.42,0.624,0.809,0,0.793542
E00196,2024-03-01,BU10,Finance,IC1,5.054,0.557,2.82,1.368,0.638,0,0.715298
E00197,2024-03-01,BU04,Clinical,IC2,3.948,0.531,3.44,1.6,0.592,0,0.586628
E00198,2024-03-01,BU06,Operations,IC3,5.769,0.776,2.87,0.6,0.596,0,0.754849
E00199,2024-03-01,BU07,Finance,IC3,9.443,0.741,3.65,0.921,0.649,0,0.542034
E00200,2024-03-01,BU05,Operations,IC1,10.01,0.57,3.68,1.097,0.915,0,0.684444
E00201,2024-03-01,BU10,IT,IC2,7.392,0.5,3.79,0.726,0.834,0,0.77423
E00202,2024-03-01,BU09,IT,IC3,8.578,0.603,3.07,0.65,0.62,1,0.81622
E00203,2024-03-01,BU03,IT,IC1,6.026,0.509,2.77,0.6,0.627,0,0.825778
E00204,2024-03-01,BU07,Education,IC3,0.266,0.493,2.97,0.884,0.545,0,0.777912
E00205,2024-03-01,BU10,Education,IC3,4.767,0.495,2.66,0.6,0.797,0,0.887991
E00206,2024-03-01,BU10,Clinical,M2,3.639,0.688,3.24,0.6,0.835,0,0.787178
E00207,2024-03-01,BU05,IT,IC1,6.568,0.692,3.55,1.334,0.491,0,0.507052
E00208,2024-03-01,BU07,Finance,M1,4.162,0.519,2.89,0.677,0.642,0,0.810891
E00209,2024-03-01,BU02,Operations,IC2,0.0,0.342,3.61,0.743,0.722,0,0.774973
E00210,2024-03-01,BU04,Admin,IC2,3.116,0.669,3.26,1.091,0.528,0,0.605028
E00211,2024-03-01,BU02,Finance,IC1,0.008,0.62,3.25,1.447,0.684,0,0.567447
E00212,2024-03-01,BU07,Education,IC3,10.16,0.622,3.65,1.005,0.744,0,0.590533
E00213,2024-03-01,BU02,Education,IC1,4.26,0.727,3.28,0.721,0.543,0,0.678335
E00214,2024-03-01,BU01,Finance,IC2,2.79,0.576,3.15,1.006,0.576,0,0.689257
E00215,2024-03-01,BU09,Education,IC1,5.388,0.478,3.18,0.954,0.513,0,0.731988
E00216,2024-03-01,BU01,IT,M1,6.426,0.668,3.11,0.983,0.727,0,0.703713
E00217,2024-03-01,BU08,Clinical,M1,8.72,0.54,3.02,0.6,0.805,0,0.788109
E00218,2024-03-01,BU02,Operations,IC3,4.26,0.46,3.3,0.6,0.764,0,0.844339
E00219,2024-03-01,BU08,Clinical,IC2,4.282,0.465,3.74,0.657,0.734,0,0.738688
E00220,2024-03-01,BU03,Operations,IC1,0.107,0.52,3.08,1.047,0.631,0,0.731591
E00221,2024-03-01,BU06,Operations,IC3,10.1,0.677,2.87,0.798,0.772,0,0.76235
E00222,2024-03-01,BU03,Clinical,IC2,2.012,0.66,3.88,0.852,0.837,0,0.670583
E00223,2024-03-01,BU07,Finance,IC1,0.0,0.564,3.29,1.056,0.516,0,0.590931
E00224,2024-03-01,BU10,Operations,IC3,4.95,0.583,3.05,0.798,0.654,0,0.757052
E00225,2024-03-01,BU09,Clinical,M2,8.151,0.581,3.2,0.6,0.709,0,0.851728
E00226,2024-03-01,BU02,Operations,IC3,6.779,0.629,3.22,0.6,0.654,0,0.755488
E00227,2024-03-01,BU05,Admin,IC3,0.0,0.378,3.32,0.6,0.557,0,0.793797
E00228,2024-03-01,BU06,Finance,M2,6.749,0.766,2.7,0.674,0.573,0,0.729885
E00229,2024-03-01,BU04,IT,IC1,7.203,0.649,3.36,1.065,0.675,0,0.650164
E00230,2024-03-01,BU04,Operations,IC3,1.136,0.499,3.76,0.6,0.834,0,0.773262
E00231,2024-03-01,BU04,Admin,M2,7.775,0.669,3.99,0.628,0.735,0,0.639212
E00232,2024-03-01,BU02,IT,IC1,7.765,0.552,2.99,1.6,0.534,0,0.550446
E00233,2024-03-01,BU04,IT,IC3,6.675,0.556,3.21,0.6,0.595,0,0.805325
E00234,2024-03-01,BU01,Operations,IC3,3.953,0.499,3.35,0.711,0.658,0,0.753089
E00235,2024-03-01,BU06,Clinical,IC3,6.779,0.658,2.98,0.6,0.744,0,0.779328
E00236,2024-03-01,BU01,Operations,IC3,1.624,0.555,2.64,0.787,0.888,0,0.837851
E00237,2024-03-01,BU10,Admin,M1,9.818,0.705,2.64,0.6,0.583,0,0.814931
E00238,2024-03-01,BU06,IT,M1,2.79,0.455,2.64,0.6,0.671,0,0.899533
E00239,2024-03-01,BU01,Operations,IC1,3.781,0.538,3.01,1.292,0.627,0,0.661244
E00240,2024-03-01,BU06,Clinical,M1,8.394,0.489,3.49,0.845,0.694,0,0.754006
E00241,2024-03-01,BU10,Operations,IC1,2.371,0.701,3.68,1.056,0.681,0,0.520405
E00242,2024-03-01,BU08,Finance,IC2,9.949,0.538,3.24,0.677,0.662,0,0.758094
E00243,2024-03-01,BU02,Clinical,IC2,0.107,0.471,3.23,0.6,0.942,0,0.82605
E00244,2024-03-01,BU02,Admin,IC2,1.777,0.705,2.95,0.6,0.609,0,0.798759
E00245,2024-03-01,BU04,IT,IC2,1.424,0.68,3.32,0.623,0.592,0,0.696508
E00246,2024-03-01,BU03,Operations,M2,9.144,0.493,3.92,0.6,0.894,0,0.773399
E00247,2024-03-01,BU04,Clinical,IC3,3.956,0.584,3.15,0.617,0.902,0,0.798549
E00248,2024-03-01,BU07,Finance,IC3,0.901,0.535,3.42,0.6,0.647,0,0.779519
E00249,2024-03-01,BU01,Clinical,IC1,8.164,0.649,3.59,1.027,0.895,0,0.706571
E00250,2024-03-01,BU06,Education,M1,4.131,0.516,3.5,0.719,0.485,0,0.685713
E00251,2024-03-01,BU03,Finance,M1,0.523,0.458,2.89,0.6,0.565,0,0.869975
E00252,2024-03-01,BU10,Admin,M1,2.029,0.584,3.1,0.6,0.636,0,0.763257
E00253,2024-03-01,BU07,IT,IC1,6.177,0.559,3.27,0.733,0.543,1,0.800795
E00254,2024-03-01,BU10,Admin,IC1,9.52,0.582,3.87,1.173,0.75,0,0.552646
E00255,2024-03-01,BU02,Operations,IC1,8.619,0.581,4.13,1.192,0.657,0,0.450281
E00256,2024-03-01,BU02,Clinical,IC1,9.372,0.486,3.1,1.0,0.94,0,0.80095
E00257,2024-03-01,BU04,Education,IC2,5.383,0.615,2.91,1.246,0.634,0,0.673946
E00258,2024-03-01,BU01,Finance,M1,6.037,0.526,3.28,0.6,0.48,0,0.738122
E00259,2024-03-01,BU03,Finance,IC2,0.0,0.418,3.45,1.565,0.557,0,0.548011
E00260,2024-03-01,BU09,Clinical,IC1,3.699,0.54,3.61,1.279,0.792,0,0.602943
E00261,2024-03-01,BU07,Education,IC2,1.955,0.434,3.49,0.6,0.658,0,0.740049
E00262,2024-03-01,BU07,Clinical,IC1,1.331,0.55,3.47,1.6,1.0,0,0.575495
E00263,2024-03-01,BU04,Operations,IC1,8.044,0.646,3.67,0.69,0.646,0,0.615283
E00264,2024-03-01,BU02,Admin,IC2,7.198,0.641,3.36,0.6,0.724,0,0.733475
E00265,2024-03-01,BU04,Finance,IC2,8.126,0.576,3.73,0.903,0.532,0,0.60871
E00266,2024-03-01,BU06,Operations,M1,6.702,0.638,3.67,0.6,0.584,0,0.70331
E00267,2024-03-01,BU03,Admin,M2,2.245,0.643,3.28,0.6,0.543,0,0.708229
E00268,2024-03-01,BU01,Operations,IC2,4.778,0.62,3.26,1.254,0.894,0,0.660921
E00269,2024-03-01,BU08,Education,IC2,2.256,0.413,2.81,0.898,0.75,0,0.80915
E00270,2024-03-01,BU05,Finance,M1,9.454,0.553,3.24,0.712,0.615,0,0.760923
E00271,2024-03-01,BU05,Clinical,IC2,3.116,0.47,3.75,0.6,0.833,0,0.75421
E00272,2024-03-01,BU04,Clinical,IC1,6.653,0.659,3.17,0.6,0.841,0,0.796574
E00273,2024-03-01,BU06,Admin,M1,0.0,0.628,3.69,0.66,0.599,0,0.663141
E00274,2024-03-01,BU03,IT,IC1,9.826,0.598,3.15,1.244,0.732,0,0.677377
E00275,2024-03-01,BU09,Education,IC3,3.077,0.505,3.49,0.824,0.512,0,0.692571
E00276,2024-03-01,BU05,Admin,IC3,6.311,0.536,3.44,0.701,0.635,0,0.771105
E00277,2024-03-01,BU03,IT,IC2,4.942,0.641,3.88,0.6,0.508,0,0.60809
E00278,2024-03-01,BU01,Operations,IC2,2.65,0.503,2.86,1.6,0.768,0,0.669357
E00279,2024-03-01,BU10,Education,M1,6.743,0.405,4.08,0.636,0.544,0,0.727462
E00280,2024-03-01,BU06,Operations,IC1,7.222,0.753,3.85,0.9,0.773,0,0.542246
E00281,2024-03-01,BU02,Finance,IC1,2.053,0.587,3.17,0.914,0.583,0,0.731189
E00282,2024-03-01,BU03,Education,IC3,7.699,0.576,3.15,0.635,0.675,0,0.830769
E00283,2024-03-01,BU01,IT,IC2,2.042,0.765,2.98,1.139,0.683,0,0.62511
E00284,2024-03-01,BU09,Finance,IC1,9.076,0.543,3.5,0.991,0.517,0,0.658582
E00285,2024-03-01,BU08,Clinical,M1,9.005,0.561,3.39,0.748,0.697,0,0.713727
E00286,2024-03-01,BU02,IT,IC2,8.331,0.532,3.71,0.8,0.671,0,0.736467
E00287,2024-03-01,BU08,Admin,M1,4.942,0.556,2.89,0.6,0.539,0,0.770964
E00288,2024-03-01,BU09,Clinical,M1,8.019,0.667,2.79,0.642,0.656,0,0.772745
E00289,2024-03-01,BU01,Clinical,IC3,1.843,0.658,2.93,0.862,0.577,0,0.726297
E00290,2024-03-01,BU05,Admin,IC2,6.45,0.612,3.47,0.691,0.614,0,0.677927
E00291,2024-03-01,BU08,Education,M2,9.733,0.609,3.7,0.6,0.611,0,0.663458
E00292,2024-03-01,BU02,Clinical,IC1,7.143,0.718,3.41,0.977,0.653,0,0.610373
E00293,2024-03-01,BU04,IT,IC3,9.582,0.659,3.05,0.639,0.557,0,0.755384
E00294,2024-03-01,BU07,Finance,IC1,5.183,0.451,3.29,0.738,0.494,0,0.778423
E00295,2024-03-01,BU03,Clinical,IC2,6.606,0.625,3.16,0.6,0.839,0,0.782224
E00296,2024-03-01,BU05,IT,IC2,2.409,0.535,3.52,0.922,0.538,0,0.632753
E00297,2024-03-01,BU08,Operations,M2,2.938,0.588,3.54,0.6,0.679,0,0.708613
E00298,2024-03-01,BU10,IT,M2,4.104,0.428,3.67,0.6,0.736,0,0.722459
E00299,2024-03-01,BU03,Finance,IC1,7.762,0.588,3.14,0.75,0.514,0,0.689539
E00300,2024-03-01,BU04,IT,IC1,9.897,0.623,3.76,0.733,0.688,0,0.669965
E00301,2024-03-01,BU09,Admin,IC3,9.358,0.514,3.3,0.709,0.672,0,0.761835
E00302,2024-03-01,BU07,Finance,IC2,0.0,0.604,3.25,0.6,0.692,0,0.743268
E00303,2024-03-01,BU01,Education,IC1,8.126,0.688,3.03,1.6,0.495,0,0.517834
E00304,2024-03-01,BU04,Operations,IC3,4.405,0.573,3.44,0.621,0.608,0,0.738535
E00305,2024-03-01,BU04,Admin,IC2,4.159,0.625,3.38,0.6,0.663,0,0.809973
E00306,2024-03-01,BU09,Education,M2,4.2,0.405,3.73,0.6,0.547,0,0.775473
E00307,2024-03-01,BU06,IT,IC1,4.917,0.605,2.87,0.905,0.771,0,0.78926
E00308,2024-03-01,BU09,Finance,IC2,4.509,0.533,4.13,1.134,0.654,0,0.553164
E00309,2024-03-01,BU06,Operations,IC2,7.795,0.533,2.83,0.863,0.941,0,0.827183
E00310,2024-03-01,BU06,Admin,M1,5.06,0.501,3.73,0.6,0.551,0,0.726663
E00311,2024-03-01,BU05,Education,IC2,2.746,0.414,2.85,0.676,0.678,0,0.817585
E00312,2024-03-01,BU05,Education,IC3,0.0,0.389,3.5,0.68,0.756,0,0.750569
E00313,2024-03-01,BU02,Operations,IC1,0.016,0.522,2.56,0.6,0.578,0,0.875643
E00314,2024-03-01,BU08,IT,M1,8.296,0.62,3.56,0.873,0.629,0,0.626305
E00315,2024-03-01,BU08,Operations,IC2,5.268,0.652,3.79,0.6,0.7,0,0.694158
E00316,2024-03-01,BU01,Education,IC1,9.295,0.466,2.93,1.469,0.684,0,0.731309
E00317,2024-03-01,BU08,Clinical,IC3,9.974,0.53,3.66,0.8,0.684,0,0.742794
E00318,2024-03-01,BU05,Admin,IC1,5.457,0.534,3.35,1.177,0.406,0,0.564131
E00319,2024-03-01,BU02,Operations,IC1,7.658,0.527,3.35,1.38,0.555,0,0.588121
E00320,2024-03-01,BU02,Education,M1,6.615,0.61,3.22,0.618,0.6,0,0.739974
E00321,2024-03-01,BU06,IT,IC2,7.318,0.662,2.98,0.955,0.498,0,0.739707
E00322,2024-03-01,BU09,Education,IC3,9.692,0.525,3.85,0.6,0.668,0,0.730369
E00323,2024-03-01,BU01,IT,IC2,9.528,0.498,2.69,0.91,0.606,0,0.854782
E00324,2024-03-01,BU06,Operations,M1,5.881,0.626,3.59,0.6,0.778,0,0.768835
E00325,2024-03-01,BU09,IT,IC1,4.523,0.639,3.54,0.86,0.593,0,0.698031
E00326,2024-03-01,BU08,Finance,IC2,7.874,0.67,3.69,1.503,0.524,0,0.398464
E00327,2024-03-01,BU06,Finance,M2,1.536,0.531,2.91,0.6,0.684,0,0.824539
E00328,2024-03-01,BU03,Finance,M1,5.481,0.575,2.91,0.6,0.767,0,0.820837
E00329,2024-03-01,BU08,Clinical,IC2,2.976,0.641,3.01,0.77,0.83,0,0.744066
E00330,2024-03-01,BU09,Operations,IC2,9.985,0.634,3.81,0.69,0.927,0,0.702223
E00331,2024-03-01,BU01,Education,M1,5.331,0.505,2.93,0.601,0.637,0,0.776633
E00332,2024-03-01,BU09,Education,IC2,8.019,0.637,3.27,0.873,0.59,0,0.741944
E00333,2024-03-01,BU06,Clinical,M1,9.361,0.63,3.08,0.6,0.707,0,0.786239
E00334,2024-03-01,BU06,IT,M1,6.951,0.472,3.71,0.6,0.759,1,0.855768
E00335,2024-03-01,BU04,Clinical,IC1,5.96,0.691,3.93,0.69,0.791,0,0.62969
E00336,2024-03-01,BU01,IT,IC1,3.784,0.62,3.04,1.233,0.669,0,0.606527
E00337,2024-03-01,BU10,IT,IC3,9.826,0.599,3.19,0.706,0.598,0,0.775211
E00338,2024-03-01,BU08,Admin,IC1,8.005,0.702,3.15,1.003,0.693,0,0.609199
E00339,2024-03-01,BU02,Education,IC2,8.203,0.63,3.85,0.918,0.781,0,0.578086
E00340,2024-03-01,BU01,Finance,M2,1.413,0.489,3.77,0.6,0.834,0,0.726246
E00341,2024-03-01,BU02,IT,IC3,0.75,0.559,3.33,0.885,0.618,0,0.728222
E00342,2024-03-01,BU01,Admin,M1,4.797,0.665,3.25,0.6,0.55,0,0.781045
E00343,2024-03-01,BU01,Education,IC3,0.739,0.61,2.89,1.071,0.552,0,0.687544
E00344,2024-03-01,BU09,Finance,IC3,8.112,0.63,3.68,0.6,0.463,0,0.655984
E00345,2024-03-01,BU01,IT,IC1,2.806,0.517,2.65,0.6,0.506,0,0.866604
E00346,2024-03-01,BU04,IT,IC2,2.472,0.497,3.83,0.639,0.58,1,0.735472
E00347,2024-03-01,BU10,Clinical,IC2,8.246,0.651,3.95,0.634,0.904,0,0.692432
E00348,2024-03-01,BU06,Clinical,IC2,4.411,0.449,3.15,0.672,0.811,0,0.892869
E00349,2024-03-01,BU07,Education,M1,4.019,0.638,2.83,0.6,0.768,0,0.819152
E00350,2024-03-01,BU02,Finance,IC2,9.103,0.485,3.21,1.089,0.357,0,0.707862
E00351,2024-03-01,BU06,IT,IC2,0.0,0.399,2.84,0.645,0.634,0,0.818422
E00352,2024-03-01,BU07,Education,IC2,0.279,0.549,3.07,0.6,0.582,0,0.766272
E00353,2024-03-01,BU10,Education,IC1,8.487,0.654,3.48,0.699,0.584,0,0.719106
E00354,2024-03-01,BU10,Operations,IC2,0.405,0.489,3.13,0.668,0.68,0,0.809803
E00355,2024-03-01,BU02,Clinical,IC1,9.484,0.755,3.47,0.6,0.818,0,0.730077
E00356,2024-03-01,BU02,Finance,IC1,2.475,0.53,3.09,0.698,0.606,0,0.740647
E00357,2024-03-01,BU10,IT,IC1,9.747,0.613,3.63,1.396,0.669,0,0.520865
E00358,2024-03-01,BU07,Education,IC2,1.528,0.51,3.39,0.6,0.622,0,0.801851
E00359,2024-03-01,BU01,IT,M1,0.0,0.539,3.42,0.662,0.692,0,0.737376
E00360,2024-03-01,BU08,Operations,IC2,5.158,0.564,3.79,0.6,0.761,0,0.693781
E00361,2024-03-01,BU03,Finance,IC2,3.362,0.564,3.13,1.453,0.657,0,0.663361
E00362,2024-03-01,BU06,Education,IC3,0.849,0.526,3.9,1.17,0.501,0,0.548553
E00363,2024-03-01,BU09,IT,IC1,4.107,0.663,4.06,1.2,0.511,0,0.472647
E00364,2024-03-01,BU06,Clinical,M1,0.553,0.495,3.34,1.055,0.855,0,0.741064
E00365,2024-03-01,BU09,Operations,IC2,8.101,0.623,3.22,0.782,0.855,0,0.800135
E00366,2024-03-01,BU07,Finance,IC2,8.958,0.753,3.62,0.948,0.622,0,0.593346
E00367,2024-03-01,BU09,Operations,IC3,1.892,0.604,3.33,1.022,0.647,0,0.625869
E00368,2024-03-01,BU02,Clinical,IC1,2.519,0.503,3.34,1.025,0.801,0,0.7497
E00369,2024-03-01,BU08,Finance,IC3,0.679,0.487,3.47,0.6,0.704,0,0.786667
E00370,2024-03-01,BU08,Operations,IC2,3.379,0.644,4.02,1.012,0.646,0,0.507204
E00371,2024-03-01,BU02,Admin,M1,1.188,0.528,2.91,0.6,0.557,0,0.772243
E00372,2024-03-01,BU04,Clinical,IC1,6.623,0.499,4.02,0.801,0.733,0,0.684584
E00373,2024-03-01,BU07,Clinical,IC2,6.535,0.767,4.01,0.8,0.918,0,0.590411
E00374,2024-03-01,BU04,Clinical,IC3,10.029,0.64,3.34,0.709,0.607,0,0.717695
E00375,2024-03-01,BU04,Admin,IC1,2.371,0.624,3.59,0.933,0.602,0,0.682068
E00376,2024-03-01,BU06,Admin,IC2,7.294,0.583,3.38,0.909,0.465,0,0.617802
E00377,2024-03-01,BU10,IT,IC3,3.559,0.664,3.47,0.6,0.554,0,0.661141
E00378,2024-03-01,BU06,Education,M1,8.983,0.804,3.85,0.6,0.541,0,0.515012
E00379,2024-03-01,BU10,Operations,IC2,8.665,0.75,2.92,0.975,0.821,0,0.727447
E00380,2024-03-01,BU03,IT,M1,3.967,0.612,3.16,0.995,0.526,0,0.646822
E00381,2024-03-01,BU09,Operations,M2,4.602,0.595,3.42,0.887,0.696,0,0.654894
E00382,2024-03-01,BU10,Education,M1,7.313,0.564,3.78,0.662,0.493,0,0.662538
E00383,2024-03-01,BU02,Admin,IC1,1.227,0.52,2.87,1.226,0.467,0,0.722419
E00384,2024-03-01,BU06,Education,IC3,1.021,0.585,4.03,1.282,0.669,0,0.508658
E00385,2024-03-01,BU07,Admin,IC2,4.359,0.672,3.34,0.6,0.491,0,0.727317
E00386,2024-03-01,BU09,Education,M2,0.723,0.59,3.16,0.6,0.651,0,0.754499
E00387,2024-03-01,BU03,IT,IC2,0.966,0.506,2.93,1.008,0.589,0,0.77486
E00388,2024-03-01,BU10,Finance,IC1,4.994,0.402,3.38,1.548,0.522,0,0.562473
E00389,2024-03-01,BU03,IT,IC3,9.429,0.625,3.05,0.6,0.551,0,0.753967
E00390,2024-03-01,BU07,Operations,IC2,6.598,0.714,3.58,0.6,0.761,0,0.674296
E00391,2024-03-01,BU04,IT,M2,0.802,0.602,3.0,0.6,0.664,0,0.749884
E00392,2024-03-01,BU08,Clinical,M2,4.246,0.698,3.31,0.6,0.877,0,0.695143
E00393,2024-03-01,BU07,Operations,IC3,4.356,0.577,3.71,0.979,0.707,0,0.63459
E00394,2024-03-01,BU05,Education,IC1,0.0,0.533,3.21,1.148,0.704,0,0.70606
E00395,2024-03-01,BU07,Operations,IC3,5.47,0.596,3.15,0.6,0.698,0,0.873361
E00396,2024-03-01,BU03,Finance,IC1,10.149,0.663,3.02,1.14,0.524,0,0.660869
E00397,2024-03-01,BU02,Admin,IC1,2.62,0.538,3.22,1.054,0.625,0,0.705499
E00398,2024-03-01,BU06,Education,M1,5.695,0.572,3.23,0.906,0.539,0,0.705954
E00399,2024-03-01,BU02,Operations,IC1,5.391,0.597,2.61,1.031,0.737,0,0.768593
E00400,2024-03-01,BU03,Education,IC2,3.239,0.475,3.16,0.655,0.723,0,0.764491
E00401,2024-03-01,BU06,Education,M2,6.475,0.625,4.11,0.6,0.59,0,0.580103
E00402,2024-03-01,BU05,Education,IC2,5.15,0.511,2.96,0.792,0.862,0,0.835693
E00403,2024-03-01,BU08,Admin,IC2,6.913,0.536,3.58,0.6,0.567,1,0.748381
E00404,2024-03-01,BU09,IT,M1,7.452,0.566,3.86,0.6,0.658,0,0.702687
E00405,2024-03-01,BU03,Education,IC1,3.904,0.466,3.0,0.845,0.615,0,0.846083
E00406,2024-03-01,BU10,Clinical,M1,2.349,0.569,3.33,0.6,0.973,0,0.905885
E00407,2024-03-01,BU03,Finance,M2,6.987,0.6,3.24,0.6,0.638,0,0.767583
E00408,2024-03-01,BU03,Admin,M1,8.43,0.52,3.01,0.6,0.634,0,0.811741
E00409,2024-03-01,BU06,Operations,IC3,1.049,0.511,3.1,0.767,0.869,0,0.823161
E00410,2024-03-01,BU01,Admin,IC2,7.855,0.592,3.45,0.671,0.647,0,0.715793
E00411,2024-03-01,BU07,Operations,IC2,9.695,0.482,3.68,0.832,0.604,0,0.656681
E00412,2024-03-01,BU01,Admin,M1,3.053,0.524,3.38,0.633,0.533,0,0.750825
E00413,2024-03-01,BU05,Operations,M1,7.524,0.532,3.76,0.6,0.505,0,0.643007
E00414,2024-03-01,BU10,Education,IC2,0.528,0.698,3.71,0.753,0.765,0,0.688735
E00415,2024-03-01,BU08,IT,IC1,4.093,0.557,3.68,1.6,0.712,0,0.551204
E00416,2024-03-01,BU04,Operations,IC1,0.183,0.401,3.23,0.6,0.918,0,0.879952
E00417,2024-03-01,BU05,Operations,IC1,5.988,0.663,3.98,0.891,0.716,0,0.578379
E00418,2024-03-01,BU04,Clinical,IC3,0.345,0.489,3.07,0.897,0.773,0,0.82334
E00419,2024-03-01,BU04,Operations,IC2,5.478,0.487,3.45,0.837,0.754,0,0.731569
E00420,2024-03-01,BU08,Clinical,M1,3.83,0.553,4.05,0.732,0.764,0,0.678968
E00421,2024-03-01,BU02,Finance,IC3,1.719,0.446,3.35,0.6,0.834,0,0.794073
E00422,2024-03-01,BU01,Education,IC1,5.884,0.597,4.02,1.104,0.379,0,0.377077
E00423,2024-03-01,BU03,Clinical,IC3,9.35,0.553,2.92,0.6,0.618,0,0.751248
E00424,2024-03-01,BU09,IT,IC2,1.024,0.407,3.89,0.842,0.775,0,0.75566
E00425,2024-03-01,BU04,Education,IC3,0.315,0.455,2.89,0.6,0.675,1,0.854888
E00426,2024-03-01,BU10,Clinical,IC3,9.558,0.794,3.16,1.416,0.753,0,0.556638
E00427,2024-03-01,BU05,Education,M1,8.298,0.756,2.64,0.618,0.713,0,0.758115
E00428,2024-03-01,BU02,Education,M1,4.706,0.559,2.63,0.6,0.682,1,0.927303
E00429,2024-03-01,BU04,Education,IC2,1.766,0.5,3.67,0.6,0.498,0,0.769912
E00430,2024-03-01,BU02,Finance,IC1,2.442,0.483,2.92,0.995,0.657,0,0.827808
E00431,2024-03-01,BU02,IT,IC3,6.089,0.612,3.72,0.81,0.594,0,0.689994
E00432,2024-03-01,BU04,Admin,IC1,9.766,0.618,3.28,0.914,0.399,0,0.595018
E00433,2024-03-01,BU06,Admin,IC2,3.713,0.541,3.03,0.664,0.435,0,0.757975
E00434,2024-03-01,BU07,Clinical,IC1,5.832,0.439,3.07,0.747,0.757,0,0.832285
E00435,2024-03-01,BU10,Education,IC3,4.676,0.564,3.4,0.755,0.547,0,0.697012
E00436,2024-03-01,BU03,Clinical,IC1,3.691,0.443,3.26,1.141,0.785,0,0.793537
E00437,2024-03-01,BU03,Finance,IC3,7.639,0.663,3.0,1.003,0.514,0,0.651215
E00438,2024-03-01,BU10,Finance,M2,0.917,0.495,3.6,0.6,0.454,0,0.720785
E00439,2024-03-01,BU06,Operations,IC1,7.28,0.799,3.57,1.139,0.726,1,0.618259
E00440,2024-03-01,BU03,Finance,IC1,5.528,0.57,3.02,0.927,0.633,0,0.754622
E00441,2024-03-01,BU02,Operations,IC2,4.66,0.685,3.61,0.684,0.889,0,0.711989
E00442,2024-03-01,BU08,IT,M1,1.448,0.598,3.12,0.6,0.651,0,0.778454
E00443,2024-03-01,BU05,Clinical,IC1,5.599,0.554,3.21,1.114,0.78,0,0.716845
E00444,2024-03-01,BU01,IT,IC2,9.947,0.61,3.78,0.89,0.567,0,0.618355
E00445,2024-03-01,BU03,Finance,IC1,6.973,0.596,2.89,0.709,0.568,0,0.817471
E00446,2024-03-01,BU10,IT,M1,5.563,0.716,3.57,0.6,0.581,0,0.648156
E00447,2024-03-01,BU08,IT,IC2,0.808,0.427,3.16,1.234,0.479,0,0.680955
E00448,2024-03-01,BU04,IT,M1,0.909,0.61,3.37,0.6,0.73,0,0.773438
E00449,2024-03-01,BU07,Finance,M1,5.539,0.684,3.29,0.6,0.7,0,0.777547
E00450,2024-03-01,BU10,Education,IC1,3.677,0.658,3.75,1.261,0.485,0,0.492523
E00451,2024-03-01,BU02,IT,M1,7.061,0.634,3.76,0.621,0.608,0,0.619877
E00452,2024-03-01,BU07,Operations,IC1,9.897,0.586,3.27,1.106,0.92,0,0.710258
E00453,2024-03-01,BU05,Finance,M1,5.243,0.373,3.5,0.705,0.697,0,0.793158
E00454,2024-03-01,BU05,IT,IC3,3.272,0.581,3.65,0.6,0.711,0,0.713025
E00455,2024-03-01,BU06,Education,M1,0.914,0.674,3.48,0.6,0.603,0,0.676864
E00456,2024-03-01,BU09,Finance,IC1,0.69,0.361,3.43,1.072,0.666,0,0.753521
E00457,2024-03-01,BU06,Admin,IC1,4.712,0.591,4.05,1.564,0.598,0,0.44626
E00458,2024-03-01,BU08,Education,IC2,6.1,0.632,2.68,0.788,0.589,0,0.746824
E00459,2024-03-01,BU07,Operations,IC2,6.524,0.747,3.51,0.6,0.713,0,0.687813
E00460,2024-03-01,BU09,IT,IC1,8.693,0.371,3.49,0.696,0.716,0,0.811422
E00461,2024-03-01,BU04,Admin,IC2,6.99,0.617,3.76,1.091,0.592,0,0.568816
E00462,2024-03-01,BU02,Admin,IC1,0.435,0.541,3.66,0.835,0.56,0,0.670797
E00463,2024-03-01,BU07,Finance,IC2,1.079,0.499,3.71,0.786,0.835,0,0.72808
E00464,2024-03-01,BU06,Admin,M1,7.261,0.727,3.4,0.651,0.55,0,0.709367
E00465,2024-03-01,BU01,Operations,IC2,0.575,0.604,3.21,0.6,0.822,0,0.850813
E00466,2024-03-01,BU09,Operations,IC1,9.377,0.65,3.86,1.6,0.835,0,0.484489
E00467,2024-03-01,BU09,Clinical,IC2,2.949,0.514,3.73,0.6,0.981,0,0.80942
E00468,2024-03-01,BU02,Operations,IC1,5.199,0.781,3.55,0.97,0.684,0,0.618314
E00469,2024-03-01,BU03,Education,M2,6.828,0.629,3.13,0.6,0.624,0,0.753513
E00470,2024-03-01,BU05,Admin,IC1,2.697,0.318,3.52,0.752,0.43,0,0.757427
E00471,2024-03-01,BU05,Operations,IC3,3.387,0.629,3.39,0.966,0.776,0,0.710067
E00472,2024-03-01,BU01,Finance,M2,8.706,0.645,3.14,0.6,0.562,0,0.75683
E00473,2024-03-01,BU08,Clinical,M1,9.845,0.615,3.44,0.801,0.646,0,0.699265
E00474,2024-03-01,BU08,Admin,IC3,0.0,0.59,3.19,0.6,0.471,0,0.736297
E00475,2024-03-01,BU04,Clinical,M1,6.888,0.527,3.9,0.6,0.804,0,0.712269
E00476,2024-03-01,BU07,Admin,M2,3.159,0.562,3.1,0.6,0.616,0,0.823945
E00477,2024-03-01,BU10,Finance,IC3,8.895,0.566,3.24,0.827,0.59,0,0.683663
E00478,2024-03-01,BU03,Clinical,IC3,8.096,0.592,2.53,0.6,0.567,0,0.820811
E00479,2024-03-01,BU06,IT,IC3,9.246,0.444,3.05,0.605,0.587,0,0.844961
E00480,2024-03-01,BU10,Education,IC2,10.108,0.56,2.88,0.6,0.653,0,0.7893
E00481,2024-03-01,BU10,Education,IC3,7.392,0.616,3.41,0.652,0.739,0,0.735329
E00482,2024-03-01,BU09,Admin,IC2,0.0,0.531,3.58,1.399,0.645,0,0.599128
E00483,2024-03-01,BU01,IT,IC1,5.815,0.673,4.24,0.6,0.655,0,0.573337
E00484,2024-03-01,BU05,Clinical,IC1,7.285,0.511,3.39,0.746,0.722,0,0.760485
E00485,2024-03-01,BU04,IT,IC1,9.916,0.554,3.41,0.837,0.574,0,0.673134
E00486,2024-03-01,BU08,IT,IC2,9.265,0.535,2.89,0.835,0.668,0,0.800783
E00487,2024-03-01,BU01,Clinical,IC1,2.973,0.632,3.5,1.25,0.755,0,0.627815
E00488,2024-03-01,BU09,Finance,IC3,1.144,0.499,3.8,0.6,0.549,0,0.686696
E00489,2024-03-01,BU06,IT,IC2,0.0,0.447,3.75,0.648,0.406,0,0.763167
E00490,2024-03-01,BU04,IT,M1,9.013,0.637,3.96,0.753,0.585,0,0.642404
E00491,2024-03-01,BU09,Finance,IC1,7.565,0.697,3.68,1.207,0.78,0,0.516494
E00492,2024-03-01,BU05,IT,IC1,8.411,0.694,3.42,1.138,0.61,0,0.524571
E00493,2024-03-01,BU05,IT,IC3,7.828,0.624,2.61,0.701,0.711,0,0.856494
E00494,2024-03-01,BU05,IT,IC3,3.619,0.585,3.36,0.898,0.636,0,0.703492
E00495,2024-03-01,BU01,Education,IC1,9.405,0.519,3.26,0.693,0.423,0,0.744579
E00496,2024-03-01,BU01,Operations,M1,0.219,0.638,2.84,0.6,0.864,0,0.807726
E00497,2024-03-01,BU08,Finance,M1,3.047,0.413,2.99,0.693,0.632,0,0.809109
E00498,2024-03-01,BU08,IT,IC2,0.534,0.375,3.35,0.6,0.626,0,0.815174
E00499,2024-03-01,BU06,Education,IC2,1.065,0.516,3.3,0.816,0.629,0,0.752178
E00500,2024-03-01,BU04,Finance,M2,0.914,0.621,3.71,0.6,0.569,0,0.664924
E00001,2024-04-01,BU03,Operations,IC2,4.164,0.643,3.13,0.925,0.469,0,0.668405
E00002,2024-04-01,BU05,Education,IC2,7.075,0.635,3.24,1.6,0.785,0,0.56994
E00003,2024-04-01,BU01,Operations,IC2,0.0,0.497,3.44,0.696,0.824,0,0.73478
E00004,2024-04-01,BU01,Clinical,IC1,2.708,0.512,3.26,1.201,0.682,0,0.668411
E00005,2024-04-01,BU10,Finance,IC2,5.979,0.451,3.74,0.6,0.618,0,0.711272
E00006,2024-04-01,BU09,IT,M2,3.472,0.509,3.19,0.6,0.634,0,0.85552
E00007,2024-04-01,BU07,Operations,IC1,0.882,0.398,3.14,1.072,0.712,0,0.702197
E00008,2024-04-01,BU01,Finance,IC1,8.101,0.802,2.58,1.479,0.354,0,0.525143
E00009,2024-04-01,BU08,Clinical,IC2,3.4,0.545,3.56,0.6,0.816,0,0.77876
E00010,2024-04-01,BU03,Admin,M1,0.0,0.47,3.15,0.696,0.53,0,0.779639
E00011,2024-04-01,BU08,Education,IC3,0.0,0.566,2.79,0.609,0.702,0,0.871878
E00012,2024-04-01,BU05,Finance,IC3,2.538,0.611,3.72,0.6,0.658,0,0.733574
E00013,2024-04-01,BU01,Finance,IC1,5.908,0.541,3.08,1.056,0.77,0,0.792043
E00014,2024-04-01,BU07,Admin,IC3,6.508,0.501,2.89,1.12,0.705,0,0.753547
E00015,2024-04-01,BU05,Finance,IC2,2.971,0.664,3.54,0.6,0.669,0,0.686221
E00016,2024-04-01,BU06,Clinical,M1,2.453,0.549,3.45,0.6,0.658,0,0.71567
E00017,2024-04-01,BU06,Clinical,IC3,7.882,0.673,2.99,0.6,0.932,0,0.830331
E00018,2024-04-01,BU08,Admin,IC1,4.528,0.624,3.26,0.748,0.591,0,0.760131
E00019,2024-04-01,BU09,Education,IC1,5.604,0.579,3.14,1.57,0.531,0,0.573487
E00020,2024-04-01,BU02,IT,IC1,9.06,0.565,2.68,0.904,0.748,0,0.815812
E00021,2024-04-01,BU09,Operations,IC2,3.225,0.558,3.41,1.243,0.806,0,0.692572
E00022,2024-04-01,BU10,IT,IC2,5.084,0.495,3.51,1.083,0.67,0,0.673068
E00023,2024-04-01,BU09,Finance,IC3,8.972,0.74,3.61,0.6,0.601,0,0.647626
E00024,2024-04-01,BU10,Operations,IC2,6.157,0.643,3.65,0.668,0.755,0,0.706356
E00025,2024-04-01,BU10,Admin,IC2,10.242,0.607,3.6,0.6,0.549,0,0.771565
E00026,2024-04-01,BU07,Admin,IC1,0.753,0.665,3.24,0.6,0.508,0,0.765501
E00027,2024-04-01,BU01,Education,IC1,4.649,0.464,3.29,1.039,0.692,0,0.715001
E00028,2024-04-01,BU07,Operations,M1,1.695,0.499,3.85,0.6,0.591,0,0.714604
E00029,2024-04-01,BU10,Clinical,IC1,9.845,0.523,3.59,0.792,0.664,0,0.703621
E00030,2024-04-01,BU05,Operations,IC3,0.0,0.565,3.06,0.6,0.871,0,0.838517
E00031,2024-04-01,BU06,Finance,M1,0.222,0.567,3.54,0.6,0.462,0,0.687976
E00032,2024-04-01,BU10,Clinical,IC3,0.731,0.581,3.46,0.6,0.66,0,0.774978
E00033,2024-04-01,BU07,Admin,M1,7.74,0.607,4.05,0.6,0.603,0,0.641154
E00034,2024-04-01,BU05,Operations,IC2,3.546,0.635,2.89,0.862,0.901,0,0.777343
E00035,2024-04-01,BU07,IT,M2,7.012,0.513,3.16,0.6,0.655,0,0.77787
E00036,2024-04-01,BU09,Education,IC1,1.577,0.652,3.46,0.6,0.543,0,0.714647
E00037,2024-04-01,BU03,IT,IC1,8.194,0.571,3.43,1.6,0.545,0,0.471219
E00038,2024-04-01,BU08,Education,IC3,6.237,0.533,3.48,0.6,0.769,0,0.759235
E00039,2024-04-01,BU02,Finance,M2,7.989,0.466,3.31,0.6,0.562,0,0.734769
E00040,2024-04-01,BU07,IT,M1,3.532,0.658,3.27,0.6,0.639,0,0.765916
E00041,2024-04-01,BU02,Operations,IC1,5.763,0.56,3.48,1.6,0.651,0,0.524001
E00042,2024-04-01,BU04,Operations,IC2,1.38,0.476,2.95,0.6,0.817,0,0.866473
E00043,2024-04-01,BU07,IT,M2,4.016,0.563,3.2,0.687,0.531,0,0.759531
E00044,2024-04-01,BU03,Operations,IC2,9.24,0.455,3.41,0.712,0.783,0,0.791402
E00045,2024-04-01,BU02,Finance,M1,6.935,0.54,3.52,0.6,0.727,0,0.793306
E00046,2024-04-01,BU10,Clinical,M1,1.3,0.677,3.24,0.688,0.824,0,0.716977
E00047,2024-04-01,BU07,Finance,IC2,8.559,0.534,3.13,0.6,0.446,0,0.75889
E00048,2024-04-01,BU01,Education,IC2,1.021,0.597,3.29,0.6,0.555,0,0.786
E00049,2024-04-01,BU08,Finance,IC2,1.287,0.724,3.5,0.6,0.439,0,0.691956
E00050,2024-04-01,BU03,Education,IC1,0.564,0.471,3.63,0.6,0.576,0,0.731617
E00051,2024-04-01,BU02,Operations,M1,5.733,0.501,3.51,0.6,0.827,0,0.764915
E00052,2024-04-01,BU03,Clinical,IC2,8.318,0.626,3.67,1.009,0.872,0,0.675503
E00053,2024-04-01,BU05,Operations,M1,6.982,0.62,3.49,0.6,0.868,0,0.801714
E00054,2024-04-01,BU08,Admin,IC1,4.049,0.611,3.08,1.452,0.527,0,0.518786
E00055,2024-04-01,BU10,Operations,M2,2.45,0.797,3.73,0.6,0.773,0,0.654608
E00056,2024-04-01,BU07,Education,IC2,7.904,0.676,3.16,1.162,0.522,0,0.612185
E00057,2024-04-01,BU07,Operations,IC1,9.919,0.512,3.28,0.888,0.777,0,0.814515
E00058,2024-04-01,BU07,Operations,IC1,7.025,0.566,2.82,0.762,0.768,0,0.828377
E00059,2024-04-01,BU08,Clinical,IC3,8.296,0.587,3.4,1.076,0.888,0,0.682031
E00060,2024-04-01,BU01,Operations,IC3,2.582,0.676,3.25,0.6,0.627,0,0.710758
E00061,2024-04-01,BU04,Clinical,M1,6.935,0.609,3.27,0.655,0.691,0,0.780003
E00062,2024-04-01,BU06,IT,IC1,8.372,0.622,3.3,1.201,0.698,0,0.61141
E00063,2024-04-01,BU09,Admin,IC1,4.92,0.753,3.32,1.226,0.735,0,0.565341
E00064,2024-04-01,BU02,Clinical,IC2,4.964,0.592,2.99,0.6,0.775,0,0.809417
E00065,2024-04-01,BU01,Education,IC2,0.86,0.509,2.93,1.029,0.694,0,0.797441
E00066,2024-04-01,BU10,IT,IC2,6.749,0.68,2.69,0.6,0.646,0,0.742451
E00067,2024-04-01,BU02,Clinical,M2,4.548,0.497,3.72,0.6,0.688,0,0.751488
E00068,2024-04-01,BU07,Clinical,M2,8.698,0.677,3.37,0.6,0.675,0,0.735516
E00069,2024-04-01,BU03,Admin,M2,0.901,0.689,3.73,0.6,0.559,0,0.607446
E00070,2024-04-01,BU10,Education,M1,8.482,0.596,3.53,0.6,0.546,0,0.696892
E00071,2024-04-01,BU02,Finance,IC2,0.452,0.538,2.71,0.916,0.502,0,0.752868
E00072,2024-04-01,BU07,Finance,IC2,6.735,0.588,2.37,1.037,0.641,0,0.802613
E00073,2024-04-01,BU02,Clinical,IC2,2.45,0.481,3.06,0.764,0.758,0,0.783025
E00074,2024-04-01,BU03,Operations,M1,3.904,0.527,3.43,0.6,0.807,0,0.769003
E00075,2024-04-01,BU07,Education,IC1,2.073,0.628,3.39,1.267,0.692,0,0.573327
E00076,2024-04-01,BU04,IT,IC2,2.746,0.698,3.46,0.771,0.61,0,0.663228
E00077,2024-04-01,BU01,Operations,IC1,5.399,0.506,3.47,0.6,0.72,0,0.744375
E00078,2024-04-01,BU05,Operations,IC2,8.367,0.717,3.31,0.615,0.547,0,0.649736
E00079,2024-04-01,BU09,Education,M1,6.144,0.684,3.14,0.6,0.623,0,0.729871
E00080,2024-04-01,BU08,Clinical,M1,2.308,0.665,3.32,0.921,0.92,0,0.729689
E00081,2024-04-01,BU09,Clinical,IC1,0.531,0.599,3.19,1.54,0.972,0,0.664994
E00082,2024-04-01,BU10,Clinical,M2,1.462,0.397,3.17,0.678,0.856,0,0.882641
E00083,2024-04-01,BU09,Clinical,IC3,1.462,0.564,2.97,0.722,0.727,0,0.812573
E00084,2024-04-01,BU07,Finance,IC1,9.333,0.675,3.81,1.203,0.605,0,0.491105
E00085,2024-04-01,BU04,Clinical,IC2,2.196,0.582,2.93,0.6,0.793,0,0.856237
E00086,2024-04-01,BU05,Finance,IC2,3.817,0.548,3.64,0.725,0.543,0,0.652235
E00087,2024-04-01,BU01,Finance,IC1,1.681,0.603,3.03,1.032,0.783,0,0.758981
E00088,2024-04-01,BU01,Clinical,M2,2.658,0.558,3.23,0.6,0.864,0,0.744816
E00089,2024-04-01,BU03,Admin,IC2,9.487,0.71,3.13,0.816,0.629,0,0.69657
E00090,2024-04-01,BU08,IT,M1,2.516,0.594,3.27,0.904,0.466,0,0.689293
E00091,2024-04-01,BU02,Operations,IC2,3.162,0.573,3.3,0.933,0.722,0,0.723119
E00092,2024-04-01,BU04,Finance,IC1,0.0,0.434,3.65,1.288,0.592,0,0.622359
E00093,2024-04-01,BU02,Education,IC2,7.428,0.609,3.15,0.6,0.793,0,0.826274
E00094,2024-04-01,BU05,Education,IC1,10.103,0.544,2.97,1.6,0.552,0,0.585237
E00095,2024-04-01,BU09,IT,IC2,2.919,0.443,3.95,0.735,0.412,0,0.617973
E00096,2024-04-01,BU01,Education,M1,7.91,0.718,3.37,0.6,0.787,0,0.699518
E00097,2024-04-01,BU05,Admin,IC2,7.775,0.661,2.96,0.745,0.533,0,0.675929
E00098,2024-04-01,BU09,Education,IC3,10.084,0.651,2.79,0.6,0.712,0,0.759931
E00099,2024-04-01,BU01,Operations,IC1,0.0,0.38,3.32,1.37,0.651,0,0.644357
E00100,2024-04-01,BU09,Operations,IC1,6.237,0.456,4.18,0.812,0.616,0,0.608354
E00101,2024-04-01,BU08,Finance,IC1,0.764,0.369,3.63,0.675,0.486,0,0.68529
E00102,2024-04-01,BU04,Clinical,IC3,3.975,0.548,2.63,0.6,0.655,0,0.816413
E00103,2024-04-01,BU10,Admin,IC1,1.248,0.533,3.47,1.33,0.792,0,0.616184
E00104,2024-04-01,BU05,Finance,IC2,1.695,0.577,2.82,0.79,0.634,0,0.865312
E00105,2024-04-01,BU05,Admin,IC3,3.567,0.737,3.25,0.6,0.584,0,0.734729
E00106,2024-04-01,BU06,Clinical,IC2,1.969,0.474,3.6,0.854,0.771,0,0.704781
E00107,2024-04-01,BU07,Education,IC1,2.962,0.628,3.22,0.618,0.826,0,0.827037
E00108,2024-04-01,BU08,Education,IC2,8.827,0.681,3.5,0.6,0.747,0,0.731012
E00109,2024-04-01,BU08,Clinical,M1,9.3,0.715,2.94,0.799,0.805,0,0.715131
E00110,2024-04-01,BU02,Finance,IC3,4.022,0.614,3.06,0.684,0.604,0,0.810096
E00111,2024-04-01,BU09,Clinical,IC2,3.28,0.57,3.09,0.752,0.894,0,0.849305
E00112,2024-04-01,BU07,IT,IC1,2.771,0.547,3.44,0.764,0.553,0,0.697182
E00113,2024-04-01,BU04,Operations,M2,5.714,0.562,3.32,0.712,0.665,0,0.723806
E00114,2024-04-01,BU04,Finance,IC3,7.395,0.576,3.71,1.6,0.52,0,0.501533
E00115,2024-04-01,BU08,Admin,IC2,2.489,0.47,3.56,0.885,0.522,0,0.667206
E00116,2024-04-01,BU04,IT,M1,4.463,0.58,3.2,0.6,0.708,0,0.727282
E00117,2024-04-01,BU06,Finance,IC2,0.077,0.516,3.7,0.737,0.782,0,0.743129
E00118,2024-04-01,BU05,Clinical,IC2,7.721,0.59,4.3,0.859,0.713,0,0.541866
E00119,2024-04-01,BU03,Clinical,IC3,10.053,0.618,3.44,0.6,0.912,0,0.80792
E00120,2024-04-01,BU10,Clinical,IC1,8.162,0.661,3.46,1.047,0.858,0,0.678067
E00121,2024-04-01,BU02,Clinical,M2,5.262,0.528,3.29,0.6,0.993,0,0.832965
E00122,2024-04-01,BU09,Admin,IC3,7.45,0.662,4.01,0.961,0.491,0,0.495142
E00123,2024-04-01,BU10,IT,IC3,9.952,0.636,2.78,0.97,0.722,0,0.806257
E00124,2024-04-01,BU09,Education,IC1,5.325,0.532,3.2,1.047,0.599,0,0.674168
E00125,2024-04-01,BU01,Operations,IC1,0.66,0.605,3.15,1.6,0.762,0,0.558713
E00126,2024-04-01,BU10,Admin,IC2,3.513,0.627,3.99,1.538,0.713,0,0.39157
E00127,2024-04-01,BU03,Admin,M1,3.723,0.599,3.95,0.6,0.521,0,0.621062
E00128,2024-04-01,BU08,Education,IC2,0.178,0.535,3.45,0.871,0.606,0,0.658468
E00129,2024-04-01,BU06,Education,IC2,2.075,0.437,3.29,0.6,0.62,0,0.836739
E00130,2024-04-01,BU05,Operations,IC3,0.282,0.438,3.23,0.6,0.626,0,0.858261
E00131,2024-04-01,BU05,Operations,IC1,0.556,0.609,3.62,0.661,0.689,0,0.751792
E00132,2024-04-01,BU06,Education,IC3,7.307,0.566,2.71,0.6,0.741,0,0.872829
E00133,2024-04-01,BU07,Clinical,IC1,4.23,0.577,2.72,0.6,0.803,0,0.850893
E00134,2024-04-01,BU01,Admin,M2,9.569,0.612,3.17,0.6,0.611,0,0.771171
E00135,2024-04-01,BU09,Finance,IC2,6.653,0.544,3.45,0.6,0.61,0,0.801678
E00136,2024-04-01,BU03,Operations,IC1,7.228,0.496,2.19,1.351,0.676,0,0.816168
E00137,2024-04-01,BU04,Operations,IC2,5.774,0.51,3.23,0.658,0.566,0,0.814269
E00138,2024-04-01,BU10,Education,IC2,3.88,0.564,3.5,0.6,0.589,0,0.744519
E00139,2024-04-01,BU01,IT,M1,3.765,0.601,3.21,0.6,0.768,0,0.728247
E00140,2024-04-01,BU10,Finance,IC3,0.0,0.672,2.65,0.6,0.435,0,0.789994
E00141,2024-04-01,BU03,Finance,IC3,6.305,0.693,3.26,0.6,0.59,0,0.721271
E00142,2024-04-01,BU02,Operations,IC1,3.888,0.766,3.55,0.94,0.737,0,0.575491
E00143,2024-04-01,BU02,Clinical,IC1,0.0,0.488,3.46,0.6,0.822,0,0.774842
E00144,2024-04-01,BU01,IT,IC1,7.885,0.647,3.61,0.941,0.826,0,0.7102
E00145,2024-04-01,BU08,Finance,IC3,4.397,0.53,2.89,1.567,0.658,0,0.638677
E00146,2024-04-01,BU03,Operations,M1,8.287,0.69,2.62,0.6,0.897,0,0.87669
E00147,2024-04-01,BU03,Finance,IC2,0.854,0.536,3.65,0.639,0.509,0,0.68944
E00148,2024-04-01,BU06,IT,IC1,2.001,0.601,3.96,0.683,0.412,0,0.593822
E00149,2024-04-01,BU08,IT,IC3,6.048,0.508,3.09,0.6,0.509,0,0.790083
E00150,2024-04-01,BU09,Admin,M1,5.068,0.614,3.06,0.757,0.662,0,0.71851
E00151,2024-04-01,BU09,Education,IC3,6.927,0.54,3.76,0.71,0.756,0,0.689062
E00152,2024-04-01,BU04,Education,M1,0.0,0.542,3.21,0.702,0.853,0,0.811253
E00153,2024-04-01,BU05,Operations,IC2,1.133,0.531,3.58,0.785,0.734,0,0.738419
E00154,2024-04-01,BU02,IT,IC1,3.551,0.777,3.28,0.6,0.754,0,0.757033
E00155,2024-04-01,BU09,Admin,M1,2.24,0.562,3.82,0.6,0.648,0,0.681112
E00156,2024-04-01,BU08,Admin,IC3,4.208,0.589,2.99,0.804,0.452,0,0.682801
E00157,2024-04-01,BU03,Finance,IC2,9.911,0.709,3.95,0.789,0.654,0,0.627495
E00158,2024-04-01,BU09,Finance,IC3,9.823,0.628,3.8,1.043,0.631,0,0.561034
E00159,2024-04-01,BU03,Admin,M1,1.771,0.54,3.26,0.65,0.451,0,0.767546
E00160,2024-04-01,BU09,Finance,IC3,0.074,0.512,3.09,0.6,0.644,0,0.83579
E00161,2024-04-01,BU02,IT,IC3,1.733,0.536,3.57,0.6,0.72,0,0.761691
E00162,2024-04-01,BU10,Clinical,IC2,6.557,0.585,3.4,0.939,0.757,0,0.699488
E00163,2024-04-01,BU09,IT,IC2,1.372,0.541,3.7,0.971,0.554,0,0.666077
E00164,2024-04-01,BU08,Admin,IC2,7.258,0.539,3.8,0.984,0.457,0,0.550636
E00165,2024-04-01,BU09,Admin,M1,3.431,0.431,3.59,0.6,0.621,0,0.799839
E00166,2024-04-01,BU05,IT,M1,4.646,0.609,2.97,0.6,0.763,0,0.866356
E00167,2024-04-01,BU02,Finance,M1,2.776,0.607,2.93,0.6,0.438,0,0.80578
E00168,2024-04-01,BU08,Finance,IC1,0.0,0.423,3.53,1.545,0.527,0,0.601916
E00169,2024-04-01,BU06,Education,IC3,1.632,0.474,3.13,0.6,0.532,0,0.806909
E00170,2024-04-01,BU08,Admin,M1,5.314,0.568,3.55,0.661,0.512,0,0.711009
E00171,2024-04-01,BU05,Operations,IC3,9.897,0.599,3.73,0.771,0.631,0,0.613375
E00172,2024-04-01,BU10,Education,M1,7.608,0.697,4.06,0.675,0.891,0,0.62188
E00173,2024-04-01,BU02,Finance,M1,0.474,0.728,3.72,0.828,0.593,0,0.548949
E00174,2024-04-01,BU06,IT,IC2,2.272,0.532,3.24,1.266,0.624,0,0.67209
E00175,2024-04-01,BU05,Finance,IC2,0.0,0.472,3.34,0.603,0.716,0,0.792219
E00176,2024-04-01,BU05,IT,IC1,4.465,0.66,3.95,0.6,0.768,0,0.623825
E00177,2024-04-01,BU01,Education,IC2,2.656,0.521,3.65,0.6,0.56,0,0.639571
E00178,2024-04-01,BU02,Admin,IC3,1.446,0.524,3.21,0.643,0.657,0,0.731982
E00179,2024-04-01,BU08,Finance,M1,6.264,0.732,3.39,0.6,0.77,0,0.659877
E00180,2024-04-01,BU03,IT,IC1,10.127,0.646,3.77,1.6,0.524,0,0.398107
E00181,2024-04-01,BU10,Admin,IC1,9.325,0.491,3.72,0.908,0.576,0,0.604898
E00182,2024-04-01,BU03,Operations,IC3,0.277,0.593,3.26,0.775,0.766,0,0.735615
E00183,2024-04-01,BU08,IT,IC1,6.858,0.698,2.66,0.952,0.539,0,0.728644
E00184,2024-04-01,BU08,Education,IC1,3.515,0.568,3.02,0.815,0.62,0,0.74734
E00185,2024-04-01,BU02,Operations,IC1,9.002,0.687,2.55,0.6,0.827,0,0.830866
E00186,2024-04-01,BU08,Operations,IC1,7.357,0.572,3.11,0.869,0.697,0,0.736403
E00187,2024-04-01,BU01,Clinical,IC1,9.774,0.554,3.8,1.6,0.716,0,0.462658
E00188,2024-04-01,BU06,Finance,IC2,6.198,0.664,3.67,0.6,0.657,0,0.641422
E00189,2024-04-01,BU08,IT,IC2,9.563,0.592,3.27,0.6,0.686,0,0.780028
E00190,2024-04-01,BU03,Operations,M1,3.209,0.518,3.13,1.064,0.783,0,0.80104
E00191,2024-04-01,BU08,Clinical,IC2,9.864,0.657,3.1,1.063,1.0,0,0.795914
E00192,2024-04-01,BU01,Education,IC3,0.0,0.525,3.57,0.751,0.69,0,0.741837
E00193,2024-04-01,BU09,Admin,IC1,9.311,0.618,4.07,1.459,0.522,0,0.370723
E00194,2024-04-01,BU09,IT,IC1,9.032,0.683,3.57,0.73,0.52,0,0.661764
E00195,2024-04-01,BU05,Operations,IC3,8.813,0.483,3.17,0.623,0.85,0,0.884179
E00196,2024-04-01,BU10,Finance,IC1,5.139,0.435,3.92,1.339,0.56,0,0.517294
E00197,2024-04-01,BU04,Clinical,IC2,4.033,0.663,3.24,1.592,0.833,0,0.52956
E00198,2024-04-01,BU06,Operations,IC3,5.854,0.519,2.95,0.6,0.827,0,0.821521
E00199,2024-04-01,BU07,Finance,IC3,9.528,0.552,3.78,1.031,0.562,0,0.642164
E00200,2024-04-01,BU05,Operations,IC1,10.094,0.444,3.54,1.06,0.806,0,0.681908
E00201,2024-04-01,BU10,IT,IC2,7.477,0.669,3.58,0.821,0.437,0,0.616944
E00202,2024-04-01,BU09,IT,IC3,8.663,0.584,3.14,0.616,0.634,0,0.746692
E00203,2024-04-01,BU03,IT,IC1,6.111,0.636,3.32,0.6,0.661,0,0.785357
E00204,2024-04-01,BU07,Education,IC3,0.35,0.442,2.79,0.863,0.67,0,0.794596
E00205,2024-04-01,BU10,Education,IC3,4.851,0.508,3.55,0.6,0.686,0,0.799377
E00206,2024-04-01,BU10,Clinical,M2,3.723,0.557,3.74,0.6,0.834,0,0.805807
E00207,2024-04-01,BU05,IT,IC1,6.653,0.56,4.07,1.164,0.582,0,0.48023
E00208,2024-04-01,BU07,Finance,M1,4.246,0.493,3.65,0.647,0.773,0,0.835022
E00209,2024-04-01,BU02,Operations,IC2,0.0,0.481,3.1,0.717,0.835,0,0.804669
E00210,2024-04-01,BU04,Admin,IC2,3.201,0.559,2.91,1.136,0.555,0,0.675317
E00211,2024-04-01,BU02,Finance,IC1,0.093,0.381,2.89,1.507,0.607,0,0.717278
E00212,2024-04-01,BU07,Education,IC3,10.245,0.502,3.12,1.015,0.601,0,0.727979
E00213,2024-04-01,BU02,Education,IC1,4.345,0.606,3.76,0.712,0.775,0,0.658428
E00214,2024-04-01,BU01,Finance,IC2,2.875,0.615,3.68,1.053,0.424,0,0.547865
E00215,2024-04-01,BU09,Education,IC1,5.473,0.638,3.28,1.059,0.725,0,0.671274
E00216,2024-04-01,BU01,IT,M1,6.511,0.49,3.34,0.981,0.58,0,0.694753
E00217,2024-04-01,BU08,Clinical,M1,8.805,0.562,3.78,0.6,0.808,0,0.727255
E00218,2024-04-01,BU02,Operations,IC3,4.345,0.507,3.6,0.6,0.681,0,0.746268
E00219,2024-04-01,BU08,Clinical,IC2,4.367,0.615,3.02,0.6,0.704,0,0.836167
E00220,2024-04-01,BU03,Operations,IC1,0.192,0.704,3.43,0.973,0.644,0,0.630219
E00221,2024-04-01,BU06,Operations,IC3,10.185,0.607,3.44,0.791,0.931,0,0.704836
E00222,2024-04-01,BU03,Clinical,IC2,2.097,0.486,3.53,0.885,0.619,0,0.7375
E00223,2024-04-01,BU07,Finance,IC1,0.0,0.455,3.22,1.078,0.749,0,0.758601
E00224,2024-04-01,BU10,Operations,IC3,5.035,0.551,3.1,0.78,0.696,0,0.80643
E00225,2024-04-01,BU09,Clinical,M2,8.235,0.481,2.88,0.6,0.915,0,0.913
E00226,2024-04-01,BU02,Operations,IC3,6.864,0.531,3.61,0.6,0.848,0,0.820145
E00227,2024-04-01,BU05,Admin,IC3,0.0,0.377,2.91,0.6,0.59,0,0.842511
E00228,2024-04-01,BU06,Finance,M2,6.834,0.679,3.62,0.628,0.703,0,0.665908
E00229,2024-04-01,BU04,IT,IC1,7.288,0.679,3.33,1.171,0.735,0,0.657178
E00230,2024-04-01,BU04,Operations,IC3,1.221,0.624,3.93,0.6,0.806,0,0.720833
E00231,2024-04-01,BU04,Admin,M2,7.86,0.644,3.58,0.622,0.654,0,0.694366
E00232,2024-04-01,BU02,IT,IC1,7.849,0.565,3.68,1.6,0.754,0,0.480799
E00233,2024-04-01,BU04,IT,IC3,6.76,0.574,3.44,0.6,0.569,0,0.745914
E00234,2024-04-01,BU01,Operations,IC3,4.038,0.606,3.05,0.743,0.959,0,0.824967
E00235,2024-04-01,BU06,Clinical,IC3,6.864,0.596,3.16,0.6,0.835,0,0.813533
E00236,2024-04-01,BU01,Operations,IC3,1.708,0.552,3.12,0.844,0.782,0,0.805591
E00237,2024-04-01,BU10,Admin,M1,9.903,0.64,2.86,0.6,0.662,0,0.787819
E00238,2024-04-01,BU06,IT,M1,2.875,0.668,2.9,0.6,0.804,0,0.812219
E00239,2024-04-01,BU01,Operations,IC1,3.866,0.575,3.14,1.302,0.95,0,0.668586
E00240,2024-04-01,BU06,Clinical,M1,8.479,0.548,3.3,0.834,0.732,0,0.743702
E00241,2024-04-01,BU10,Operations,IC1,2.456,0.661,3.23,1.064,0.794,0,0.654169
E00242,2024-04-01,BU08,Finance,IC2,10.034,0.568,3.62,0.659,0.56,0,0.657401
E00243,2024-04-01,BU02,Clinical,IC2,0.192,0.54,3.29,0.6,0.629,0,0.744588
E00244,2024-04-01,BU02,Admin,IC2,1.862,0.537,3.85,0.6,0.422,0,0.658215
E00245,2024-04-01,BU04,IT,IC2,1.509,0.633,3.92,0.6,0.631,0,0.643119
E00246,2024-04-01,BU03,Operations,M2,9.229,0.665,3.81,0.6,0.815,0,0.687053
E00247,2024-04-01,BU04,Clinical,IC3,4.041,0.471,3.03,0.6,0.809,0,0.878877
E00248,2024-04-01,BU07,Finance,IC3,0.986,0.41,3.43,0.6,0.648,0,0.80631
E00249,2024-04-01,BU01,Clinical,IC1,8.249,0.717,3.02,0.978,0.845,0,0.766828
E00250,2024-04-01,BU06,Education,M1,4.216,0.592,3.84,0.775,0.643,0,0.679566
E00251,2024-04-01,BU03,Finance,M1,0.608,0.585,3.29,0.6,0.628,0,0.749065
E00252,2024-04-01,BU10,Admin,M1,2.114,0.536,3.86,0.6,0.499,0,0.654664
E00253,2024-04-01,BU07,IT,IC1,6.261,0.496,3.33,0.763,0.589,0,0.751266
E00254,2024-04-01,BU10,Admin,IC1,9.604,0.796,3.22,1.149,0.602,0,0.586134
E00255,2024-04-01,BU02,Operations,IC1,8.704,0.633,3.73,1.106,0.63,0,0.569208
E00256,2024-04-01,BU02,Clinical,IC1,9.457,0.68,3.72,1.066,0.721,0,0.622946
E00257,2024-04-01,BU04,Education,IC2,5.467,0.541,3.48,1.217,0.679,0,0.626867
E00258,2024-04-01,BU01,Finance,M1,6.122,0.643,2.88,0.6,0.542,0,0.796035
E00259,2024-04-01,BU03,Finance,IC2,0.0,0.561,3.32,1.564,0.437,0,0.544004
E00260,2024-04-01,BU09,Clinical,IC1,3.784,0.669,3.44,1.173,0.731,0,0.542469
E00261,2024-04-01,BU07,Education,IC2,2.04,0.493,3.37,0.6,0.75,0,0.781807
E00262,2024-04-01,BU07,Clinical,IC1,1.415,0.55,4.14,1.6,0.765,0,0.392614
E00263,2024-04-01,BU04,Operations,IC1,8.129,0.487,3.56,0.645,0.787,0,0.747671
E00264,2024-04-01,BU02,Admin,IC2,7.283,0.523,3.41,0.6,0.851,0,0.842032
E00265,2024-04-01,BU04,Finance,IC2,8.211,0.619,3.04,0.917,0.651,0,0.661635
E00266,2024-04-01,BU06,Operations,M1,6.787,0.546,2.89,0.6,0.663,0,0.794913
E00267,2024-04-01,BU03,Admin,M2,2.33,0.592,2.49,0.6,0.699,0,0.832427
E00268,2024-04-01,BU01,Operations,IC2,4.862,0.592,3.35,1.261,0.762,0,0.657342
E00269,2024-04-01,BU08,Education,IC2,2.341,0.444,3.44,0.928,0.591,0,0.716078
E00270,2024-04-01,BU05,Finance,M1,9.539,0.56,3.15,0.674,0.718,0,0.765319
E00271,2024-04-01,BU05,Clinical,IC2,3.201,0.43,3.4,0.615,0.645,0,0.72402
E00272,2024-04-01,BU04,Clinical,IC1,6.738,0.492,3.43,0.6,0.825,0,0.814188
E00273,2024-04-01,BU06,Admin,M1,0.0,0.545,4.11,0.604,0.725,0,0.642736
E00274,2024-04-01,BU03,IT,IC1,9.911,0.681,3.05,1.247,0.502,0,0.584335
E00275,2024-04-01,BU09,Education,IC3,3.162,0.521,3.26,0.899,0.653,0,0.786476
E00276,2024-04-01,BU05,Admin,IC3,6.396,0.452,3.06,0.627,0.615,0,0.781447
E00277,2024-04-01,BU03,IT,IC2,5.027,0.495,3.56,0.6,0.722,0,0.807312
E00278,2024-04-01,BU01,Operations,IC2,2.735,0.426,3.35,1.6,0.698,0,0.642101
E00279,2024-04-01,BU10,Education,M1,6.828,0.545,3.05,0.671,0.62,0,0.803526
E00280,2024-04-01,BU06,Operations,IC1,7.307,0.62,3.55,0.878,0.731,0,0.640925
E00281,2024-04-01,BU02,Finance,IC1,2.138,0.636,3.34,0.845,0.559,0,0.674422
E00282,2024-04-01,BU03,Education,IC3,7.784,0.823,3.83,0.722,0.712,0,0.548628
E00283,2024-04-01,BU01,IT,IC2,2.127,0.512,3.22,1.113,0.689,0,0.71714
E00284,2024-04-01,BU09,Finance,IC1,9.161,0.732,2.96,1.048,0.594,0,0.705551
E00285,2024-04-01,BU08,Clinical,M1,9.09,0.718,3.74,0.706,0.93,0,0.712924
E00286,2024-04-01,BU02,IT,IC2,8.416,0.598,3.0,0.81,0.66,0,0.803761
E00287,2024-04-01,BU08,Admin,M1,5.027,0.553,3.51,0.6,0.335,0,0.654222
E00288,2024-04-01,BU09,Clinical,M1,8.104,0.709,3.78,0.726,0.746,0,0.627756
E00289,2024-04-01,BU01,Clinical,IC3,1.927,0.516,3.09,0.738,0.678,0,0.84733
E00290,2024-04-01,BU05,Admin,IC2,6.535,0.361,3.5,0.654,0.499,0,0.814818
E00291,2024-04-01,BU08,Education,M2,9.818,0.487,3.43,0.6,0.724,0,0.809775
E00292,2024-04-01,BU02,Clinical,IC1,7.228,0.58,2.65,1.025,0.947,0,0.80589
E00293,2024-04-01,BU04,IT,IC3,9.667,0.5,3.07,0.675,0.661,0,0.806741
E00294,2024-04-01,BU07,Finance,IC1,5.268,0.702,3.4,0.816,0.759,0,0.662749
E00295,2024-04-01,BU03,Clinical,IC2,6.691,0.562,2.59,0.6,0.724,0,0.881059
E00296,2024-04-01,BU05,IT,IC2,2.494,0.51,3.12,0.894,0.777,0,0.765027
E00297,2024-04-01,BU08,Operations,M2,3.023,0.53,3.21,0.6,0.917,0,0.816982
E00298,2024-04-01,BU10,IT,M2,4.189,0.736,3.93,0.6,0.747,0,0.615021
E00299,2024-04-01,BU03,Finance,IC1,7.847,0.448,3.66,0.778,0.518,0,0.712344
E00300,2024-04-01,BU04,IT,IC1,9.982,0.592,2.72,0.64,0.552,0,0.82911
E00301,2024-04-01,BU09,Admin,IC3,9.443,0.661,2.9,0.728,0.457,0,0.792881
E00302,2024-04-01,BU07,Finance,IC2,0.0,0.533,3.36,0.6,0.63,0,0.746122
E00303,2024-04-01,BU01,Education,IC1,8.211,0.565,3.14,1.6,0.463,0,0.540069
E00304,2024-04-01,BU04,Operations,IC3,4.49,0.54,4.38,0.6,0.693,0,0.654352
E00305,2024-04-01,BU04,Admin,IC2,4.244,0.634,3.33,0.6,0.587,0,0.797875
E00306,2024-04-01,BU09,Education,M2,4.285,0.604,3.73,0.6,0.847,0,0.741897
E00307,2024-04-01,BU06,IT,IC1,5.002,0.599,3.3,0.91,0.653,0,0.693985
E00308,2024-04-01,BU09,Finance,IC2,4.594,0.624,3.53,1.116,0.579,0,0.59939
E00309,2024-04-01,BU06,Operations,IC2,7.88,0.686,3.06,0.82,0.675,0,0.713852
E00310,2024-04-01,BU06,Admin,M1,5.144,0.621,3.39,0.6,0.572,0,0.730171
E00311,2024-04-01,BU05,Education,IC2,2.831,0.634,3.52,0.714,0.641,0,0.664313
E00312,2024-04-01,BU05,Education,IC3,0.0,0.626,3.25,0.673,0.751,0,0.758772
E00313,2024-04-01,BU02,Operations,IC1,0.101,0.462,3.28,0.6,0.576,0,0.814152
E00314,2024-04-01,BU08,IT,M1,8.381,0.606,3.28,0.847,0.799,0,0.715285
E00315,2024-04-01,BU08,Operations,IC2,5.352,0.712,3.58,0.6,0.641,0,0.710579
E00316,2024-04-01,BU01,Education,IC1,9.38,0.552,3.34,1.554,0.78,0,0.554374
E00317,2024-04-01,BU08,Clinical,IC3,10.059,0.727,3.92,0.712,0.81,0,0.580851
E00318,2024-04-01,BU05,Admin,IC1,5.541,0.643,3.7,1.145,0.534,0,0.529416
E00319,2024-04-01,BU02,Operations,IC1,7.743,0.599,3.05,1.389,0.781,0,0.70749
E00320,2024-04-01,BU02,Education,M1,6.7,0.637,3.22,0.676,0.662,0,0.778109
E00321,2024-04-01,BU06,IT,IC2,7.403,0.559,3.01,0.927,0.56,0,0.666643
E00322,2024-04-01,BU09,Education,IC3,9.777,0.566,3.04,0.6,0.871,0,0.813135
E00323,2024-04-01,BU01,IT,IC2,9.613,0.595,3.37,0.876,0.774,0,0.740608
E00324,2024-04-01,BU06,Operations,M1,5.966,0.601,3.8,0.6,0.777,0,0.734731
E00325,2024-04-01,BU09,IT,IC1,4.608,0.641,3.3,0.911,0.602,0,0.731646
E00326,2024-04-01,BU08,Finance,IC2,7.959,0.596,2.96,1.576,0.538,0,0.549505
E00327,2024-04-01,BU06,Finance,M2,1.621,0.59,2.91,0.6,0.618,0,0.808529
E00328,2024-04-01,BU03,Finance,M1,5.566,0.513,3.08,0.6,0.608,0,0.847842
E00329,2024-04-01,BU08,Clinical,IC2,3.061,0.633,3.28,0.76,0.739,0,0.776864
E00330,2024-04-01,BU09,Operations,IC2,10.07,0.637,3.11,0.651,0.792,0,0.754908
E00331,2024-04-01,BU01,Education,M1,5.415,0.625,3.56,0.619,0.692,0,0.765013
E00332,2024-04-01,BU09,Education,IC2,8.104,0.788,2.84,0.962,0.69,0,0.762452
E00333,2024-04-01,BU06,Clinical,M1,9.446,0.672,3.16,0.6,0.764,0,0.848252
E00334,2024-04-01,BU06,IT,M1,7.036,0.614,2.97,0.6,0.697,0,0.819529
E00335,2024-04-01,BU04,Clinical,IC1,6.045,0.691,3.56,0.608,0.676,0,0.732406
E00336,2024-04-01,BU01,IT,IC1,3.869,0.612,2.8,1.23,0.764,0,0.737698
E00337,2024-04-01,BU10,IT,IC3,9.911,0.637,3.68,0.741,0.675,0,0.628642
E00338,2024-04-01,BU08,Admin,IC1,8.09,0.72,3.62,0.92,0.646,0,0.563531
E00339,2024-04-01,BU02,Education,IC2,8.287,0.581,3.12,0.979,0.527,0,0.696118
E00340,2024-04-01,BU01,Finance,M2,1.498,0.602,2.23,0.6,0.572,0,0.868852
E00341,2024-04-01,BU02,IT,IC3,0.835,0.491,3.27,0.811,0.842,0,0.81448
E00342,2024-04-01,BU01,Admin,M1,4.882,0.594,2.94,0.6,0.631,0,0.828242
E00343,2024-04-01,BU01,Education,IC3,0.824,0.544,3.67,1.01,0.48,0,0.599604
E00344,2024-04-01,BU09,Finance,IC3,8.197,0.643,3.77,0.6,0.742,0,0.700533
E00345,2024-04-01,BU01,IT,IC1,2.891,0.557,3.41,0.6,0.457,0,0.785558
E00346,2024-04-01,BU04,IT,IC2,2.557,0.529,4.11,0.667,0.598,0,0.613807
E00347,2024-04-01,BU10,Clinical,IC2,8.331,0.531,4.26,0.631,0.71,1,0.663674
E00348,2024-04-01,BU06,Clinical,IC2,4.496,0.576,3.97,0.683,0.714,0,0.65202
E00349,2024-04-01,BU07,Education,M1,4.104,0.516,3.65,0.6,0.756,0,0.783926
E00350,2024-04-01,BU02,Finance,IC2,9.188,0.448,3.13,1.141,0.593,0,0.706007
E00351,2024-04-01,BU06,IT,IC2,0.0,0.534,3.49,0.696,0.621,0,0.72871
E00352,2024-04-01,BU07,Education,IC2,0.364,0.447,3.04,0.6,0.669,0,0.857092
E00353,2024-04-01,BU10,Education,IC1,8.572,0.716,3.2,0.6,0.598,0,0.701914
E00354,2024-04-01,BU10,Operations,IC2,0.49,0.573,3.44,0.606,0.637,0,0.758576
E00355,2024-04-01,BU02,Clinical,IC1,9.569,0.446,3.57,0.6,0.931,0,0.821004
E00356,2024-04-01,BU02,Finance,IC1,2.56,0.594,3.83,0.675,0.658,0,0.705384
E00357,2024-04-01,BU10,IT,IC1,9.832,0.57,2.68,1.448,0.538,0,0.64149
E00358,2024-04-01,BU07,Education,IC2,1.613,0.494,3.09,0.6,0.583,0,0.80679
E00359,2024-04-01,BU01,IT,M1,0.0,0.438,2.85,0.639,0.545,0,0.830488
E00360,2024-04-01,BU08,Operations,IC2,5.243,0.613,3.49,0.6,0.783,0,0.762218
E00361,2024-04-01,BU03,Finance,IC2,3.447,0.646,3.38,1.35,0.596,0,0.528553
E00362,2024-04-01,BU06,Education,IC3,0.934,0.596,2.82,1.186,0.572,0,0.677734
E00363,2024-04-01,BU09,IT,IC1,4.192,0.556,3.57,1.101,0.651,0,0.656406
E00364,2024-04-01,BU06,Clinical,M1,0.638,0.546,3.8,1.029,0.825,0,0.680258
E00365,2024-04-01,BU09,Operations,IC2,8.186,0.627,3.25,0.895,1.0,0,0.764045
E00366,2024-04-01,BU07,Finance,IC2,9.043,0.561,3.92,0.955,0.695,0,0.582291
E00367,2024-04-01,BU09,Operations,IC3,1.977,0.527,3.6,0.944,0.729,0,0.744748
E00368,2024-04-01,BU02,Clinical,IC1,2.604,0.564,3.04,0.955,0.644,0,0.788744
E00369,2024-04-01,BU08,Finance,IC3,0.764,0.53,3.87,0.6,0.737,0,0.705485
E00370,2024-04-01,BU08,Operations,IC2,3.463,0.587,3.56,0.934,0.769,0,0.721909
E00371,2024-04-01,BU02,Admin,M1,1.273,0.521,3.01,0.6,0.664,0,0.813474
E00372,2024-04-01,BU04,Clinical,IC1,6.708,0.553,3.27,0.733,0.544,0,0.692844
E00373,2024-04-01,BU07,Clinical,IC2,6.62,0.486,3.61,0.774,0.764,0,0.740675
E00374,2024-04-01,BU04,Clinical,IC3,10.114,0.616,3.17,0.678,0.946,0,0.799563
E00375,2024-04-01,BU04,Admin,IC1,2.456,0.54,3.27,0.944,0.703,0,0.778419
E00376,2024-04-01,BU06,Admin,IC2,7.379,0.538,3.43,0.955,0.731,0,0.655171
E00377,2024-04-01,BU10,IT,IC3,3.644,0.487,3.58,0.6,0.684,1,0.804754
E00378,2024-04-01,BU06,Education,M1,9.068,0.622,3.54,0.6,0.676,0,0.738442
E00379,2024-04-01,BU10,Operations,IC2,8.75,0.588,2.71,0.986,0.63,0,0.749886
E00380,2024-04-01,BU03,IT,M1,4.052,0.512,3.02,0.99,0.719,0,0.814752
E00381,2024-04-01,BU09,Operations,M2,4.687,0.64,3.09,0.865,0.863,0,0.762608
E00382,2024-04-01,BU10,Education,M1,7.398,0.822,3.1,0.625,0.438,0,0.712005
E00383,2024-04-01,BU02,Admin,IC1,1.311,0.621,3.22,1.254,0.693,0,0.580945
E00384,2024-04-01,BU06,Education,IC3,1.106,0.523,3.12,1.208,0.703,0,0.739087
E00385,2024-04-01,BU07,Admin,IC2,4.444,0.513,3.25,0.6,0.609,0,0.806399
E00386,2024-04-01,BU09,Education,M2,0.808,0.482,3.67,0.6,0.749,0,0.716371
E00387,2024-04-01,BU03,IT,IC2,1.051,0.44,3.27,0.933,0.636,0,0.747566
E00388,2024-04-01,BU10,Finance,IC1,5.079,0.562,3.6,1.532,0.798,0,0.543249
E00389,2024-04-01,BU03,IT,IC3,9.514,0.54,3.27,0.6,0.503,0,0.712421
E00390,2024-04-01,BU07,Operations,IC2,6.683,0.472,3.0,0.6,0.64,0,0.768337
E00391,2024-04-01,BU04,IT,M2,0.887,0.637,2.83,0.6,0.702,0,0.784047
E00392,2024-04-01,BU08,Clinical,M2,4.331,0.584,3.29,0.6,0.809,0,0.845659
E00393,2024-04-01,BU07,Operations,IC3,4.441,0.645,3.18,0.967,0.824,0,0.79155
E00394,2024-04-01,BU05,Education,IC1,0.0,0.508,3.31,1.157,0.46,0,0.629543
E00395,2024-04-01,BU07,Operations,IC3,5.555,0.552,4.06,0.6,0.726,1,0.6874
E00396,2024-04-01,BU03,Finance,IC1,10.234,0.669,3.35,1.122,0.613,0,0.675094
E00397,2024-04-01,BU02,Admin,IC1,2.705,0.494,3.76,1.02,0.602,0,0.625921
E00398,2024-04-01,BU06,Education,M1,5.78,0.583,3.61,0.945,0.548,0,0.624846
E00399,2024-04-01,BU02,Operations,IC1,5.476,0.655,2.66,1.024,0.659,0,0.756261
E00400,2024-04-01,BU03,Education,IC2,3.324,0.657,2.94,0.6,0.585,0,0.771747
E00401,2024-04-01,BU06,Education,M2,6.56,0.691,3.2,0.6,0.776,0,0.773608
E00402,2024-04-01,BU05,Education,IC2,5.235,0.598,3.45,0.817,0.696,0,0.670743
E00403,2024-04-01,BU08,Admin,IC2,6.998,0.448,4.37,0.6,0.658,0,0.677296
E00404,2024-04-01,BU09,IT,M1,7.537,0.477,3.0,0.6,0.797,0,0.829599
E00405,2024-04-01,BU03,Education,IC1,3.989,0.679,2.9,0.866,0.715,0,0.774759
E00406,2024-04-01,BU10,Clinical,M1,2.434,0.631,3.71,0.6,0.667,0,0.745023
E00407,2024-04-01,BU03,Finance,M2,7.072,0.615,3.31,0.6,0.528,0,0.73635
E00408,2024-04-01,BU03,Admin,M1,8.515,0.516,3.27,0.6,0.515,0,0.771824
E00409,2024-04-01,BU06,Operations,IC3,1.133,0.443,2.86,0.752,0.94,0,0.866042
E00410,2024-04-01,BU01,Admin,IC2,7.94,0.596,3.27,0.762,0.766,0,0.768537
E00411,2024-04-01,BU07,Operations,IC2,9.78,0.605,3.63,0.803,0.768,0,0.70056
E00412,2024-04-01,BU01,Admin,M1,3.138,0.523,2.9,0.6,0.43,0,0.807474
E00413,2024-04-01,BU05,Operations,M1,7.608,0.634,3.57,0.6,0.77,0,0.725388
E00414,2024-04-01,BU10,Education,IC2,0.613,0.573,3.48,0.847,0.773,0,0.733278
E00415,2024-04-01,BU08,IT,IC1,4.178,0.671,3.25,1.6,0.674,0,0.500333
E00416,2024-04-01,BU04,Operations,IC1,0.268,0.56,3.06,0.6,0.708,0,0.864029
E00417,2024-04-01,BU05,Operations,IC1,6.073,0.742,3.73,0.958,0.663,0,0.561739
E00418,2024-04-01,BU04,Clinical,IC3,0.43,0.509,3.13,0.959,0.832,0,0.745282
E00419,2024-04-01,BU04,Operations,IC2,5.563,0.596,3.29,0.868,0.635,0,0.694742
E00420,2024-04-01,BU08,Clinical,M1,3.915,0.72,3.37,0.612,0.618,0,0.730132
E00421,2024-04-01,BU02,Finance,IC3,1.804,0.536,2.87,0.6,0.653,0,0.818835
E00422,2024-04-01,BU01,Education,IC1,5.969,0.539,2.88,1.121,0.598,0,0.759067
E00423,2024-04-01,BU03,Clinical,IC3,9.435,0.565,3.08,0.6,0.783,0,0.808131
E00424,2024-04-01,BU09,IT,IC2,1.109,0.527,3.55,0.825,0.744,0,0.731494
E00425,2024-04-01,BU04,Education,IC3,0.4,0.587,3.69,0.678,0.679,0,0.690765
E00426,2024-04-01,BU10,Clinical,IC3,9.643,0.673,3.84,1.409,0.773,0,0.442926
E00427,2024-04-01,BU05,Education,M1,8.383,0.466,3.27,0.663,0.628,0,0.795045
E00428,2024-04-01,BU02,Education,M1,4.791,0.605,2.77,0.6,0.689,0,0.870299
E00429,2024-04-01,BU04,Education,IC2,1.851,0.558,3.44,0.6,0.648,0,0.745427
E00430,2024-04-01,BU02,Finance,IC1,2.527,0.47,3.19,0.98,0.637,0,0.713903
E00431,2024-04-01,BU02,IT,IC3,6.174,0.551,3.05,0.836,0.764,0,0.819423
E00432,2024-04-01,BU04,Admin,IC1,9.851,0.54,3.18,0.918,0.549,0,0.758554
E00433,2024-04-01,BU06,Admin,IC2,3.797,0.592,2.62,0.643,0.677,0,0.833051
E00434,2024-04-01,BU07,Clinical,IC1,5.916,0.501,3.43,0.748,0.611,0,0.70946
E00435,2024-04-01,BU10,Education,IC3,4.761,0.632,4.09,0.78,0.779,0,0.588271
E00436,2024-04-01,BU03,Clinical,IC1,3.775,0.625,2.94,1.239,0.802,0,0.714243
E00437,2024-04-01,BU03,Finance,IC3,7.723,0.511,2.9,0.914,0.567,0,0.794951
E00438,2024-04-01,BU10,Finance,M2,1.002,0.603,3.6,0.6,0.755,0,0.750578
E00439,2024-04-01,BU06,Operations,IC1,7.365,0.581,3.49,1.102,0.648,0,0.644014
E00440,2024-04-01,BU03,Finance,IC1,5.613,0.471,3.06,0.914,0.429,0,0.761487
E00441,2024-04-01,BU02,Operations,IC2,4.745,0.491,3.71,0.725,0.751,0,0.759215
E00442,2024-04-01,BU08,IT,M1,1.533,0.579,3.25,0.6,0.758,0,0.79435
E00443,2024-04-01,BU05,Clinical,IC1,5.684,0.561,3.2,1.094,0.796,0,0.686865
E00444,2024-04-01,BU01,IT,IC2,10.031,0.616,2.9,0.913,0.856,0,0.789671
E00445,2024-04-01,BU03,Finance,IC1,7.058,0.585,3.22,0.677,0.667,0,0.715208
E00446,2024-04-01,BU10,IT,M1,5.648,0.517,3.47,0.6,0.748,0,0.79999
E00447,2024-04-01,BU08,IT,IC2,0.893,0.701,3.49,1.191,0.679,0,0.565502
E00448,2024-04-01,BU04,IT,M1,0.994,0.571,3.79,0.6,0.593,0,0.685356
E00449,2024-04-01,BU07,Finance,M1,5.624,0.482,3.28,0.6,0.639,0,0.731653
E00450,2024-04-01,BU10,Education,IC1,3.762,0.651,3.53,1.311,0.75,0,0.582523
E00451,2024-04-01,BU02,IT,M1,7.146,0.583,2.71,0.622,0.483,0,0.780587
E00452,2024-04-01,BU07,Operations,IC1,9.982,0.599,3.45,1.137,0.797,0,0.634426
E00453,2024-04-01,BU05,Finance,M1,5.328,0.741,3.69,0.78,0.52,0,0.543459
E00454,2024-04-01,BU05,IT,IC3,3.357,0.567,3.27,0.6,0.71,0,0.81027
E00455,2024-04-01,BU06,Education,M1,0.999,0.496,3.03,0.6,0.67,0,0.834669
E00456,2024-04-01,BU09,Finance,IC1,0.775,0.47,3.53,1.018,0.621,0,0.703667
E00457,2024-04-01,BU06,Admin,IC1,4.797,0.716,2.91,1.505,0.67,0,0.608254
E00458,2024-04-01,BU08,Education,IC2,6.185,0.623,3.34,0.74,0.74,0,0.73537
E00459,2024-04-01,BU07,Operations,IC2,6.609,0.582,3.52,0.6,0.63,0,0.757709
E00460,2024-04-01,BU09,IT,IC1,8.778,0.602,3.6,0.713,0.553,0,0.636265
E00461,2024-04-01,BU04,Admin,IC2,7.075,0.555,3.37,0.975,0.577,0,0.692387
E00462,2024-04-01,BU02,Admin,IC1,0.52,0.342,3.64,0.883,0.681,0,0.781581
E00463,2024-04-01,BU07,Finance,IC2,1.164,0.462,3.59,0.756,0.574,0,0.747485
E00464,2024-04-01,BU06,Admin,M1,7.346,0.647,3.4,0.663,0.632,0,0.747854
E00465,2024-04-01,BU01,Operations,IC2,0.66,0.446,3.62,0.6,0.669,0,0.67517
E00466,2024-04-01,BU09,Operations,IC1,9.462,0.532,3.39,1.6,0.786,0,0.565373
E00467,2024-04-01,BU09,Clinical,IC2,3.034,0.471,3.4,0.624,0.861,0,0.795539
E00468,2024-04-01,BU02,Operations,IC1,5.284,0.62,2.82,1.002,0.679,0,0.744711
E00469,2024-04-01,BU03,Education,M2,6.913,0.461,3.71,0.6,0.747,0,0.783139
E00470,2024-04-01,BU05,Admin,IC1,2.782,0.465,3.43,0.897,0.581,0,0.714776
E00471,2024-04-01,BU05,Operations,IC3,3.472,0.586,3.31,0.937,0.703,0,0.779952
E00472,2024-04-01,BU01,Finance,M2,8.791,0.591,4.33,0.6,0.67,0,0.595038
E00473,2024-04-01,BU08,Clinical,M1,9.93,0.581,3.29,0.792,0.8,0,0.817311
E00474,2024-04-01,BU08,Admin,IC3,0.052,0.585,3.95,0.618,0.52,0,0.58559
E00475,2024-04-01,BU04,Clinical,M1,6.973,0.595,3.11,0.616,0.895,0,0.844406
E00476,2024-04-01,BU07,Admin,M2,3.244,0.522,3.54,0.6,0.555,0,0.716426
E00477,2024-04-01,BU10,Finance,IC3,8.98,0.542,4.42,0.747,0.468,0,0.508784
E00478,2024-04-01,BU03,Clinical,IC3,8.181,0.553,3.07,0.6,0.802,0,0.842378
E00479,2024-04-01,BU06,IT,IC3,9.331,0.554,3.77,0.6,0.809,0,0.753942
E00480,2024-04-01,BU10,Education,IC2,10.193,0.584,3.48,0.6,0.516,0,0.688196
E00481,2024-04-01,BU10,Education,IC3,7.477,0.663,3.43,0.797,0.592,0,0.698136
E00482,2024-04-01,BU09,Admin,IC2,0.0,0.493,3.25,1.247,0.472,0,0.600292
E00483,2024-04-01,BU01,IT,IC1,5.9,0.644,2.9,0.6,0.649,0,0.801441
E00484,2024-04-01,BU05,Clinical,IC1,7.37,0.435,3.07,0.73,0.772,0,0.86232
E00485,2024-04-01,BU04,IT,IC1,10.001,0.677,3.18,0.937,0.748,1,0.781851
E00486,2024-04-01,BU08,IT,IC2,9.35,0.623,2.93,0.798,0.761,0,0.801969
E00487,2024-04-01,BU01,Clinical,IC1,3.058,0.622,3.52,1.238,0.628,0,0.565499
E00488,2024-04-01,BU09,Finance,IC3,1.229,0.483,4.29,0.6,0.791,0,0.697311
E00489,2024-04-01,BU06,IT,IC2,0.0,0.591,3.32,0.632,0.578,0,0.751617
E00490,2024-04-01,BU04,IT,M1,9.098,0.654,3.84,0.747,0.751,0,0.692841
E00491,2024-04-01,BU09,Finance,IC1,7.65,0.59,3.58,1.119,0.637,0,0.660651
E00492,2024-04-01,BU05,IT,IC1,8.496,0.548,2.69,1.183,0.691,0,0.780606
E00493,2024-04-01,BU05,IT,IC3,7.912,0.608,3.33,0.669,0.891,0,0.736196
E00494,2024-04-01,BU05,IT,IC3,3.704,0.729,3.3,0.846,0.691,0,0.652088
E00495,2024-04-01,BU01,Education,IC1,9.489,0.777,3.04,0.689,0.639,0,0.780411
E00496,2024-04-01,BU01,Operations,M1,0.304,0.482,2.82,0.6,0.692,0,0.888811
E00497,2024-04-01,BU08,Finance,M1,3.132,0.47,3.22,0.759,0.634,0,0.764033
E00498,2024-04-01,BU08,IT,IC2,0.619,0.489,3.51,0.6,0.561,0,0.744277
E00499,2024-04-01,BU06,Education,IC2,1.15,0.588,3.0,0.733,0.622,0,0.796646
E00500,2024-04-01,BU04,Finance,M2,0.999,0.484,2.92,0.6,0.578,0,0.854015
E00001,2024-05-01,BU03,Operations,IC2,4.246,0.476,3.19,0.933,0.807,0,0.805844
E00002,2024-05-01,BU05,Education,IC2,7.157,0.591,3.61,1.6,0.746,0,0.479816
E00003,2024-05-01,BU01,Operations,IC2,0.0,0.308,2.94,0.646,0.903,0,0.862696
E00004,2024-05-01,BU01,Clinical,IC1,2.79,0.54,2.66,1.21,0.668,0,0.76764
E00005,2024-05-01,BU10,Finance,IC2,6.062,0.587,3.52,0.6,0.472,0,0.753975
E00006,2024-05-01,BU09,IT,M2,3.554,0.61,3.74,0.6,0.563,0,0.674596
E00007,2024-05-01,BU07,Operations,IC1,0.964,0.518,3.11,1.054,0.857,0,0.775966
E00008,2024-05-01,BU01,Finance,IC1,8.183,0.554,3.08,1.465,0.694,0,0.645857
E00009,2024-05-01,BU08,Clinical,IC2,3.483,0.639,4.16,0.6,0.908,0,0.668675
E00010,2024-05-01,BU03,Admin,M1,0.0,0.508,3.62,0.689,0.743,0,0.754866
E00011,2024-05-01,BU08,Education,IC3,0.077,0.368,3.23,0.609,0.559,0,0.872043
E00012,2024-05-01,BU05,Finance,IC3,2.62,0.468,3.06,0.6,0.542,0,0.845353
E00013,2024-05-01,BU01,Finance,IC1,5.99,0.541,3.0,1.003,0.634,0,0.739049
E00014,2024-05-01,BU07,Admin,IC3,6.59,0.551,2.97,1.204,0.736,0,0.739922
E00015,2024-05-01,BU05,Finance,IC2,3.053,0.591,3.17,0.6,0.661,0,0.803528
E00016,2024-05-01,BU06,Clinical,M1,2.535,0.643,2.8,0.6,0.755,0,0.814997
E00017,2024-05-01,BU06,Clinical,IC3,7.964,0.683,3.84,0.6,0.563,0,0.653015
E00018,2024-05-01,BU08,Admin,IC1,4.611,0.584,3.26,0.786,0.603,0,0.714434
E00019,2024-05-01,BU09,Education,IC1,5.687,0.741,3.83,1.517,0.54,0,0.376561
E00020,2024-05-01,BU02,IT,IC1,9.142,0.738,3.25,0.826,0.66,0,0.656804
E00021,2024-05-01,BU09,Operations,IC2,3.307,0.512,3.77,1.143,0.731,0,0.683993
E00022,2024-05-01,BU10,IT,IC2,5.166,0.617,3.18,1.06,0.698,0,0.748403
E00023,2024-05-01,BU09,Finance,IC3,9.054,0.519,3.61,0.633,0.686,0,0.726432
E00024,2024-05-01,BU10,Operations,IC2,6.24,0.577,3.58,0.67,0.885,1,0.820683
E00025,2024-05-01,BU10,Admin,IC2,10.324,0.653,3.23,0.6,0.723,0,0.780968
E00026,2024-05-01,BU07,Admin,IC1,0.835,0.513,3.35,0.699,0.598,0,0.742668
E00027,2024-05-01,BU01,Education,IC1,4.731,0.546,3.37,1.068,0.963,0,0.727921
E00028,2024-05-01,BU07,Operations,M1,1.777,0.528,3.82,0.6,0.822,0,0.726723
E00029,2024-05-01,BU10,Clinical,IC1,9.927,0.647,3.57,0.767,0.743,0,0.713321
E00030,2024-05-01,BU05,Operations,IC3,0.0,0.496,3.79,0.6,0.708,0,0.745878
E00031,2024-05-01,BU06,Finance,M1,0.304,0.542,3.4,0.6,0.495,0,0.748532
E00032,2024-05-01,BU10,Clinical,IC3,0.813,0.523,3.17,0.6,0.701,0,0.798812
E00033,2024-05-01,BU07,Admin,M1,7.822,0.611,3.64,0.6,0.638,0,0.705973
E00034,2024-05-01,BU05,Operations,IC2,3.628,0.594,3.14,0.922,0.918,0,0.772388
E00035,2024-05-01,BU07,IT,M2,7.094,0.686,3.61,0.6,0.593,0,0.637092
E00036,2024-05-01,BU09,Education,IC1,1.659,0.612,3.5,0.6,0.637,0,0.708414
E00037,2024-05-01,BU03,IT,IC1,8.277,0.593,3.44,1.6,0.581,0,0.49058
E00038,2024-05-01,BU08,Education,IC3,6.319,0.631,3.52,0.6,0.698,0,0.703982
E00039,2024-05-01,BU02,Finance,M2,8.071,0.712,3.25,0.6,0.597,0,0.712075
E00040,2024-05-01,BU07,IT,M1,3.614,0.488,3.63,0.6,0.864,0,0.76664
E00041,2024-05-01,BU02,Operations,IC1,5.845,0.636,3.62,1.6,0.86,1,0.613686
E00042,2024-05-01,BU04,Operations,IC2,1.462,0.455,3.43,0.6,0.795,0,0.808176
E00043,2024-05-01,BU07,IT,M2,4.099,0.724,3.54,0.673,0.622,0,0.641815
E00044,2024-05-01,BU03,Operations,IC2,9.322,0.541,3.13,0.79,0.801,0,0.791728
E00045,2024-05-01,BU02,Finance,M1,7.017,0.625,3.17,0.6,0.69,0,0.821485
E00046,2024-05-01,BU10,Clinical,M1,1.383,0.542,3.33,0.725,0.863,0,0.78854
E00047,2024-05-01,BU07,Finance,IC2,8.641,0.625,3.73,0.6,0.61,0,0.760692
E00048,2024-05-01,BU01,Education,IC2,1.103,0.54,3.71,0.6,0.747,0,0.758466
E00049,2024-05-01,BU08,Finance,IC2,1.369,0.502,3.48,0.6,0.587,0,0.742742
E00050,2024-05-01,BU03,Education,IC1,0.646,0.515,3.34,0.6,0.757,0,0.777157
E00051,2024-05-01,BU02,Operations,M1,5.815,0.543,3.15,0.6,0.665,0,0.789637
E00052,2024-05-01,BU03,Clinical,IC2,8.4,0.528,3.86,1.037,0.768,0,0.566054
E00053,2024-05-01,BU05,Operations,M1,7.064,0.719,4.0,0.6,0.849,0,0.649102
E00054,2024-05-01,BU08,Admin,IC1,4.131,0.448,3.27,1.478,0.578,0,0.644293
E00055,2024-05-01,BU10,Operations,M2,2.533,0.544,3.51,0.6,0.467,0,0.726113
E00056,2024-05-01,BU07,Education,IC2,7.986,0.637,3.26,1.019,0.587,0,0.600184
E00057,2024-05-01,BU07,Operations,IC1,10.001,0.687,3.1,0.906,0.899,0,0.741511
E00058,2024-05-01,BU07,Operations,IC1,7.107,0.598,3.34,0.724,0.764,0,0.765116
E00059,2024-05-01,BU08,Clinical,IC3,8.378,0.497,3.21,1.073,0.807,0,0.784048
E00060,2024-05-01,BU01,Operations,IC3,2.664,0.634,3.12,0.6,0.703,0,0.787771
E00061,2024-05-01,BU04,Clinical,M1,7.017,0.608,2.89,0.6,0.894,0,0.852494
E00062,2024-05-01,BU06,IT,IC1,8.454,0.569,3.64,1.132,0.679,0,0.599265
E00063,2024-05-01,BU09,Admin,IC1,5.002,0.561,3.69,1.186,0.663,0,0.603057
E00064,2024-05-01,BU02,Clinical,IC2,5.046,0.551,3.64,0.6,0.7,0,0.784304
E00065,2024-05-01,BU01,Education,IC2,0.942,0.556,3.27,1.107,0.607,0,0.625144
E00066,2024-05-01,BU10,IT,IC2,6.831,0.622,3.36,0.6,0.719,0,0.774554
E00067,2024-05-01,BU02,Clinical,M2,4.63,0.678,3.0,0.61,0.741,0,0.788792
E00068,2024-05-01,BU07,Clinical,M2,8.78,0.557,3.24,0.6,0.637,0,0.74534
E00069,2024-05-01,BU03,Admin,M2,0.983,0.651,3.17,0.61,0.726,0,0.763173
E00070,2024-05-01,BU10,Education,M1,8.564,0.566,3.2,0.6,0.558,0,0.832813
E00071,2024-05-01,BU02,Finance,IC2,0.534,0.555,3.2,0.927,0.543,0,0.755601
E00072,2024-05-01,BU07,Finance,IC2,6.817,0.58,3.44,1.103,0.661,0,0.59322
E00073,2024-05-01,BU02,Clinical,IC2,2.533,0.711,3.06,0.759,0.762,0,0.757152
E00074,2024-05-01,BU03,Operations,M1,3.986,0.62,3.82,0.6,0.885,0,0.749458
E00075,2024-05-01,BU07,Education,IC1,2.155,0.462,3.08,1.248,0.544,0,0.688207
E00076,2024-05-01,BU04,IT,IC2,2.828,0.664,3.18,0.793,0.627,0,0.716242
E00077,2024-05-01,BU01,Operations,IC1,5.481,0.695,3.14,0.6,0.807,0,0.812124
E00078,2024-05-01,BU05,Operations,IC2,8.449,0.578,3.37,0.6,0.726,0,0.749854
E00079,2024-05-01,BU09,Education,M1,6.226,0.525,3.12,0.6,0.668,0,0.819032
E00080,2024-05-01,BU08,Clinical,M1,2.39,0.539,3.91,0.913,0.648,0,0.60686
E00081,2024-05-01,BU09,Clinical,IC1,0.613,0.746,3.31,1.397,0.598,0,0.519266
E00082,2024-05-01,BU10,Clinical,M2,1.544,0.531,2.4,0.719,0.822,0,0.854622
E00083,2024-05-01,BU09,Clinical,IC3,1.544,0.432,3.19,0.685,0.697,0,0.851727
E00084,2024-05-01,BU07,Finance,IC1,9.415,0.676,3.82,1.22,0.69,1,0.586413
E00085,2024-05-01,BU04,Clinical,IC2,2.278,0.518,3.09,0.6,0.66,1,0.87893
E00086,2024-05-01,BU05,Finance,IC2,3.899,0.701,3.66,0.713,0.488,0,0.628265
E00087,2024-05-01,BU01,Finance,IC1,1.763,0.469,3.51,1.081,0.667,0,0.699716
E00088,2024-05-01,BU01,Clinical,M2,2.741,0.555,2.89,0.6,0.96,0,0.912435
E00089,2024-05-01,BU03,Admin,IC2,9.569,0.616,2.82,0.755,0.533,0,0.712405
E00090,2024-05-01,BU08,IT,M1,2.598,0.551,3.55,0.895,0.755,0,0.745166
E00091,2024-05-01,BU02,Operations,IC2,3.244,0.636,3.31,0.863,0.672,0,0.685348
E00092,2024-05-01,BU04,Finance,IC1,0.0,0.463,3.21,1.251,0.535,0,0.666427
E00093,2024-05-01,BU02,Education,IC2,7.51,0.805,3.39,0.6,0.54,0,0.669508
E00094,2024-05-01,BU05,Education,IC1,10.185,0.643,3.3,1.6,0.649,0,0.568357
E00095,2024-05-01,BU09,IT,IC2,3.001,0.613,3.27,0.684,0.477,0,0.724905
E00096,2024-05-01,BU01,Education,M1,7.992,0.542,3.37,0.6,0.559,0,0.759727
E00097,2024-05-01,BU05,Admin,IC2,7.858,0.578,3.14,0.711,0.661,0,0.734228
E00098,2024-05-01,BU09,Education,IC3,10.166,0.625,3.97,0.6,0.678,0,0.64945
E00099,2024-05-01,BU01,Operations,IC1,0.0,0.521,3.15,1.266,0.651,0,0.687652
E00100,2024-05-01,BU09,Operations,IC1,6.319,0.623,3.74,0.82,0.786,0,0.639938
E00101,2024-05-01,BU08,Finance,IC1,0.846,0.493,3.21,0.657,0.585,0,0.867523
E00102,2024-05-01,BU04,Clinical,IC3,4.057,0.406,3.32,0.6,0.864,0,0.838271
E00103,2024-05-01,BU10,Admin,IC1,1.331,0.479,3.86,1.343,0.431,0,0.48979
E00104,2024-05-01,BU05,Finance,IC2,1.777,0.605,3.42,0.759,0.511,0,0.657332
E00105,2024-05-01,BU05,Admin,IC3,3.65,0.575,3.64,0.6,0.666,0,0.687283
E00106,2024-05-01,BU06,Clinical,IC2,2.051,0.461,3.18,0.821,0.656,0,0.8053
E00107,2024-05-01,BU07,Education,IC1,3.044,0.562,3.02,0.696,0.693,0,0.831175
E00108,2024-05-01,BU08,Education,IC2,8.909,0.632,3.79,0.6,0.644,0,0.678628
E00109,2024-05-01,BU08,Clinical,M1,9.383,0.511,3.0,0.897,0.661,0,0.785345
E00110,2024-05-01,BU02,Finance,IC3,4.104,0.529,2.67,0.734,0.653,0,0.815418
E00111,2024-05-01,BU09,Clinical,IC2,3.362,0.565,3.42,0.858,0.938,0,0.782496
E00112,2024-05-01,BU07,IT,IC1,2.853,0.577,3.96,0.803,0.592,0,0.675774
E00113,2024-05-01,BU04,Operations,M2,5.796,0.532,3.77,0.751,0.681,0,0.722568
E00114,2024-05-01,BU04,Finance,IC3,7.477,0.514,3.87,1.6,0.52,0,0.415918
E00115,2024-05-01,BU08,Admin,IC2,2.571,0.581,3.18,0.856,0.573,0,0.727953
E00116,2024-05-01,BU04,IT,M1,4.545,0.756,3.61,0.6,0.773,0,0.659571
E00117,2024-05-01,BU06,Finance,IC2,0.159,0.326,3.26,0.706,0.659,0,0.801718
E00118,2024-05-01,BU05,Clinical,IC2,7.803,0.635,3.33,0.88,0.846,0,0.729646
E00119,2024-05-01,BU03,Clinical,IC3,10.136,0.664,3.44,0.6,0.721,0,0.733923
E00120,2024-05-01,BU10,Clinical,IC1,8.244,0.608,3.1,0.996,0.878,0,0.724926
E00121,2024-05-01,BU02,Clinical,M2,5.344,0.516,2.65,0.6,0.92,0,0.826344
E00122,2024-05-01,BU09,Admin,IC3,7.532,0.601,3.43,1.02,0.508,0,0.604788
E00123,2024-05-01,BU10,IT,IC3,10.034,0.557,4.0,0.974,0.76,0,0.640613
E00124,2024-05-01,BU09,Education,IC1,5.407,0.659,3.24,0.958,0.705,0,0.721529
E00125,2024-05-01,BU01,Operations,IC1,0.742,0.574,3.32,1.552,0.626,0,0.587364
E00126,2024-05-01,BU10,Admin,IC2,3.595,0.499,3.43,1.558,0.575,0,0.575283
E00127,2024-05-01,BU03,Admin,M1,3.806,0.456,3.5,0.6,0.36,0,0.681246
E00128,2024-05-01,BU08,Education,IC2,0.26,0.618,3.68,0.866,0.871,0,0.727153
E00129,2024-05-01,BU06,Education,IC2,2.157,0.647,2.99,0.6,0.683,0,0.80727
E00130,2024-05-01,BU05,Operations,IC3,0.364,0.43,3.16,0.6,0.595,0,0.835082
E00131,2024-05-01,BU05,Operations,IC1,0.638,0.499,3.14,0.706,0.842,0,0.796813
E00132,2024-05-01,BU06,Education,IC3,7.389,0.668,3.69,0.6,0.843,0,0.712107
E00133,2024-05-01,BU07,Clinical,IC1,4.312,0.549,2.68,0.618,0.857,0,0.916729
E00134,2024-05-01,BU01,Admin,M2,9.651,0.648,3.04,0.6,0.837,0,0.846132
E00135,2024-05-01,BU09,Finance,IC2,6.735,0.633,3.82,0.6,0.703,0,0.684552
E00136,2024-05-01,BU03,Operations,IC1,7.31,0.643,3.82,1.357,0.794,0,0.546007
E00137,2024-05-01,BU04,Operations,IC2,5.856,0.539,3.32,0.704,0.773,0,0.770943
E00138,2024-05-01,BU10,Education,IC2,3.962,0.726,3.54,0.6,0.527,0,0.616205
E00139,2024-05-01,BU01,IT,M1,3.847,0.399,2.82,0.6,0.593,0,0.838603
E00140,2024-05-01,BU10,Finance,IC3,0.0,0.578,3.03,0.612,0.613,0,0.81193
E00141,2024-05-01,BU03,Finance,IC3,6.387,0.649,3.41,0.6,0.564,0,0.693153
E00142,2024-05-01,BU02,Operations,IC1,3.97,0.632,3.19,0.954,0.748,0,0.784138
E00143,2024-05-01,BU02,Clinical,IC1,0.0,0.607,2.72,0.604,0.816,0,0.838053
E00144,2024-05-01,BU01,IT,IC1,7.967,0.734,3.1,1.061,0.644,0,0.637396
E00145,2024-05-01,BU08,Finance,IC3,4.479,0.735,3.62,1.6,0.626,0,0.379802
E00146,2024-05-01,BU03,Operations,M1,8.37,0.554,3.2,0.6,0.636,0,0.765287
E00147,2024-05-01,BU03,Finance,IC2,0.936,0.397,2.66,0.6,0.46,0,0.877923
E00148,2024-05-01,BU06,IT,IC1,2.084,0.523,3.24,0.711,0.444,0,0.76078
E00149,2024-05-01,BU08,IT,IC3,6.13,0.541,3.68,0.6,0.64,0,0.780994
E00150,2024-05-01,BU09,Admin,M1,5.15,0.589,3.53,0.716,0.529,0,0.702085
E00151,2024-05-01,BU09,Education,IC3,7.009,0.476,2.84,0.795,0.508,0,0.798814
E00152,2024-05-01,BU04,Education,M1,0.0,0.498,3.44,0.757,0.674,0,0.787356
E00153,2024-05-01,BU05,Operations,IC2,1.216,0.477,3.26,0.701,0.819,0,0.815602
E00154,2024-05-01,BU02,IT,IC1,3.633,0.396,3.2,0.6,0.748,0,0.874273
E00155,2024-05-01,BU09,Admin,M1,2.322,0.663,3.46,0.6,0.54,0,0.727799
E00156,2024-05-01,BU08,Admin,IC3,4.29,0.452,3.39,0.841,0.585,0,0.705336
E00157,2024-05-01,BU03,Finance,IC2,9.993,0.634,2.8,0.817,0.535,0,0.771814
E00158,2024-05-01,BU09,Finance,IC3,9.906,0.582,3.4,0.966,0.702,0,0.700851
E00159,2024-05-01,BU03,Admin,M1,1.854,0.42,3.07,0.6,0.635,0,0.835493
E00160,2024-05-01,BU09,Finance,IC3,0.156,0.43,3.48,0.6,0.474,0,0.743583
E00161,2024-05-01,BU02,IT,IC3,1.815,0.577,3.09,0.6,0.655,1,0.85768
E00162,2024-05-01,BU10,Clinical,IC2,6.639,0.612,3.08,0.866,0.778,0,0.769308
E00163,2024-05-01,BU09,IT,IC2,1.454,0.507,3.48,0.969,0.564,0,0.632446
E00164,2024-05-01,BU08,Admin,IC2,7.34,0.627,2.99,1.039,0.424,0,0.578948
E00165,2024-05-01,BU09,Admin,M1,3.513,0.579,3.83,0.6,0.634,0,0.78548
E00166,2024-05-01,BU05,IT,M1,4.728,0.516,3.52,0.6,0.687,0,0.782126
E00167,2024-05-01,BU02,Finance,M1,2.858,0.38,2.57,0.6,0.63,0,0.916853
E00168,2024-05-01,BU08,Finance,IC1,0.0,0.495,3.25,1.502,0.661,0,0.617784
E00169,2024-05-01,BU06,Education,IC3,1.714,0.448,3.92,0.6,0.588,0,0.712908
E00170,2024-05-01,BU08,Admin,M1,5.396,0.669,3.82,0.6,0.546,0,0.635222
E00171,2024-05-01,BU05,Operations,IC3,9.979,0.657,3.96,0.743,0.714,0,0.651583
E00172,2024-05-01,BU10,Education,M1,7.691,0.721,3.9,0.68,0.714,0,0.631142
E00173,2024-05-01,BU02,Finance,M1,0.556,0.625,2.72,0.928,0.637,0,0.825395
E00174,2024-05-01,BU06,IT,IC2,2.355,0.382,3.59,1.327,0.729,0,0.628355
E00175,2024-05-01,BU05,Finance,IC2,0.082,0.489,3.2,0.6,0.627,0,0.796026
E00176,2024-05-01,BU05,IT,IC1,4.548,0.692,3.63,0.6,0.493,0,0.651991
E00177,2024-05-01,BU01,Education,IC2,2.738,0.465,3.25,0.6,0.799,0,0.768978
E00178,2024-05-01,BU02,Admin,IC3,1.528,0.51,2.89,0.693,0.536,0,0.783751
E00179,2024-05-01,BU08,Finance,M1,6.346,0.53,3.18,0.6,0.646,0,0.788632
E00180,2024-05-01,BU03,IT,IC1,10.209,0.594,3.52,1.6,0.669,0,0.580013
E00181,2024-05-01,BU10,Admin,IC1,9.407,0.557,3.58,0.889,0.554,0,0.64635
E00182,2024-05-01,BU03,Operations,IC3,0.359,0.455,3.14,0.733,0.663,0,0.81949
E00183,2024-05-01,BU08,IT,IC1,6.94,0.628,3.75,0.991,0.575,0,0.624108
E00184,2024-05-01,BU08,Education,IC1,3.598,0.459,2.83,0.81,0.648,0,0.793467
E00185,2024-05-01,BU02,Operations,IC1,9.084,0.652,2.93,0.6,0.617,0,0.761049
E00186,2024-05-01,BU08,Operations,IC1,7.439,0.535,3.36,0.885,0.699,0,0.75524
E00187,2024-05-01,BU01,Clinical,IC1,9.856,0.521,3.62,1.6,0.688,0,0.532318
E00188,2024-05-01,BU06,Finance,IC2,6.281,0.669,2.77,0.6,0.628,0,0.841365
E00189,2024-05-01,BU08,IT,IC2,9.645,0.587,2.92,0.6,0.843,0,0.807034
E00190,2024-05-01,BU03,Operations,M1,3.291,0.563,3.17,1.005,0.795,0,0.750637
E00191,2024-05-01,BU08,Clinical,IC2,9.947,0.585,2.75,0.964,0.85,0,0.807839
E00192,2024-05-01,BU01,Education,IC3,0.044,0.423,2.99,0.71,0.901,0,0.877472
E00193,2024-05-01,BU09,Admin,IC1,9.394,0.732,3.62,1.393,0.439,0,0.376858
E00194,2024-05-01,BU09,IT,IC1,9.114,0.532,3.05,0.645,0.741,0,0.764855
E00195,2024-05-01,BU05,Operations,IC3,8.895,0.701,3.2,0.677,0.671,0,0.685703
E00196,2024-05-01,BU10,Finance,IC1,5.221,0.696,3.17,1.345,0.555,0,0.594036
E00197,2024-05-01,BU04,Clinical,IC2,4.115,0.576,3.84,1.575,0.866,0,0.487632
E00198,2024-05-01,BU06,Operations,IC3,5.936,0.541,3.05,0.6,0.633,1,0.826613
E00199,2024-05-01,BU07,Finance,IC3,9.61,0.591,3.31,0.971,0.574,0,0.688754
E00200,2024-05-01,BU05,Operations,IC1,10.177,0.672,3.65,1.051,0.726,0,0.595834
E00201,2024-05-01,BU10,IT,IC2,7.559,0.606,3.49,0.796,0.63,0,0.651757
E00202,2024-05-01,BU09,IT,IC3,8.745,0.667,3.53,0.6,0.739,0,0.68874
E00203,2024-05-01,BU03,IT,IC1,6.193,0.499,3.13,0.614,0.668,0,0.822877
E00204,2024-05-01,BU07,Education,IC3,0.433,0.721,3.1,0.793,0.511,0,0.612073
E00205,2024-05-01,BU10,Education,IC3,4.934,0.552,4.21,0.6,0.774,0,0.658495
E00206,2024-05-01,BU10,Clinical,M2,3.806,0.644,3.41,0.6,0.837,0,0.796608
E00207,2024-05-01,BU05,IT,IC1,6.735,0.63,2.81,1.23,0.462,0,0.611306
E00208,2024-05-01,BU07,Finance,M1,4.329,0.628,3.28,0.641,0.607,0,0.715864
E00209,2024-05-01,BU02,Operations,IC2,0.0,0.41,2.84,0.776,0.649,0,0.783416
E00210,2024-05-01,BU04,Admin,IC2,3.283,0.565,2.8,1.05,0.386,0,0.678904
E00211,2024-05-01,BU02,Finance,IC1,0.175,0.445,2.78,1.45,0.596,0,0.709608
E00212,2024-05-01,BU07,Education,IC3,10.327,0.648,3.83,0.985,0.679,0,0.575342
E00213,2024-05-01,BU02,Education,IC1,4.427,0.719,3.53,0.774,0.733,0,0.627439
E00214,2024-05-01,BU01,Finance,IC2,2.957,0.592,2.88,1.09,0.802,0,0.787625
E00215,2024-05-01,BU09,Education,IC1,5.555,0.711,3.36,0.98,0.623,0,0.677185
E00216,2024-05-01,BU01,IT,M1,6.593,0.695,2.92,0.994,0.514,0,0.69193
E00217,2024-05-01,BU08,Clinical,M1,8.887,0.604,3.39,0.6,0.776,0,0.805426
E00218,2024-05-01,BU02,Operations,IC3,4.427,0.548,3.07,0.6,0.674,0,0.865338
E00219,2024-05-01,BU08,Clinical,IC2,4.449,0.521,3.56,0.6,0.832,0,0.81864
E00220,2024-05-01,BU03,Operations,IC1,0.274,0.519,2.93,1.047,0.782,0,0.789776
E00221,2024-05-01,BU06,Operations,IC3,10.267,0.474,3.43,0.76,0.804,0,0.785427
E00222,2024-05-01,BU03,Clinical,IC2,2.179,0.542,3.86,0.834,0.715,0,0.701075
E00223,2024-05-01,BU07,Finance,IC1,0.0,0.467,3.64,1.058,0.464,0,0.616272
E00224,2024-05-01,BU10,Operations,IC3,5.117,0.626,3.65,0.856,0.69,0,0.645987
E00225,2024-05-01,BU09,Clinical,M2,8.318,0.746,3.95,0.6,0.794,0,0.665947
E00226,2024-05-01,BU02,Operations,IC3,6.946,0.581,3.29,0.6,0.666,0,0.783515
E00227,2024-05-01,BU05,Admin,IC3,0.0,0.501,3.75,0.6,0.555,0,0.697677
E00228,2024-05-01,BU06,Finance,M2,6.916,0.551,3.59,0.623,0.545,0,0.720511
E00229,2024-05-01,BU04,IT,IC1,7.37,0.662,3.31,1.114,0.578,0,0.627865
E00230,2024-05-01,BU04,Operations,IC3,1.303,0.516,3.35,0.6,0.71,0,0.788076
E00231,2024-05-01,BU04,Admin,M2,7.943,0.654,2.78,0.604,0.576,0,0.749471
E00232,2024-05-01,BU02,IT,IC1,7.932,0.514,3.07,1.6,0.608,0,0.599079
E00233,2024-05-01,BU04,IT,IC3,6.842,0.559,3.22,0.6,0.671,0,0.803852
E00234,2024-05-01,BU01,Operations,IC3,4.12,0.491,3.01,0.703,0.715,0,0.847436
E00235,2024-05-01,BU06,Clinical,IC3,6.946,0.578,3.69,0.6,0.711,0,0.737141
E00236,2024-05-01,BU01,Operations,IC3,1.791,0.598,3.23,0.747,0.565,0,0.744277
E00237,2024-05-01,BU10,Admin,M1,9.985,0.511,3.26,0.6,0.486,0,0.786579
E00238,2024-05-01,BU06,IT,M1,2.957,0.506,3.3,0.6,0.557,0,0.787053
E00239,2024-05-01,BU01,Operations,IC1,3.948,0.612,3.67,1.349,0.736,0,0.571045
E00240,2024-05-01,BU06,Clinical,M1,8.561,0.524,2.78,0.818,0.631,0,0.781794
E00241,2024-05-01,BU10,Operations,IC1,2.538,0.467,3.61,1.099,0.719,0,0.675399
E00242,2024-05-01,BU08,Finance,IC2,10.116,0.578,3.47,0.617,0.518,0,0.746589
E00243,2024-05-01,BU02,Clinical,IC2,0.274,0.621,3.56,0.6,0.833,0,0.787461
E00244,2024-05-01,BU02,Admin,IC2,1.944,0.596,3.39,0.6,0.51,0,0.723478
E00245,2024-05-01,BU04,IT,IC2,1.591,0.598,3.48,0.625,0.614,0,0.744912
E00246,2024-05-01,BU03,Operations,M2,9.311,0.7,3.74,0.6,0.801,0,0.661256
E00247,2024-05-01,BU04,Clinical,IC3,4.123,0.596,3.35,0.609,0.711,0,0.771978
E00248,2024-05-01,BU07,Finance,IC3,1.068,0.562,3.12,0.6,0.555,0,0.78034
E00249,2024-05-01,BU01,Clinical,IC1,8.331,0.656,2.81,0.901,0.782,0,0.793084
E00250,2024-05-01,BU06,Education,M1,4.298,0.541,3.04,0.821,0.66,0,0.854316
E00251,2024-05-01,BU03,Finance,M1,0.69,0.531,2.95,0.6,0.683,0,0.821802
E00252,2024-05-01,BU10,Admin,M1,2.196,0.606,3.93,0.6,0.629,0,0.692995
E00253,2024-05-01,BU07,IT,IC1,6.344,0.543,3.6,0.704,0.652,0,0.758167
E00254,2024-05-01,BU10,Admin,IC1,9.687,0.523,3.16,1.137,0.765,0,0.754133
E00255,2024-05-01,BU02,Operations,IC1,8.786,0.584,3.1,1.143,0.667,0,0.716467
E00256,2024-05-01,BU02,Clinical,IC1,9.539,0.474,3.13,0.98,0.683,0,0.723123
E00257,2024-05-01,BU04,Education,IC2,5.55,0.606,3.07,1.185,0.615,0,0.667206
E00258,2024-05-01,BU01,Finance,M1,6.204,0.777,3.79,0.6,0.631,0,0.627143
E00259,2024-05-01,BU03,Finance,IC2,0.0,0.466,3.15,1.528,0.503,0,0.528624
E00260,2024-05-01,BU09,Clinical,IC1,3.866,0.575,3.37,1.262,0.894,0,0.760493
E00261,2024-05-01,BU07,Education,IC2,2.122,0.518,3.56,0.6,0.443,0,0.723371
E00262,2024-05-01,BU07,Clinical,IC1,1.498,0.543,3.41,1.6,0.814,0,0.61972
E00263,2024-05-01,BU04,Operations,IC1,8.211,0.616,3.06,0.69,0.706,0,0.745459
E00264,2024-05-01,BU02,Admin,IC2,7.365,0.653,3.36,0.6,0.568,0,0.723491
E00265,2024-05-01,BU04,Finance,IC2,8.293,0.638,3.39,0.885,0.663,0,0.69884
E00266,2024-05-01,BU06,Operations,M1,6.869,0.404,2.62,0.6,0.587,0,0.871577
E00267,2024-05-01,BU03,Admin,M2,2.412,0.524,3.81,0.6,0.745,0,0.744112
E00268,2024-05-01,BU01,Operations,IC2,4.945,0.575,2.43,1.353,0.826,0,0.780707
E00269,2024-05-01,BU08,Education,IC2,2.423,0.523,3.71,0.863,0.662,0,0.686785
E00270,2024-05-01,BU05,Finance,M1,9.621,0.736,3.33,0.674,0.557,0,0.631926
E00271,2024-05-01,BU05,Clinical,IC2,3.283,0.51,3.61,0.686,0.989,0,0.817747
E00272,2024-05-01,BU04,Clinical,IC1,6.82,0.77,3.02,0.6,0.781,0,0.80346
E00273,2024-05-01,BU06,Admin,M1,0.0,0.499,3.16,0.6,0.414,0,0.742147
E00274,2024-05-01,BU03,IT,IC1,9.993,0.553,3.91,1.328,0.61,0,0.531381
E00275,2024-05-01,BU09,Education,IC3,3.244,0.606,3.3,0.842,0.535,0,0.693333
E00276,2024-05-01,BU05,Admin,IC3,6.478,0.609,2.82,0.639,0.614,0,0.81663
E00277,2024-05-01,BU03,IT,IC2,5.109,0.574,3.51,0.6,0.597,0,0.697608
E00278,2024-05-01,BU01,Operations,IC2,2.817,0.539,3.31,1.6,0.708,0,0.598769
E00279,2024-05-01,BU10,Education,M1,6.91,0.66,3.64,0.6,0.724,0,0.636748
E00280,2024-05-01,BU06,Operations,IC1,7.389,0.614,3.92,0.9,0.807,0,0.640417
E00281,2024-05-01,BU02,Finance,IC1,2.22,0.572,3.59,0.883,0.4,0,0.632034
E00282,2024-05-01,BU03,Education,IC3,7.866,0.538,2.93,0.683,0.541,0,0.789258
E00283,2024-05-01,BU01,IT,IC2,2.209,0.578,2.94,1.064,0.87,0,0.816357
E00284,2024-05-01,BU09,Finance,IC1,9.243,0.567,3.73,1.019,0.541,0,0.603311
E00285,2024-05-01,BU08,Clinical,M1,9.172,0.611,3.48,0.741,0.933,0,0.786718
E00286,2024-05-01,BU02,IT,IC2,8.498,0.508,3.2,0.823,0.524,0,0.712887
E00287,2024-05-01,BU08,Admin,M1,5.109,0.613,3.43,0.6,0.806,0,0.797203
E00288,2024-05-01,BU09,Clinical,M1,8.186,0.59,3.19,0.698,0.53,0,0.740387
E00289,2024-05-01,BU01,Clinical,IC3,2.01,0.615,3.11,0.745,0.866,0,0.759515
E00290,2024-05-01,BU05,Admin,IC2,6.617,0.741,4.01,0.706,0.435,0,0.506314
E00291,2024-05-01,BU08,Education,M2,9.9,0.491,3.1,0.6,0.463,0,0.813746
E00292,2024-05-01,BU02,Clinical,IC1,7.31,0.694,3.21,1.038,0.878,0,0.690431
E00293,2024-05-01,BU04,IT,IC3,9.749,0.488,3.41,0.666,0.561,0,0.718741
E00294,2024-05-01,BU07,Finance,IC1,5.35,0.62,3.46,0.729,0.525,0,0.653278
E00295,2024-05-01,BU03,Clinical,IC2,6.773,0.615,2.95,0.6,0.732,0,0.812854
E00296,2024-05-01,BU05,IT,IC2,2.576,0.579,3.05,0.849,0.762,0,0.745928
E00297,2024-05-01,BU08,Operations,M2,3.105,0.744,2.88,0.6,0.749,0,0.76863
E00298,2024-05-01,BU10,IT,M2,4.271,0.56,3.66,0.6,0.586,0,0.737022
E00299,2024-05-01,BU03,Finance,IC1,7.929,0.545,3.81,0.749,0.589,0,0.711114
E00300,2024-05-01,BU04,IT,IC1,10.064,0.593,3.08,0.713,0.534,0,0.755742
E00301,2024-05-01,BU09,Admin,IC3,9.525,0.497,3.87,0.672,0.647,0,0.736201
E00302,2024-05-01,BU07,Finance,IC2,0.0,0.475,3.27,0.6,0.361,0,0.715967
E00303,2024-05-01,BU01,Education,IC1,8.293,0.619,3.2,1.6,0.584,0,0.587653
E00304,2024-05-01,BU04,Operations,IC3,4.572,0.492,3.27,0.6,0.601,0,0.827964
E00305,2024-05-01,BU04,Admin,IC2,4.326,0.522,4.24,0.6,0.478,0,0.542021
E00306,2024-05-01,BU09,Education,M2,4.367,0.588,3.68,0.6,0.592,0,0.718486
E00307,2024-05-01,BU06,IT,IC1,5.084,0.624,3.26,0.909,0.615,0,0.685254
E00308,2024-05-01,BU09,Finance,IC2,4.676,0.704,3.72,1.09,0.473,0,0.525777
E00309,2024-05-01,BU06,Operations,IC2,7.962,0.698,3.66,0.832,0.686,0,0.642224
E00310,2024-05-01,BU06,Admin,M1,5.227,0.664,3.77,0.6,0.664,0,0.652172
E00311,2024-05-01,BU05,Education,IC2,2.913,0.545,3.84,0.666,0.562,0,0.679626
E00312,2024-05-01,BU05,Education,IC3,0.0,0.543,3.56,0.733,0.689,0,0.703327
E00313,2024-05-01,BU02,Operations,IC1,0.183,0.547,3.46,0.6,0.66,0,0.750551
E00314,2024-05-01,BU08,IT,M1,8.463,0.641,3.43,0.812,0.44,0,0.626325
E00315,2024-05-01,BU08,Operations,IC2,5.435,0.639,3.57,0.6,0.645,0,0.674504
E00316,2024-05-01,BU01,Education,IC1,9.462,0.63,3.22,1.519,0.63,0,0.565002
E00317,2024-05-01,BU08,Clinical,IC3,10.141,0.605,3.73,0.696,0.733,0,0.738059
E00318,2024-05-01,BU05,Admin,IC1,5.624,0.517,3.05,1.059,0.716,0,0.78115
E00319,2024-05-01,BU02,Operations,IC1,7.825,0.618,2.6,1.428,0.764,0,0.696848
E00320,2024-05-01,BU02,Education,M1,6.782,0.73,3.37,0.642,0.57,0,0.655077
E00321,2024-05-01,BU06,IT,IC2,7.485,0.528,3.83,0.907,0.594,0,0.647264
E00322,2024-05-01,BU09,Education,IC3,9.859,0.577,2.84,0.6,0.547,0,0.816981
E00323,2024-05-01,BU01,IT,IC2,9.695,0.611,3.01,0.926,0.898,0,0.786915
E00324,2024-05-01,BU06,Operations,M1,6.048,0.546,2.79,0.6,0.648,0,0.887657
E00325,2024-05-01,BU09,IT,IC1,4.69,0.537,3.62,0.885,0.62,0,0.656118
E00326,2024-05-01,BU08,Finance,IC2,8.041,0.638,3.37,1.545,0.657,0,0.534808
E00327,2024-05-01,BU06,Finance,M2,1.703,0.585,3.24,0.6,0.496,0,0.714575
E00328,2024-05-01,BU03,Finance,M1,5.648,0.639,3.11,0.6,0.492,0,0.733154
E00329,2024-05-01,BU08,Clinical,IC2,3.143,0.613,3.36,0.803,0.601,0,0.718528
E00330,2024-05-01,BU09,Operations,IC2,10.152,0.483,3.15,0.645,0.712,0,0.798859
E00331,2024-05-01,BU01,Education,M1,5.498,0.695,2.88,0.618,0.56,0,0.743327
E00332,2024-05-01,BU09,Education,IC2,8.186,0.677,3.14,0.877,0.756,0,0.73345
E00333,2024-05-01,BU06,Clinical,M1,9.528,0.585,3.07,0.6,0.782,0,0.856226
E00334,2024-05-01,BU06,IT,M1,7.118,0.526,2.47,0.6,0.689,0,0.898089
E00335,2024-05-01,BU04,Clinical,IC1,6.127,0.564,3.29,0.652,0.699,0,0.779546
E00336,2024-05-01,BU01,IT,IC1,3.951,0.471,3.24,1.228,0.835,0,0.743785
E00337,2024-05-01,BU10,IT,IC3,9.993,0.64,3.87,0.688,0.523,0,0.606171
E00338,2024-05-01,BU08,Admin,IC1,8.172,0.582,2.93,0.924,0.615,0,0.70762
E00339,2024-05-01,BU02,Education,IC2,8.37,0.624,3.29,0.979,0.832,0,0.690868
E00340,2024-05-01,BU01,Finance,M2,1.58,0.577,3.61,0.6,0.682,0,0.741653
E00341,2024-05-01,BU02,IT,IC3,0.917,0.596,3.29,0.837,0.584,0,0.675323
E00342,2024-05-01,BU01,Admin,M1,4.964,0.61,3.39,0.6,0.753,0,0.717664
E00343,2024-05-01,BU01,Education,IC3,0.906,0.581,3.23,0.988,0.541,0,0.675218
E00344,2024-05-01,BU09,Finance,IC3,8.279,0.599,3.77,0.6,0.746,0,0.640809
E00345,2024-05-01,BU01,IT,IC1,2.973,0.608,2.99,0.6,0.673,0,0.817278
E00346,2024-05-01,BU04,IT,IC2,2.639,0.373,2.95,0.62,0.727,0,0.909351
E00347,2024-05-01,BU10,Clinical,IC2,8.413,0.609,3.8,0.655,0.809,0,0.737229
E00348,2024-05-01,BU06,Clinical,IC2,4.578,0.592,3.19,0.622,0.655,0,0.736131
E00349,2024-05-01,BU07,Education,M1,4.186,0.504,3.03,0.6,0.742,0,0.811144
E00350,2024-05-01,BU02,Finance,IC2,9.27,0.576,2.71,1.205,0.468,0,0.735534
E00351,2024-05-01,BU06,IT,IC2,0.0,0.539,3.35,0.705,0.498,1,0.804452
E00352,2024-05-01,BU07,Education,IC2,0.446,0.448,3.59,0.6,0.519,0,0.734073
E00353,2024-05-01,BU10,Education,IC1,8.654,0.723,3.5,0.6,0.599,0,0.693957
E00354,2024-05-01,BU10,Operations,IC2,0.572,0.451,3.14,0.634,0.758,0,0.856596
E00355,2024-05-01,BU02,Clinical,IC1,9.651,0.522,3.13,0.6,0.831,0,0.73241
E00356,2024-05-01,BU02,Finance,IC1,2.642,0.46,3.65,0.691,0.593,1,0.799481
E00357,2024-05-01,BU10,IT,IC1,9.914,0.484,3.18,1.439,0.69,0,0.688369
E00358,2024-05-01,BU07,Education,IC2,1.695,0.638,3.28,0.6,0.637,0,0.790402
E00359,2024-05-01,BU01,IT,M1,0.0,0.466,3.54,0.653,0.589,0,0.789031
E00360,2024-05-01,BU08,Operations,IC2,5.325,0.501,3.27,0.6,0.771,0,0.758291
E00361,2024-05-01,BU03,Finance,IC2,3.529,0.67,3.8,1.354,0.776,0,0.53565
E00362,2024-05-01,BU06,Education,IC3,1.016,0.525,3.63,1.194,0.77,0,0.623071
E00363,2024-05-01,BU09,IT,IC1,4.274,0.691,3.85,1.13,0.537,0,0.507855
E00364,2024-05-01,BU06,Clinical,M1,0.72,0.476,2.98,1.073,0.716,0,0.723914
E00365,2024-05-01,BU09,Operations,IC2,8.268,0.616,3.58,0.791,0.637,0,0.629414
E00366,2024-05-01,BU07,Finance,IC2,9.125,0.566,3.76,0.972,0.583,0,0.590158
E00367,2024-05-01,BU09,Operations,IC3,2.059,0.457,3.29,0.967,0.72,0,0.778268
E00368,2024-05-01,BU02,Clinical,IC1,2.686,0.567,3.58,0.954,0.799,0,0.723388
E00369,2024-05-01,BU08,Finance,IC3,0.846,0.45,3.61,0.6,0.293,0,0.632343
E00370,2024-05-01,BU08,Operations,IC2,3.546,0.607,3.62,0.983,0.648,0,0.622531
E00371,2024-05-01,BU02,Admin,M1,1.355,0.457,2.68,0.6,0.538,0,0.857253
E00372,2024-05-01,BU04,Clinical,IC1,6.79,0.765,3.43,0.816,0.739,0,0.667738
E00373,2024-05-01,BU07,Clinical,IC2,6.702,0.608,3.4,0.835,0.928,0,0.772793
E00374,2024-05-01,BU04,Clinical,IC3,10.196,0.803,3.3,0.777,0.812,0,0.703156
E00375,2024-05-01,BU04,Admin,IC1,2.538,0.579,3.08,1.003,0.448,0,0.653171
E00376,2024-05-01,BU06,Admin,IC2,7.461,0.58,3.2,0.925,0.564,0,0.714188
E00377,2024-05-01,BU10,IT,IC3,3.726,0.695,3.4,0.6,0.608,0,0.758171
E00378,2024-05-01,BU06,Education,M1,9.15,0.641,3.12,0.6,0.538,1,0.784534
E00379,2024-05-01,BU10,Operations,IC2,8.832,0.661,3.98,1.03,0.59,0,0.581955
E00380,2024-05-01,BU03,IT,M1,4.134,0.774,2.96,0.956,0.475,0,0.602303
E00381,2024-05-01,BU09,Operations,M2,4.769,0.558,3.81,0.969,0.792,0,0.689381
E00382,2024-05-01,BU10,Education,M1,7.48,0.467,3.4,0.622,0.73,0,0.831783
E00383,2024-05-01,BU02,Admin,IC1,1.394,0.358,2.36,1.276,0.501,0,0.804565
E00384,2024-05-01,BU06,Education,IC3,1.188,0.473,3.68,1.215,0.586,0,0.640813
E00385,2024-05-01,BU07,Admin,IC2,4.526,0.763,3.29,0.6,0.588,0,0.703022
E00386,2024-05-01,BU09,Education,M2,0.89,0.459,3.79,0.6,0.48,0,0.76162
E00387,2024-05-01,BU03,IT,IC2,1.133,0.476,2.97,0.949,0.793,0,0.838503
E00388,2024-05-01,BU10,Finance,IC1,5.161,0.508,3.89,1.556,0.525,0,0.458279
E00389,2024-05-01,BU03,IT,IC3,9.596,0.651,2.81,0.6,0.696,0,0.821361
E00390,2024-05-01,BU07,Operations,IC2,6.765,0.664,3.44,0.6,0.76,0,0.732906
E00391,2024-05-01,BU04,IT,M2,0.969,0.429,3.47,0.6,0.785,0,0.81451
E00392,2024-05-01,BU08,Clinical,M2,4.413,0.659,3.57,0.6,0.985,0,0.723378
E00393,2024-05-01,BU07,Operations,IC3,4.523,0.648,3.09,0.899,0.802,1,0.80192
E00394,2024-05-01,BU05,Education,IC1,0.0,0.453,2.99,1.117,0.554,0,0.773319
E00395,2024-05-01,BU07,Operations,IC3,5.637,0.449,3.36,0.6,0.663,0,0.816661
E00396,2024-05-01,BU03,Finance,IC1,10.316,0.592,2.97,1.017,0.578,0,0.656319
E00397,2024-05-01,BU02,Admin,IC1,2.787,0.664,3.1,1.008,0.53,0,0.712387
E00398,2024-05-01,BU06,Education,M1,5.862,0.56,3.36,0.933,0.766,0,0.685029
E00399,2024-05-01,BU02,Operations,IC1,5.558,0.585,3.08,0.999,0.834,1,0.811704
E00400,2024-05-01,BU03,Education,IC2,3.406,0.522,3.91,0.6,0.598,0,0.650964
E00401,2024-05-01,BU06,Education,M2,6.642,0.514,3.25,0.6,0.642,0,0.775504
E00402,2024-05-01,BU05,Education,IC2,5.317,0.636,3.19,0.764,0.722,0,0.746896
E00403,2024-05-01,BU08,Admin,IC2,7.08,0.598,3.81,0.6,0.638,0,0.721842
E00404,2024-05-01,BU09,IT,M1,7.619,0.603,3.59,0.6,0.542,0,0.756307
E00405,2024-05-01,BU03,Education,IC1,4.071,0.61,3.45,0.915,0.798,0,0.703652
E00406,2024-05-01,BU10,Clinical,M1,2.516,0.547,3.26,0.6,0.654,0,0.808889
E00407,2024-05-01,BU03,Finance,M2,7.154,0.525,2.44,0.696,0.553,0,0.853864
E00408,2024-05-01,BU03,Admin,M1,8.597,0.525,3.02,0.6,0.553,0,0.820893
E00409,2024-05-01,BU06,Operations,IC3,1.216,0.72,2.87,0.674,0.701,0,0.746635
E00410,2024-05-01,BU01,Admin,IC2,8.022,0.621,3.38,0.671,0.461,0,0.661681
E00411,2024-05-01,BU07,Operations,IC2,9.862,0.634,3.5,0.772,0.864,0,0.715259
E00412,2024-05-01,BU01,Admin,M1,3.22,0.527,3.39,0.622,0.552,0,0.797012
E00413,2024-05-01,BU05,Operations,M1,7.691,0.58,3.52,0.6,0.58,0,0.71328
E00414,2024-05-01,BU10,Education,IC2,0.695,0.592,4.13,0.86,0.53,0,0.54308
E00415,2024-05-01,BU08,IT,IC1,4.26,0.625,3.18,1.6,0.669,0,0.628048
E00416,2024-05-01,BU04,Operations,IC1,0.35,0.507,3.33,0.624,0.774,0,0.78825
E00417,2024-05-01,BU05,Operations,IC1,6.155,0.623,3.1,0.92,0.914,0,0.764213
E00418,2024-05-01,BU04,Clinical,IC3,0.512,0.515,3.62,0.932,0.837,0,0.742706
E00419,2024-05-01,BU04,Operations,IC2,5.645,0.66,3.2,0.793,0.684,0,0.746216
E00420,2024-05-01,BU08,Clinical,M1,3.997,0.784,3.82,0.63,0.672,0,0.638429
E00421,2024-05-01,BU02,Finance,IC3,1.886,0.493,3.11,0.6,0.614,0,0.811818
E00422,2024-05-01,BU01,Education,IC1,6.051,0.664,3.43,1.172,0.716,0,0.633416
E00423,2024-05-01,BU03,Clinical,IC3,9.517,0.645,3.27,0.6,0.766,0,0.836603
E00424,2024-05-01,BU09,IT,IC2,1.191,0.497,3.31,0.883,0.644,0,0.755869
E00425,2024-05-01,BU04,Education,IC3,0.482,0.554,3.23,0.625,0.622,0,0.747718
E00426,2024-05-01,BU10,Clinical,IC3,9.725,0.511,3.72,1.374,0.652,0,0.522124
E00427,2024-05-01,BU05,Education,M1,8.465,0.622,3.55,0.669,0.669,0,0.734042
E00428,2024-05-01,BU02,Education,M1,4.873,0.52,3.69,0.6,0.623,0,0.719538
E00429,2024-05-01,BU04,Education,IC2,1.933,0.552,3.26,0.6,0.672,0,0.775262
E00430,2024-05-01,BU02,Finance,IC1,2.609,0.507,3.62,0.951,0.647,0,0.67136
E00431,2024-05-01,BU02,IT,IC3,6.256,0.49,3.53,0.851,0.596,0,0.72087
E00432,2024-05-01,BU04,Admin,IC1,9.933,0.656,3.5,0.829,0.57,0,0.636179
E00433,2024-05-01,BU06,Admin,IC2,3.88,0.502,3.3,0.628,0.633,0,0.786351
E00434,2024-05-01,BU07,Clinical,IC1,5.999,0.582,3.17,0.683,0.799,0,0.802174
E00435,2024-05-01,BU10,Education,IC3,4.843,0.556,3.22,0.777,0.499,0,0.748709
E00436,2024-05-01,BU03,Clinical,IC1,3.858,0.651,2.93,1.188,0.84,0,0.701947
E00437,2024-05-01,BU03,Finance,IC3,7.806,0.567,2.77,1.029,0.573,0,0.760718
E00438,2024-05-01,BU10,Finance,M2,1.084,0.615,3.75,0.6,0.766,0,0.737101
E00439,2024-05-01,BU06,Operations,IC1,7.447,0.619,2.94,1.113,0.751,0,0.712031
E00440,2024-05-01,BU03,Finance,IC1,5.695,0.489,2.72,0.884,0.684,0,0.756636
E00441,2024-05-01,BU02,Operations,IC2,4.827,0.542,3.12,0.689,0.87,0,0.804035
E00442,2024-05-01,BU08,IT,M1,1.615,0.545,3.35,0.617,0.631,0,0.798089
E00443,2024-05-01,BU05,Clinical,IC1,5.766,0.537,3.15,1.046,0.821,0,0.795203
E00444,2024-05-01,BU01,IT,IC2,10.114,0.537,2.75,0.844,0.641,0,0.792288
E00445,2024-05-01,BU03,Finance,IC1,7.14,0.751,3.52,0.654,0.448,0,0.639725
E00446,2024-05-01,BU10,IT,M1,5.73,0.681,3.21,0.6,0.542,0,0.749004
E00447,2024-05-01,BU08,IT,IC2,0.975,0.408,3.22,1.278,0.59,0,0.696005
E00448,2024-05-01,BU04,IT,M1,1.076,0.454,2.9,0.6,0.579,0,0.874732
E00449,2024-05-01,BU07,Finance,M1,5.706,0.545,3.05,0.6,0.63,0,0.820327
E00450,2024-05-01,BU10,Education,IC1,3.844,0.533,3.52,1.317,0.509,0,0.569993
E00451,2024-05-01,BU02,IT,M1,7.228,0.696,3.42,0.613,0.739,0,0.772867
E00452,2024-05-01,BU07,Operations,IC1,10.064,0.66,3.42,1.026,0.75,0,0.659265
E00453,2024-05-01,BU05,Finance,M1,5.41,0.627,2.84,0.724,0.629,0,0.779299
E00454,2024-05-01,BU05,IT,IC3,3.439,0.633,3.87,0.6,0.556,0,0.599912
E00455,2024-05-01,BU06,Education,M1,1.081,0.459,3.62,0.6,0.64,0,0.734748
E00456,2024-05-01,BU09,Finance,IC1,0.857,0.574,3.36,1.058,0.466,0,0.645023
E00457,2024-05-01,BU06,Admin,IC1,4.879,0.541,3.47,1.524,0.564,0,0.580767
E00458,2024-05-01,BU08,Education,IC2,6.267,0.559,3.67,0.795,0.637,0,0.715658
E00459,2024-05-01,BU07,Operations,IC2,6.691,0.649,3.17,0.6,0.684,0,0.826366
E00460,2024-05-01,BU09,IT,IC1,8.86,0.672,3.69,0.676,0.405,0,0.638293
E00461,2024-05-01,BU04,Admin,IC2,7.157,0.681,3.69,0.969,0.416,0,0.530971
E00462,2024-05-01,BU02,Admin,IC1,0.602,0.548,2.68,0.81,0.681,1,0.877618
E00463,2024-05-01,BU07,Finance,IC2,1.246,0.456,3.76,0.748,0.53,0,0.713429
E00464,2024-05-01,BU06,Admin,M1,7.428,0.692,3.13,0.632,0.622,1,0.841619
E00465,2024-05-01,BU01,Operations,IC2,0.742,0.624,3.38,0.6,0.917,0,0.841163
E00466,2024-05-01,BU09,Operations,IC1,9.544,0.703,3.04,1.6,0.796,0,0.550747
E00467,2024-05-01,BU09,Clinical,IC2,3.116,0.491,2.9,0.6,0.666,0,0.810496
E00468,2024-05-01,BU02,Operations,IC1,5.366,0.377,3.68,1.075,0.82,0,0.722228
E00469,2024-05-01,BU03,Education,M2,6.995,0.546,2.91,0.6,0.669,0,0.851901
E00470,2024-05-01,BU05,Admin,IC1,2.864,0.399,3.47,0.78,0.755,0,0.801354
E00471,2024-05-01,BU05,Operations,IC3,3.554,0.612,3.42,0.939,0.655,0,0.681516
E00472,2024-05-01,BU01,Finance,M2,8.873,0.462,3.03,0.6,0.563,0,0.891237
E00473,2024-05-01,BU08,Clinical,M1,10.012,0.497,3.44,0.738,0.803,0,0.76753
E00474,2024-05-01,BU08,Admin,IC3,0.134,0.605,2.87,0.6,0.512,0,0.831176
E00475,2024-05-01,BU04,Clinical,M1,7.055,0.531,3.21,0.6,0.785,0,0.79711
E00476,2024-05-01,BU07,Admin,M2,3.326,0.626,2.39,0.6,0.504,0,0.884478
E00477,2024-05-01,BU10,Finance,IC3,9.062,0.578,2.87,0.759,0.52,0,0.831914
E00478,2024-05-01,BU03,Clinical,IC3,8.263,0.563,3.34,0.6,0.866,0,0.788696
E00479,2024-05-01,BU06,IT,IC3,9.413,0.632,3.35,0.6,0.74,0,0.780874
E00480,2024-05-01,BU10,Education,IC2,10.275,0.734,4.16,0.6,0.617,0,0.559656
E00481,2024-05-01,BU10,Education,IC3,7.559,0.571,3.46,0.802,0.728,0,0.734999
E00482,2024-05-01,BU09,Admin,IC2,0.0,0.52,2.8,1.396,0.459,0,0.677355
E00483,2024-05-01,BU01,IT,IC1,5.982,0.589,3.25,0.6,0.442,0,0.732632
E00484,2024-05-01,BU05,Clinical,IC1,7.452,0.753,4.01,0.696,0.641,0,0.605702
E00485,2024-05-01,BU04,IT,IC1,10.084,0.646,2.87,0.863,0.619,0,0.734134
E00486,2024-05-01,BU08,IT,IC2,9.432,0.66,4.05,0.894,0.487,0,0.493772
E00487,2024-05-01,BU01,Clinical,IC1,3.14,0.596,3.14,1.296,0.78,0,0.67232
E00488,2024-05-01,BU09,Finance,IC3,1.311,0.55,3.25,0.652,0.476,1,0.806806
E00489,2024-05-01,BU06,IT,IC2,0.0,0.595,3.98,0.615,0.701,0,0.686622
E00490,2024-05-01,BU04,IT,M1,9.18,0.651,3.72,0.71,0.764,0,0.658071
E00491,2024-05-01,BU09,Finance,IC1,7.732,0.728,3.87,1.175,0.347,0,0.392548
E00492,2024-05-01,BU05,IT,IC1,8.578,0.597,3.48,1.133,0.602,0,0.553731
E00493,2024-05-01,BU05,IT,IC3,7.995,0.737,3.05,0.68,0.456,0,0.699299
E00494,2024-05-01,BU05,IT,IC3,3.786,0.534,3.79,0.894,0.567,0,0.614132
E00495,2024-05-01,BU01,Education,IC1,9.572,0.676,3.45,0.721,0.671,0,0.699662
E00496,2024-05-01,BU01,Operations,M1,0.386,0.519,2.86,0.6,0.801,0,0.847511
E00497,2024-05-01,BU08,Finance,M1,3.214,0.551,3.72,0.622,0.688,0,0.749329
E00498,2024-05-01,BU08,IT,IC2,0.701,0.547,3.11,0.6,0.513,0,0.725544
E00499,2024-05-01,BU06,Education,IC2,1.232,0.62,3.64,0.753,0.755,0,0.710124
E00500,2024-05-01,BU04,Finance,M2,1.081,0.545,3.35,0.6,0.686,0,0.803206
E00001,2024-06-01,BU03,Operations,IC2,4.331,0.852,3.17,0.908,0.694,0,0.599063
E00002,2024-06-01,BU05,Education,IC2,7.242,0.573,3.15,1.6,0.884,0,0.657961
E00003,2024-06-01,BU01,Operations,IC2,0.0,0.478,3.35,0.6,0.76,0,0.833517
E00004,2024-06-01,BU01,Clinical,IC1,2.875,0.558,3.02,1.196,0.782,0,0.686949
E00005,2024-06-01,BU10,Finance,IC2,6.146,0.472,3.64,0.6,0.467,0,0.689706
E00006,2024-06-01,BU09,IT,M2,3.639,0.577,3.52,0.6,0.594,0,0.733695
E00007,2024-06-01,BU07,Operations,IC1,1.049,0.499,3.02,1.04,0.797,0,0.749824
E00008,2024-06-01,BU01,Finance,IC1,8.268,0.543,4.06,1.496,0.418,0,0.35756
E00009,2024-06-01,BU08,Clinical,IC2,3.567,0.647,3.01,0.6,0.729,0,0.822097
E00010,2024-06-01,BU03,Admin,M1,0.0,0.505,3.07,0.679,0.728,0,0.796065
E00011,2024-06-01,BU08,Education,IC3,0.162,0.599,3.03,0.6,0.674,0,0.863804
E00012,2024-06-01,BU05,Finance,IC3,2.705,0.609,3.31,0.6,0.536,0,0.746673
E00013,2024-06-01,BU01,Finance,IC1,6.075,0.705,3.72,0.955,0.615,0,0.536055
E00014,2024-06-01,BU07,Admin,IC3,6.675,0.746,3.25,1.08,0.828,0,0.646059
E00015,2024-06-01,BU05,Finance,IC2,3.138,0.702,3.37,0.6,0.572,0,0.679848
E00016,2024-06-01,BU06,Clinical,M1,2.62,0.634,3.59,0.6,0.79,0,0.706051
E00017,2024-06-01,BU06,Clinical,IC3,8.049,0.404,2.77,0.6,0.797,0,0.890242
E00018,2024-06-01,BU08,Admin,IC1,4.695,0.34,3.41,0.804,0.341,0,0.73676
E00019,2024-06-01,BU09,Education,IC1,5.771,0.746,3.17,1.519,0.772,0,0.570861
E00020,2024-06-01,BU02,IT,IC1,9.227,0.719,3.0,0.905,0.646,0,0.654087
E00021,2024-06-01,BU09,Operations,IC2,3.392,0.617,3.29,1.27,0.702,0,0.635051
E00022,2024-06-01,BU10,IT,IC2,5.251,0.591,3.38,1.143,0.623,0,0.614772
E00023,2024-06-01,BU09,Finance,IC3,9.139,0.653,3.67,0.613,0.46,0,0.664317
E00024,2024-06-01,BU10,Operations,IC2,6.324,0.533,3.19,0.6,0.771,0,0.79364
E00025,2024-06-01,BU10,Admin,IC2,10.409,0.768,3.09,0.6,0.493,0,0.755917
E00026,2024-06-01,BU07,Admin,IC1,0.92,0.505,3.47,0.639,0.527,0,0.754183
E00027,2024-06-01,BU01,Education,IC1,4.816,0.596,3.3,1.036,0.57,0,0.670684
E00028,2024-06-01,BU07,Operations,M1,1.862,0.627,3.08,0.6,0.609,0,0.764762
E00029,2024-06-01,BU10,Clinical,IC1,10.012,0.569,3.61,0.773,0.745,0,0.700729
E00030,2024-06-01,BU05,Operations,IC3,0.0,0.397,3.43,0.6,0.744,0,0.836683
E00031,2024-06-01,BU06,Finance,M1,0.389,0.36,3.74,0.6,0.566,0,0.765926
E00032,2024-06-01,BU10,Clinical,IC3,0.898,0.729,3.76,0.6,0.832,0,0.687584
E00033,2024-06-01,BU07,Admin,M1,7.907,0.508,3.39,0.6,0.676,0,0.743956
E00034,2024-06-01,BU05,Operations,IC2,3.713,0.561,3.35,0.816,0.671,0,0.721749
E00035,2024-06-01,BU07,IT,M2,7.179,0.461,3.24,0.6,0.521,0,0.783181
E00036,2024-06-01,BU09,Education,IC1,1.744,0.628,3.79,0.6,0.529,0,0.644807
E00037,2024-06-01,BU03,IT,IC1,8.361,0.73,3.53,1.6,0.53,0,0.45776
E00038,2024-06-01,BU08,Education,IC3,6.404,0.693,3.36,0.6,0.458,0,0.688393
E00039,2024-06-01,BU02,Finance,M2,8.156,0.509,3.39,0.6,0.493,0,0.742546
E00040,2024-06-01,BU07,IT,M1,3.699,0.433,3.44,0.6,0.749,1,0.870615
E00041,2024-06-01,BU02,Operations,IC1,5.93,0.592,2.75,1.6,0.898,0,0.700615
E00042,2024-06-01,BU04,Operations,IC2,1.547,0.584,3.4,0.6,0.807,0,0.77392
E00043,2024-06-01,BU07,IT,M2,4.183,0.562,3.53,0.653,0.749,0,0.750223
E00044,2024-06-01,BU03,Operations,IC2,9.407,0.541,2.8,0.759,0.663,0,0.779594
E00045,2024-06-01,BU02,Finance,M1,7.102,0.682,3.19,0.6,0.586,0,0.698179
E00046,2024-06-01,BU10,Clinical,M1,1.467,0.365,3.47,0.708,0.667,0,0.831161
E00047,2024-06-01,BU07,Finance,IC2,8.726,0.541,2.76,0.6,0.576,0,0.85248
E00048,2024-06-01,BU01,Education,IC2,1.188,0.463,2.68,0.6,0.541,0,0.812642
E00049,2024-06-01,BU08,Finance,IC2,1.454,0.526,3.73,0.632,0.423,0,0.650166
E00050,2024-06-01,BU03,Education,IC1,0.731,0.57,3.12,0.6,0.564,0,0.807503
E00051,2024-06-01,BU02,Operations,M1,5.9,0.717,3.33,0.6,0.774,0,0.743215
E00052,2024-06-01,BU03,Clinical,IC2,8.485,0.745,3.73,1.071,0.649,0,0.474457
E00053,2024-06-01,BU05,Operations,M1,7.149,0.6,3.02,0.6,0.696,0,0.821232
E00054,2024-06-01,BU08,Admin,IC1,4.216,0.584,3.89,1.474,0.628,0,0.442367
E00055,2024-06-01,BU10,Operations,M2,2.617,0.46,3.9,0.6,0.849,0,0.735083
E00056,2024-06-01,BU07,Education,IC2,8.071,0.532,3.45,1.059,0.693,0,0.710615
E00057,2024-06-01,BU07,Operations,IC1,10.086,0.665,3.24,0.953,0.738,0,0.716788
E00058,2024-06-01,BU07,Operations,IC1,7.192,0.627,3.36,0.748,0.743,0,0.733298
E00059,2024-06-01,BU08,Clinical,IC3,8.463,0.53,3.83,1.097,0.885,0,0.658123
E00060,2024-06-01,BU01,Operations,IC3,2.749,0.583,2.82,0.6,0.733,0,0.817239
E00061,2024-06-01,BU04,Clinical,M1,7.102,0.562,3.74,0.671,0.691,0,0.66362
E00062,2024-06-01,BU06,IT,IC1,8.539,0.439,3.16,1.243,0.557,0,0.690466
E00063,2024-06-01,BU09,Admin,IC1,5.087,0.658,3.94,1.292,0.48,0,0.453926
E00064,2024-06-01,BU02,Clinical,IC2,5.131,0.577,2.63,0.6,0.633,0,0.785462
E00065,2024-06-01,BU01,Education,IC2,1.027,0.525,3.05,1.028,0.72,0,0.797376
E00066,2024-06-01,BU10,IT,IC2,6.916,0.54,3.37,0.6,0.686,0,0.738115
E00067,2024-06-01,BU02,Clinical,M2,4.715,0.515,2.49,0.614,0.994,0,0.923833
E00068,2024-06-01,BU07,Clinical,M2,8.865,0.536,3.38,0.6,0.554,0,0.750221
E00069,2024-06-01,BU03,Admin,M2,1.068,0.456,2.92,0.6,0.508,0,0.861441
E00070,2024-06-01,BU10,Education,M1,8.649,0.667,3.3,0.6,0.506,0,0.696578
E00071,2024-06-01,BU02,Finance,IC2,0.619,0.481,3.38,0.896,0.641,0,0.726716
E00072,2024-06-01,BU07,Finance,IC2,6.902,0.626,3.39,1.093,0.515,0,0.577439
E00073,2024-06-01,BU02,Clinical,IC2,2.617,0.546,3.52,0.788,0.706,0,0.729567
E00074,2024-06-01,BU03,Operations,M1,4.071,0.581,3.6,0.6,0.561,0,0.772631
E00075,2024-06-01,BU07,Education,IC1,2.24,0.512,3.67,1.265,0.536,0,0.571354
E00076,2024-06-01,BU04,IT,IC2,2.913,0.563,3.92,0.806,0.707,0,0.670903
E00077,2024-06-01,BU01,Operations,IC1,5.566,0.566,3.95,0.6,0.57,0,0.695649
E00078,2024-06-01,BU05,Operations,IC2,8.534,0.513,2.87,0.6,0.703,0,0.861011
E00079,2024-06-01,BU09,Education,M1,6.311,0.663,3.99,0.6,0.567,0,0.562601
E00080,2024-06-01,BU08,Clinical,M1,2.475,0.598,2.97,0.903,0.678,0,0.782561
E00081,2024-06-01,BU09,Clinical,IC1,0.698,0.501,3.79,1.528,0.664,0,0.485511
E00082,2024-06-01,BU10,Clinical,M2,1.629,0.56,3.79,0.653,0.771,0,0.739798
E00083,2024-06-01,BU09,Clinical,IC3,1.629,0.552,3.26,0.681,0.87,0,0.82011
E00084,2024-06-01,BU07,Finance,IC1,9.5,0.702,3.38,1.24,0.62,0,0.544954
E00085,2024-06-01,BU04,Clinical,IC2,2.363,0.505,3.6,0.6,0.726,0,0.733323
E00086,2024-06-01,BU05,Finance,IC2,3.984,0.642,3.57,0.764,0.656,0,0.648496
E00087,2024-06-01,BU01,Finance,IC1,1.848,0.573,3.06,1.058,0.51,0,0.663861
E00088,2024-06-01,BU01,Clinical,M2,2.825,0.632,2.87,0.6,0.649,0,0.791056
E00089,2024-06-01,BU03,Admin,IC2,9.654,0.49,2.94,0.774,0.625,0,0.827745
E00090,2024-06-01,BU08,IT,M1,2.683,0.49,3.85,0.96,0.573,0,0.614602
E00091,2024-06-01,BU02,Operations,IC2,3.329,0.734,3.72,0.899,0.825,0,0.627043
E00092,2024-06-01,BU04,Finance,IC1,0.0,0.541,3.3,1.271,0.548,0,0.690136
E00093,2024-06-01,BU02,Education,IC2,7.595,0.584,3.38,0.6,0.736,0,0.765679
E00094,2024-06-01,BU05,Education,IC1,10.27,0.708,3.79,1.496,0.637,0,0.459499
E00095,2024-06-01,BU09,IT,IC2,3.086,0.543,2.83,0.797,0.582,0,0.809425
E00096,2024-06-01,BU01,Education,M1,8.077,0.702,2.88,0.6,0.491,0,0.746417
E00097,2024-06-01,BU05,Admin,IC2,7.943,0.613,3.51,0.735,0.472,0,0.610512
E00098,2024-06-01,BU09,Education,IC3,10.251,0.564,4.08,0.6,0.736,0,0.700815
E00099,2024-06-01,BU01,Operations,IC1,0.0,0.499,2.77,1.361,0.819,0,0.759679
E00100,2024-06-01,BU09,Operations,IC1,6.404,0.475,3.38,0.8,0.697,1,0.759519
E00101,2024-06-01,BU08,Finance,IC1,0.931,0.518,3.31,0.772,0.611,0,0.69121
E00102,2024-06-01,BU04,Clinical,IC3,4.142,0.684,3.26,0.637,0.843,0,0.730367
E00103,2024-06-01,BU10,Admin,IC1,1.415,0.511,3.46,1.367,0.488,0,0.545935
E00104,2024-06-01,BU05,Finance,IC2,1.862,0.475,3.33,0.871,0.657,0,0.722055
E00105,2024-06-01,BU05,Admin,IC3,3.734,0.696,4.43,0.6,0.462,0,0.498464
E00106,2024-06-01,BU06,Clinical,IC2,2.136,0.553,3.25,0.902,0.628,0,0.706518
E00107,2024-06-01,BU07,Education,IC1,3.129,0.537,3.04,0.641,0.564,0,0.775281
E00108,2024-06-01,BU08,Education,IC2,8.994,0.616,3.87,0.6,0.573,0,0.66756
E00109,2024-06-01,BU08,Clinical,M1,9.467,0.671,3.74,0.854,0.75,0,0.617583
E00110,2024-06-01,BU02,Finance,IC3,4.189,0.653,2.83,0.794,0.388,0,0.75875
E00111,2024-06-01,BU09,Clinical,IC2,3.447,0.606,3.66,0.696,0.558,0,0.684992
E00112,2024-06-01,BU07,IT,IC1,2.938,0.643,3.61,0.818,0.571,0,0.646194
E00113,2024-06-01,BU04,Operations,M2,5.881,0.699,3.16,0.719,0.656,0,0.719277
E00114,2024-06-01,BU04,Finance,IC3,7.562,0.518,2.91,1.6,0.76,0,0.723506
E00115,2024-06-01,BU08,Admin,IC2,2.656,0.479,3.45,0.901,0.49,0,0.708575
E00116,2024-06-01,BU04,IT,M1,4.63,0.723,3.33,0.6,0.543,0,0.72455
E00117,2024-06-01,BU06,Finance,IC2,0.244,0.665,3.45,0.783,0.676,0,0.705231
E00118,2024-06-01,BU05,Clinical,IC2,7.888,0.554,3.19,0.927,0.697,0,0.738603
E00119,2024-06-01,BU03,Clinical,IC3,10.22,0.561,3.04,0.6,0.762,0,0.823109
E00120,2024-06-01,BU10,Clinical,IC1,8.329,0.628,3.2,1.038,0.723,0,0.732288
E00121,2024-06-01,BU02,Clinical,M2,5.429,0.682,3.66,0.6,0.756,0,0.75251
E00122,2024-06-01,BU09,Admin,IC3,7.617,0.597,3.85,0.96,0.543,0,0.594665
E00123,2024-06-01,BU10,IT,IC3,10.119,0.595,3.78,0.897,0.5,0,0.569459
E00124,2024-06-01,BU09,Education,IC1,5.492,0.74,3.86,0.924,0.571,0,0.506475
E00125,2024-06-01,BU01,Operations,IC1,0.827,0.501,3.4,1.588,0.607,0,0.533853
E00126,2024-06-01,BU10,Admin,IC2,3.68,0.566,3.53,1.519,0.663,0,0.536241
E00127,2024-06-01,BU03,Admin,M1,3.89,0.628,3.33,0.6,0.426,0,0.672575
E00128,2024-06-01,BU08,Education,IC2,0.345,0.494,3.73,0.876,0.841,0,0.690947
E00129,2024-06-01,BU06,Education,IC2,2.242,0.756,2.94,0.6,0.449,0,0.7616
E00130,2024-06-01,BU05,Operations,IC3,0.449,0.728,3.4,0.6,0.653,0,0.696861
E00131,2024-06-01,BU05,Operations,IC1,0.723,0.419,3.28,0.67,0.66,0,0.801702
E00132,2024-06-01,BU06,Education,IC3,7.474,0.58,3.43,0.6,0.62,0,0.710763
E00133,2024-06-01,BU07,Clinical,IC1,4.397,0.438,3.71,0.671,0.695,0,0.758397
E00134,2024-06-01,BU01,Admin,M2,9.736,0.52,2.91,0.6,0.451,0,0.774345
E00135,2024-06-01,BU09,Finance,IC2,6.82,0.587,3.44,0.6,0.715,0,0.797516
E00136,2024-06-01,BU03,Operations,IC1,7.395,0.616,3.8,1.394,0.667,0,0.458209
E00137,2024-06-01,BU04,Operations,IC2,5.941,0.794,3.18,0.633,0.78,0,0.706872
E00138,2024-06-01,BU10,Education,IC2,4.047,0.577,3.61,0.6,0.675,0,0.725375
E00139,2024-06-01,BU01,IT,M1,3.932,0.625,3.24,0.6,0.62,0,0.773732
E00140,2024-06-01,BU10,Finance,IC3,0.0,0.471,3.9,0.716,0.755,0,0.71597
E00141,2024-06-01,BU03,Finance,IC3,6.472,0.515,3.03,0.6,0.605,0,0.789073
E00142,2024-06-01,BU02,Operations,IC1,4.055,0.52,3.04,0.936,0.553,0,0.766712
E00143,2024-06-01,BU02,Clinical,IC1,0.0,0.599,4.32,0.663,0.696,0,0.624458
E00144,2024-06-01,BU01,IT,IC1,8.052,0.435,3.13,1.076,0.754,0,0.720385
E00145,2024-06-01,BU08,Finance,IC3,4.564,0.505,3.72,1.562,0.659,0,0.544117
E00146,2024-06-01,BU03,Operations,M1,8.454,0.57,2.77,0.6,0.764,0,0.839959
E00147,2024-06-01,BU03,Finance,IC2,1.021,0.448,3.07,0.615,0.62,0,0.819621
E00148,2024-06-01,BU06,IT,IC1,2.168,0.538,3.55,0.752,0.557,0,0.69161
E00149,2024-06-01,BU08,IT,IC3,6.215,0.655,3.22,0.6,0.501,0,0.678319
E00150,2024-06-01,BU09,Admin,M1,5.235,0.636,3.38,0.76,0.662,0,0.701567
E00151,2024-06-01,BU09,Education,IC3,7.094,0.619,2.91,0.753,0.749,0,0.8159
E00152,2024-06-01,BU04,Education,M1,0.0,0.511,3.25,0.672,0.567,0,0.777344
E00153,2024-06-01,BU05,Operations,IC2,1.3,0.591,3.5,0.721,0.64,0,0.700592
E00154,2024-06-01,BU02,IT,IC1,3.718,0.599,3.43,0.6,0.624,0,0.660542
E00155,2024-06-01,BU09,Admin,M1,2.407,0.635,3.38,0.6,0.585,0,0.681285
E00156,2024-06-01,BU08,Admin,IC3,4.375,0.592,3.59,0.748,0.59,0,0.684074
E00157,2024-06-01,BU03,Finance,IC2,10.078,0.65,3.04,0.811,0.451,0,0.66269
E00158,2024-06-01,BU09,Finance,IC3,9.99,0.545,3.61,0.973,0.751,0,0.703606
E00159,2024-06-01,BU03,Admin,M1,1.938,0.522,3.34,0.6,0.42,0,0.772261
E00160,2024-06-01,BU09,Finance,IC3,0.241,0.474,3.77,0.6,0.562,0,0.760788
E00161,2024-06-01,BU02,IT,IC3,1.9,0.489,3.1,0.6,0.603,0,0.811063
E00162,2024-06-01,BU10,Clinical,IC2,6.724,0.674,3.04,0.938,0.85,0,0.746353
E00163,2024-06-01,BU09,IT,IC2,1.539,0.628,3.49,0.924,0.574,0,0.662892
E00164,2024-06-01,BU08,Admin,IC2,7.425,0.629,3.64,1.018,0.427,0,0.584559
E00165,2024-06-01,BU09,Admin,M1,3.598,0.553,3.28,0.6,0.609,0,0.792493
E00166,2024-06-01,BU05,IT,M1,4.813,0.683,3.08,0.6,0.618,0,0.734648
E00167,2024-06-01,BU02,Finance,M1,2.943,0.484,3.08,0.6,0.605,0,0.817616
E00168,2024-06-01,BU08,Finance,IC1,0.0,0.496,3.32,1.593,0.593,0,0.565302
E00169,2024-06-01,BU06,Education,IC3,1.799,0.463,3.6,0.6,0.774,0,0.739232
E00170,2024-06-01,BU08,Admin,M1,5.481,0.622,3.3,0.6,0.536,0,0.736272
E00171,2024-06-01,BU05,Operations,IC3,10.064,0.538,2.86,0.745,0.669,0,0.81105
E00172,2024-06-01,BU10,Education,M1,7.775,0.642,3.79,0.642,0.663,0,0.674694
E00173,2024-06-01,BU02,Finance,M1,0.641,0.499,3.31,0.891,0.575,0,0.711205
E00174,2024-06-01,BU06,IT,IC2,2.439,0.567,3.04,1.228,0.714,0,0.687204
E00175,2024-06-01,BU05,Finance,IC2,0.167,0.556,3.28,0.635,0.577,0,0.749937
E00176,2024-06-01,BU05,IT,IC1,4.632,0.6,3.26,0.6,0.497,0,0.740781
E00177,2024-06-01,BU01,Education,IC2,2.823,0.532,3.27,0.6,0.519,0,0.783292
E00178,2024-06-01,BU02,Admin,IC3,1.613,0.562,3.85,0.626,0.351,0,0.603685
E00179,2024-06-01,BU08,Finance,M1,6.431,0.622,3.41,0.6,0.578,0,0.649512
E00180,2024-06-01,BU03,IT,IC1,10.294,0.436,3.01,1.6,0.63,0,0.664995
E00181,2024-06-01,BU10,Admin,IC1,9.492,0.431,3.63,0.909,0.536,0,0.69849
E00182,2024-06-01,BU03,Operations,IC3,0.444,0.435,3.11,0.812,0.73,1,0.85845
E00183,2024-06-01,BU08,IT,IC1,7.025,0.547,3.56,0.977,0.58,0,0.639994
E00184,2024-06-01,BU08,Education,IC1,3.682,0.599,3.52,0.763,0.809,0,0.719959
E00185,2024-06-01,BU02,Operations,IC1,9.169,0.691,3.85,0.6,0.812,0,0.630857
E00186,2024-06-01,BU08,Operations,IC1,7.524,0.731,3.72,0.883,0.758,0,0.574078
E00187,2024-06-01,BU01,Clinical,IC1,9.941,0.653,3.09,1.6,0.806,0,0.599866
E00188,2024-06-01,BU06,Finance,IC2,6.366,0.5,3.34,0.6,0.681,0,0.793732
E00189,2024-06-01,BU08,IT,IC2,9.73,0.728,3.57,0.6,0.621,0,0.664896
E00190,2024-06-01,BU03,Operations,M1,3.376,0.601,3.84,1.115,0.742,0,0.558592
E00191,2024-06-01,BU08,Clinical,IC2,10.031,0.618,3.45,0.98,0.625,0,0.688577
E00192,2024-06-01,BU01,Education,IC3,0.129,0.588,2.9,0.682,0.814,0,0.845544
E00193,2024-06-01,BU09,Admin,IC1,9.478,0.491,3.64,1.524,0.614,0,0.549157
E00194,2024-06-01,BU09,IT,IC1,9.199,0.664,3.39,0.612,0.516,0,0.718269
E00195,2024-06-01,BU05,Operations,IC3,8.98,0.527,3.37,0.6,0.72,1,0.849
E00196,2024-06-01,BU10,Finance,IC1,5.306,0.67,2.87,1.301,0.454,0,0.617784
E00197,2024-06-01,BU04,Clinical,IC2,4.2,0.605,3.4,1.572,0.655,0,0.548084
E00198,2024-06-01,BU06,Operations,IC3,6.021,0.637,3.03,0.6,0.464,0,0.763992
E00199,2024-06-01,BU07,Finance,IC3,9.695,0.756,2.79,1.023,0.654,0,0.689633
E00200,2024-06-01,BU05,Operations,IC1,10.261,0.498,3.3,1.022,0.718,0,0.74096
E00201,2024-06-01,BU10,IT,IC2,7.644,0.581,3.45,0.79,0.475,0,0.659753
E00202,2024-06-01,BU09,IT,IC3,8.83,0.57,3.71,0.707,0.574,0,0.687477
E00203,2024-06-01,BU03,IT,IC1,6.278,0.467,3.46,0.6,0.461,0,0.746961
E00204,2024-06-01,BU07,Education,IC3,0.517,0.443,3.48,0.787,0.624,0,0.744299
E00205,2024-06-01,BU10,Education,IC3,5.018,0.68,3.02,0.6,0.619,0,0.766864
E00206,2024-06-01,BU10,Clinical,M2,3.89,0.632,3.7,0.6,0.765,0,0.681358
E00207,2024-06-01,BU05,IT,IC1,6.82,0.593,2.91,1.294,0.605,1,0.779127
E00208,2024-06-01,BU07,Finance,M1,4.413,0.697,3.37,0.719,0.591,0,0.68492
E00209,2024-06-01,BU02,Operations,IC2,0.0,0.479,3.6,0.811,0.817,0,0.809543
E00210,2024-06-01,BU04,Admin,IC2,3.368,0.554,3.29,1.067,0.591,0,0.665641
E00211,2024-06-01,BU02,Finance,IC1,0.26,0.463,2.86,1.559,0.669,0,0.640571
E00212,2024-06-01,BU07,Education,IC3,10.412,0.532,3.82,1.011,0.801,1,0.738125
E00213,2024-06-01,BU02,Education,IC1,4.512,0.457,2.74,0.791,0.759,0,0.847958
E00214,2024-06-01,BU01,Finance,IC2,3.042,0.432,3.05,1.002,0.514,0,0.71695
E00215,2024-06-01,BU09,Education,IC1,5.64,0.572,3.76,0.961,0.671,0,0.615129
E00216,2024-06-01,BU01,IT,M1,6.678,0.564,3.91,0.967,0.597,0,0.622568
E00217,2024-06-01,BU08,Clinical,M1,8.972,0.587,3.56,0.6,0.588,0,0.707178
E00218,2024-06-01,BU02,Operations,IC3,4.512,0.645,3.44,0.6,0.761,0,0.729242
E00219,2024-06-01,BU08,Clinical,IC2,4.534,0.52,3.38,0.6,0.764,0,0.826684
E00220,2024-06-01,BU03,Operations,IC1,0.359,0.48,3.29,0.958,0.931,0,0.813502
E00221,2024-06-01,BU06,Operations,IC3,10.352,0.662,3.64,0.808,0.661,0,0.640168
E00222,2024-06-01,BU03,Clinical,IC2,2.264,0.612,3.33,0.898,0.583,0,0.652193
E00223,2024-06-01,BU07,Finance,IC1,0.0,0.454,3.91,1.079,0.771,0,0.671174
E00224,2024-06-01,BU10,Operations,IC3,5.202,0.76,3.73,0.808,0.747,0,0.610315
E00225,2024-06-01,BU09,Clinical,M2,8.402,0.691,2.97,0.6,0.912,0,0.844123
E00226,2024-06-01,BU02,Operations,IC3,7.031,0.59,3.74,0.6,0.903,0,0.742051
E00227,2024-06-01,BU05,Admin,IC3,0.0,0.467,3.28,0.6,0.56,0,0.82654
E00228,2024-06-01,BU06,Finance,M2,7.001,0.651,3.12,0.6,0.516,0,0.716952
E00229,2024-06-01,BU04,IT,IC1,7.455,0.484,2.81,1.108,0.665,0,0.723877
E00230,2024-06-01,BU04,Operations,IC3,1.388,0.597,2.71,0.6,0.777,0,0.857979
E00231,2024-06-01,BU04,Admin,M2,8.027,0.763,3.11,0.632,0.616,0,0.753103
E00232,2024-06-01,BU02,IT,IC1,8.016,0.622,2.77,1.6,0.806,0,0.700179
E00233,2024-06-01,BU04,IT,IC3,6.927,0.829,3.56,0.6,0.583,0,0.64505
E00234,2024-06-01,BU01,Operations,IC3,4.205,0.531,2.58,0.725,0.558,0,0.832992
E00235,2024-06-01,BU06,Clinical,IC3,7.031,0.604,3.32,0.6,0.658,0,0.745105
E00236,2024-06-01,BU01,Operations,IC3,1.875,0.505,3.2,0.782,0.882,0,0.811334
E00237,2024-06-01,BU10,Admin,M1,10.07,0.552,3.25,0.6,0.573,0,0.793916
E00238,2024-06-01,BU06,IT,M1,3.042,0.56,2.94,0.6,0.831,0,0.88542
E00239,2024-06-01,BU01,Operations,IC1,4.033,0.534,3.18,1.323,0.728,0,0.671408
E00240,2024-06-01,BU06,Clinical,M1,8.646,0.603,3.74,0.81,0.783,0,0.721253
E00241,2024-06-01,BU10,Operations,IC1,2.623,0.587,3.17,1.036,0.824,0,0.755057
E00242,2024-06-01,BU08,Finance,IC2,10.201,0.616,3.18,0.73,0.752,0,0.744141
E00243,2024-06-01,BU02,Clinical,IC2,0.359,0.513,3.58,0.6,0.796,0,0.808939
E00244,2024-06-01,BU02,Admin,IC2,2.029,0.563,3.12,0.627,0.687,0,0.780844
E00245,2024-06-01,BU04,IT,IC2,1.676,0.686,3.35,0.6,0.652,0,0.777957
E00246,2024-06-01,BU03,Operations,M2,9.396,0.762,3.12,0.6,0.792,0,0.787845
E00247,2024-06-01,BU04,Clinical,IC3,4.208,0.382,3.35,0.703,0.683,0,0.846957
E00248,2024-06-01,BU07,Finance,IC3,1.153,0.417,4.39,0.6,0.465,0,0.616759
E00249,2024-06-01,BU01,Clinical,IC1,8.416,0.619,3.25,0.912,0.708,0,0.740203
E00250,2024-06-01,BU06,Education,M1,4.383,0.698,2.97,0.784,0.57,0,0.696863
E00251,2024-06-01,BU03,Finance,M1,0.775,0.501,3.03,0.6,0.548,0,0.825226
E00252,2024-06-01,BU10,Admin,M1,2.281,0.516,3.07,0.6,0.337,0,0.787009
E00253,2024-06-01,BU07,IT,IC1,6.428,0.606,3.52,0.696,0.357,0,0.628611
E00254,2024-06-01,BU10,Admin,IC1,9.771,0.69,3.4,1.153,0.606,0,0.585693
E00255,2024-06-01,BU02,Operations,IC1,8.871,0.513,3.66,1.169,0.897,0,0.63038
E00256,2024-06-01,BU02,Clinical,IC1,9.624,0.374,3.53,1.067,0.894,0,0.751362
E00257,2024-06-01,BU04,Education,IC2,5.634,0.547,3.21,1.151,0.559,0,0.682143
E00258,2024-06-01,BU01,Finance,M1,6.289,0.741,3.79,0.6,0.531,0,0.61315
E00259,2024-06-01,BU03,Finance,IC2,0.0,0.484,3.66,1.559,0.626,0,0.573142
E00260,2024-06-01,BU09,Clinical,IC1,3.951,0.651,3.7,1.261,0.629,0,0.521293
E00261,2024-06-01,BU07,Education,IC2,2.207,0.508,2.98,0.6,0.629,0,0.822519
E00262,2024-06-01,BU07,Clinical,IC1,1.582,0.48,3.03,1.6,0.711,0,0.671189
E00263,2024-06-01,BU04,Operations,IC1,8.296,0.602,3.04,0.765,0.773,0,0.839337
E00264,2024-06-01,BU02,Admin,IC2,7.45,0.645,2.97,0.6,0.492,0,0.80377
E00265,2024-06-01,BU04,Finance,IC2,8.378,0.644,3.07,0.9,0.835,0,0.751731
E00266,2024-06-01,BU06,Operations,M1,6.954,0.531,2.85,0.6,0.734,0,0.881798
E00267,2024-06-01,BU03,Admin,M2,2.497,0.495,2.97,0.6,0.445,0,0.848885
E00268,2024-06-01,BU01,Operations,IC2,5.029,0.53,2.93,1.316,0.883,0,0.802741
E00269,2024-06-01,BU08,Education,IC2,2.508,0.546,3.19,0.89,0.582,0,0.71396
E00270,2024-06-01,BU05,Finance,M1,9.706,0.617,2.8,0.711,0.682,0,0.826415
E00271,2024-06-01,BU05,Clinical,IC2,3.368,0.653,2.65,0.64,0.785,0,0.898889
E00272,2024-06-01,BU04,Clinical,IC1,6.905,0.563,3.25,0.6,0.707,0,0.756274
E00273,2024-06-01,BU06,Admin,M1,0.036,0.434,4.12,0.701,0.439,0,0.671335
E00274,2024-06-01,BU03,IT,IC1,10.078,0.536,4.24,1.238,0.568,0,0.479381
E00275,2024-06-01,BU09,Education,IC3,3.329,0.547,3.65,0.87,0.673,0,0.715995
E00276,2024-06-01,BU05,Admin,IC3,6.563,0.691,3.33,0.672,0.489,0,0.646053
E00277,2024-06-01,BU03,IT,IC2,5.194,0.608,3.12,0.6,0.611,0,0.760887
E00278,2024-06-01,BU01,Operations,IC2,2.902,0.521,3.2,1.6,0.71,0,0.600492
E00279,2024-06-01,BU10,Education,M1,6.995,0.585,3.93,0.687,0.572,0,0.656556
E00280,2024-06-01,BU06,Operations,IC1,7.474,0.638,3.72,0.853,0.724,0,0.627568
E00281,2024-06-01,BU02,Finance,IC1,2.305,0.421,3.2,0.847,0.559,0,0.781704
E00282,2024-06-01,BU03,Education,IC3,7.951,0.662,3.14,0.748,0.753,0,0.736664
E00283,2024-06-01,BU01,IT,IC2,2.294,0.399,2.87,1.004,0.453,0,0.802026
E00284,2024-06-01,BU09,Finance,IC1,9.328,0.655,3.17,1.063,0.586,0,0.659987
E00285,2024-06-01,BU08,Clinical,M1,9.257,0.704,3.35,0.734,0.471,0,0.653936
E00286,2024-06-01,BU02,IT,IC2,8.583,0.698,3.6,0.795,0.601,0,0.607418
E00287,2024-06-01,BU08,Admin,M1,5.194,0.594,3.41,0.6,0.648,0,0.750198
E00288,2024-06-01,BU09,Clinical,M1,8.271,0.577,3.49,0.633,0.834,0,0.78342
E00289,2024-06-01,BU01,Clinical,IC3,2.094,0.63,3.09,0.75,0.746,0,0.792615
E00290,2024-06-01,BU05,Admin,IC2,6.702,0.656,3.59,0.754,0.636,0,0.670895
E00291,2024-06-01,BU08,Education,M2,9.985,0.634,2.72,0.6,0.573,0,0.779657
E00292,2024-06-01,BU02,Clinical,IC1,7.395,0.69,3.48,1.014,0.736,0,0.631371
E00293,2024-06-01,BU04,IT,IC3,9.834,0.458,3.03,0.686,0.717,0,0.793803
E00294,2024-06-01,BU07,Finance,IC1,5.435,0.567,3.05,0.824,0.694,0,0.753304
E00295,2024-06-01,BU03,Clinical,IC2,6.858,0.54,3.1,0.6,0.685,0,0.800497
E00296,2024-06-01,BU05,IT,IC2,2.661,0.542,3.65,0.927,0.792,0,0.678508
E00297,2024-06-01,BU08,Operations,M2,3.19,0.427,3.46,0.6,0.614,0,0.746445
E00298,2024-06-01,BU10,IT,M2,4.356,0.517,3.83,0.6,0.454,0,0.653155
E00299,2024-06-01,BU03,Finance,IC1,8.014,0.609,3.91,0.724,0.735,0,0.69215
E00300,2024-06-01,BU04,IT,IC1,10.149,0.745,3.44,0.647,0.629,0,0.66103
E00301,2024-06-01,BU09,Admin,IC3,9.61,0.618,3.8,0.63,0.407,0,0.636726
E00302,2024-06-01,BU07,Finance,IC2,0.0,0.615,3.29,0.6,0.599,0,0.771901
E00303,2024-06-01,BU01,Education,IC1,8.378,0.608,3.51,1.6,0.737,0,0.491867
E00304,2024-06-01,BU04,Operations,IC3,4.657,0.679,2.71,0.6,0.693,0,0.784556
E00305,2024-06-01,BU04,Admin,IC2,4.411,0.559,3.52,0.6,0.612,0,0.759828
E00306,2024-06-01,BU09,Education,M2,4.452,0.565,3.87,0.6,0.652,0,0.738504
E00307,2024-06-01,BU06,IT,IC1,5.169,0.564,3.31,0.942,0.605,0,0.694938
E00308,2024-06-01,BU09,Finance,IC2,4.761,0.611,3.19,1.107,0.478,0,0.626298
E00309,2024-06-01,BU06,Operations,IC2,8.047,0.56,3.45,0.826,0.787,0,0.732987
E00310,2024-06-01,BU06,Admin,M1,5.311,0.649,3.77,0.6,0.701,0,0.709571
E00311,2024-06-01,BU05,Education,IC2,2.998,0.53,3.13,0.734,0.627,0,0.821236
E00312,2024-06-01,BU05,Education,IC3,0.079,0.545,3.49,0.694,0.566,0,0.737512
E00313,2024-06-01,BU02,Operations,IC1,0.268,0.621,3.17,0.6,0.635,0,0.740496
E00314,2024-06-01,BU08,IT,M1,8.548,0.413,3.58,0.812,0.708,0,0.733401
E00315,2024-06-01,BU08,Operations,IC2,5.52,0.511,3.27,0.613,0.808,0,0.824994
E00316,2024-06-01,BU01,Education,IC1,9.547,0.588,3.53,1.527,0.774,0,0.582485
E00317,2024-06-01,BU08,Clinical,IC3,10.226,0.585,3.44,0.693,0.723,0,0.707522
E00318,2024-06-01,BU05,Admin,IC1,5.708,0.575,2.88,1.163,0.489,0,0.718936
E00319,2024-06-01,BU02,Operations,IC1,7.91,0.612,3.62,1.369,0.804,0,0.557857
E00320,2024-06-01,BU02,Education,M1,6.867,0.597,3.09,0.615,0.688,0,0.820186
E00321,2024-06-01,BU06,IT,IC2,7.57,0.608,3.34,0.951,0.525,0,0.62758
E00322,2024-06-01,BU09,Education,IC3,9.944,0.671,3.41,0.622,0.535,0,0.657333
E00323,2024-06-01,BU01,IT,IC2,9.78,0.476,2.99,0.853,0.468,0,0.773289
E00324,2024-06-01,BU06,Operations,M1,6.133,0.654,3.18,0.6,0.678,0,0.766361
E00325,2024-06-01,BU09,IT,IC1,4.775,0.603,3.96,0.86,0.58,0,0.572521
E00326,2024-06-01,BU08,Finance,IC2,8.126,0.594,3.89,1.502,0.706,0,0.476117
E00327,2024-06-01,BU06,Finance,M2,1.788,0.533,2.96,0.6,0.577,0,0.79025
E00328,2024-06-01,BU03,Finance,M1,5.733,0.675,3.77,0.6,0.709,0,0.662582
E00329,2024-06-01,BU08,Clinical,IC2,3.228,0.583,3.23,0.811,0.576,0,0.704538
E00330,2024-06-01,BU09,Operations,IC2,10.237,0.577,3.11,0.677,0.79,0,0.755944
E00331,2024-06-01,BU01,Education,M1,5.582,0.559,3.46,0.676,0.47,0,0.685423
E00332,2024-06-01,BU09,Education,IC2,8.271,0.661,3.64,0.955,0.794,0,0.656291
E00333,2024-06-01,BU06,Clinical,M1,9.613,0.53,3.44,0.6,0.729,0,0.787353
E00334,2024-06-01,BU06,IT,M1,7.203,0.617,3.44,0.6,0.675,0,0.768126
E00335,2024-06-01,BU04,Clinical,IC1,6.212,0.652,3.23,0.622,0.854,0,0.765607
E00336,2024-06-01,BU01,IT,IC1,4.036,0.522,3.6,1.219,0.678,0,0.643943
E00337,2024-06-01,BU10,IT,IC3,10.078,0.69,3.21,0.697,0.708,0,0.688209
E00338,2024-06-01,BU08,Admin,IC1,8.257,0.681,3.64,0.91,0.591,0,0.592642
E00339,2024-06-01,BU02,Education,IC2,8.454,0.699,3.32,0.99,0.595,0,0.623726
E00340,2024-06-01,BU01,Finance,M2,1.665,0.59,3.16,0.6,0.555,0,0.812092
E00341,2024-06-01,BU02,IT,IC3,1.002,0.474,3.4,0.892,0.646,0,0.79805
E00342,2024-06-01,BU01,Admin,M1,5.049,0.474,3.52,0.6,0.513,0,0.720995
E00343,2024-06-01,BU01,Education,IC3,0.991,0.648,3.37,1.045,0.594,0,0.603715
E00344,2024-06-01,BU09,Finance,IC3,8.364,0.649,3.43,0.6,0.534,0,0.70845
E00345,2024-06-01,BU01,IT,IC1,3.058,0.665,2.96,0.6,0.501,0,0.736409
E00346,2024-06-01,BU04,IT,IC2,2.724,0.552,3.27,0.702,0.676,0,0.780355
E00347,2024-06-01,BU10,Clinical,IC2,8.498,0.556,3.75,0.728,0.71,0,0.737705
E00348,2024-06-01,BU06,Clinical,IC2,4.663,0.541,3.81,0.658,0.693,0,0.756225
E00349,2024-06-01,BU07,Education,M1,4.271,0.65,3.43,0.6,0.782,0,0.767192
E00350,2024-06-01,BU02,Finance,IC2,9.355,0.612,3.54,1.056,0.64,0,0.653282
E00351,2024-06-01,BU06,IT,IC2,0.0,0.561,2.78,0.767,0.572,0,0.793974
E00352,2024-06-01,BU07,Education,IC2,0.531,0.615,3.6,0.672,0.775,0,0.736176
E00353,2024-06-01,BU10,Education,IC1,8.739,0.601,4.19,0.667,0.658,0,0.572041
E00354,2024-06-01,BU10,Operations,IC2,0.657,0.549,3.26,0.644,0.825,0,0.825115
E00355,2024-06-01,BU02,Clinical,IC1,9.736,0.616,3.09,0.6,0.672,0,0.867463
E00356,2024-06-01,BU02,Finance,IC1,2.727,0.545,3.35,0.701,0.622,0,0.75508
E00357,2024-06-01,BU10,IT,IC1,9.999,0.61,3.63,1.471,0.532,0,0.471975
E00358,2024-06-01,BU07,Education,IC2,1.78,0.551,3.56,0.6,0.704,0,0.734337
E00359,2024-06-01,BU01,IT,M1,0.0,0.603,3.59,0.664,0.487,0,0.715834
E00360,2024-06-01,BU08,Operations,IC2,5.41,0.524,3.02,0.6,0.722,0,0.857256
E00361,2024-06-01,BU03,Finance,IC2,3.614,0.567,2.84,1.422,0.722,0,0.690861
E00362,2024-06-01,BU06,Education,IC3,1.101,0.648,3.48,1.2,0.622,0,0.59425
E00363,2024-06-01,BU09,IT,IC1,4.359,0.526,3.29,1.119,0.76,0,0.722818
E00364,2024-06-01,BU06,Clinical,M1,0.805,0.544,3.42,1.072,0.635,0,0.667085
E00365,2024-06-01,BU09,Operations,IC2,8.353,0.469,2.87,0.803,0.72,0,0.850956
E00366,2024-06-01,BU07,Finance,IC2,9.21,0.694,3.56,1.031,0.535,0,0.528353
E00367,2024-06-01,BU09,Operations,IC3,2.144,0.528,3.4,0.918,0.577,0,0.702177
E00368,2024-06-01,BU02,Clinical,IC1,2.771,0.564,3.54,1.003,0.732,0,0.70678
E00369,2024-06-01,BU08,Finance,IC3,0.931,0.57,3.62,0.6,0.59,0,0.682659
E00370,2024-06-01,BU08,Operations,IC2,3.63,0.457,2.71,0.967,0.693,0,0.797046
E00371,2024-06-01,BU02,Admin,M1,1.44,0.52,2.6,0.6,0.47,0,0.873235
E00372,2024-06-01,BU04,Clinical,IC1,6.875,0.609,3.62,0.803,0.817,0,0.669995
E00373,2024-06-01,BU07,Clinical,IC2,6.787,0.584,3.67,0.839,0.863,0,0.689216
E00374,2024-06-01,BU04,Clinical,IC3,10.281,0.69,2.93,0.724,0.879,0,0.815281
E00375,2024-06-01,BU04,Admin,IC1,2.623,0.402,3.66,0.989,0.556,0,0.699525
E00376,2024-06-01,BU06,Admin,IC2,7.546,0.625,3.25,0.946,0.648,0,0.650814
E00377,2024-06-01,BU10,IT,IC3,3.811,0.627,3.2,0.6,0.548,0,0.814222
E00378,2024-06-01,BU06,Education,M1,9.235,0.626,3.27,0.6,0.571,0,0.758885
E00379,2024-06-01,BU10,Operations,IC2,8.917,0.57,4.04,1.018,0.851,0,0.625129
E00380,2024-06-01,BU03,IT,M1,4.219,0.602,3.46,0.967,0.468,0,0.623816
E00381,2024-06-01,BU09,Operations,M2,4.854,0.584,3.5,0.999,0.484,0,0.599338
E00382,2024-06-01,BU10,Education,M1,7.565,0.616,3.54,0.633,0.649,0,0.737332
E00383,2024-06-01,BU02,Admin,IC1,1.478,0.64,3.33,1.247,0.539,0,0.571893
E00384,2024-06-01,BU06,Education,IC3,1.273,0.663,3.77,1.273,0.797,0,0.559484
E00385,2024-06-01,BU07,Admin,IC2,4.611,0.826,3.78,0.6,0.476,0,0.533445
E00386,2024-06-01,BU09,Education,M2,0.975,0.528,2.93,0.615,0.79,0,0.851441
E00387,2024-06-01,BU03,IT,IC2,1.218,0.669,3.13,0.963,0.601,0,0.683376
E00388,2024-06-01,BU10,Finance,IC1,5.246,0.547,2.93,1.517,0.475,0,0.621511
E00389,2024-06-01,BU03,IT,IC3,9.681,0.583,3.8,0.6,0.576,0,0.684976
E00390,2024-06-01,BU07,Operations,IC2,6.85,0.616,3.83,0.6,0.628,0,0.655371
E00391,2024-06-01,BU04,IT,M2,1.054,0.49,2.98,0.6,0.689,0,0.866555
E00392,2024-06-01,BU08,Clinical,M2,4.498,0.393,3.72,0.6,0.705,0,0.828862
E00393,2024-06-01,BU07,Operations,IC3,4.608,0.639,3.78,0.954,0.664,0,0.611452
E00394,2024-06-01,BU05,Education,IC1,0.0,0.561,4.01,1.142,0.73,0,0.549766
E00395,2024-06-01,BU07,Operations,IC3,5.722,0.639,3.23,0.624,0.654,0,0.706404
E00396,2024-06-01,BU03,Finance,IC1,10.401,0.577,3.41,1.027,0.671,0,0.702463
E00397,2024-06-01,BU02,Admin,IC1,2.872,0.403,3.19,1.077,0.435,0,0.662904
E00398,2024-06-01,BU06,Education,M1,5.947,0.643,4.23,0.903,0.65,0,0.554677
E00399,2024-06-01,BU02,Operations,IC1,5.643,0.609,3.0,1.055,0.762,0,0.739684
E00400,2024-06-01,BU03,Education,IC2,3.491,0.532,3.93,0.64,0.737,0,0.692605
E00401,2024-06-01,BU06,Education,M2,6.727,0.503,3.13,0.6,0.653,0,0.788574
E00402,2024-06-01,BU05,Education,IC2,5.402,0.53,3.41,0.683,0.714,0,0.731811
E00403,2024-06-01,BU08,Admin,IC2,7.165,0.696,3.22,0.6,0.557,0,0.739853
E00404,2024-06-01,BU09,IT,M1,7.704,0.657,3.1,0.6,0.577,0,0.766619
E00405,2024-06-01,BU03,Education,IC1,4.156,0.528,3.19,0.907,0.708,0,0.693433
E00406,2024-06-01,BU10,Clinical,M1,2.601,0.593,4.22,0.6,0.699,0,0.623884
E00407,2024-06-01,BU03,Finance,M2,7.239,0.52,3.13,0.622,0.629,0,0.862869
E00408,2024-06-01,BU03,Admin,M1,8.682,0.524,3.33,0.6,0.496,0,0.746885
E00409,2024-06-01,BU06,Operations,IC3,1.3,0.425,3.56,0.666,0.607,0,0.758033
E00410,2024-06-01,BU01,Admin,IC2,8.107,0.603,3.18,0.654,0.636,0,0.683158
E00411,2024-06-01,BU07,Operations,IC2,9.947,0.517,3.91,0.801,0.721,0,0.645713
E00412,2024-06-01,BU01,Admin,M1,3.305,0.56,3.05,0.648,0.456,0,0.783524
E00413,2024-06-01,BU05,Operations,M1,7.775,0.51,2.99,0.6,0.713,0,0.814022
E00414,2024-06-01,BU10,Education,IC2,0.78,0.552,3.79,0.819,0.758,0,0.685222
E00415,2024-06-01,BU08,IT,IC1,4.345,0.533,4.1,1.6,0.568,0,0.410805
E00416,2024-06-01,BU04,Operations,IC1,0.435,0.638,3.12,0.6,0.789,0,0.798951
E00417,2024-06-01,BU05,Operations,IC1,6.24,0.56,3.73,0.962,0.659,0,0.687863
E00418,2024-06-01,BU04,Clinical,IC3,0.597,0.497,3.8,0.951,0.691,0,0.66441
E00419,2024-06-01,BU04,Operations,IC2,5.73,0.583,3.26,0.75,0.816,0,0.757936
E00420,2024-06-01,BU08,Clinical,M1,4.082,0.575,3.68,0.644,0.792,0,0.789893
E00421,2024-06-01,BU02,Finance,IC3,1.971,0.533,2.65,0.6,0.653,0,0.840605
E00422,2024-06-01,BU01,Education,IC1,6.136,0.68,4.08,1.139,0.904,0,0.533634
E00423,2024-06-01,BU03,Clinical,IC3,9.602,0.465,3.09,0.6,0.793,0,0.876896
E00424,2024-06-01,BU09,IT,IC2,1.276,0.547,3.5,0.837,0.436,0,0.705976
E00425,2024-06-01,BU04,Education,IC3,0.567,0.503,3.24,0.6,0.529,0,0.746116
E00426,2024-06-01,BU10,Clinical,IC3,9.81,0.612,3.55,1.432,0.822,0,0.578832
E00427,2024-06-01,BU05,Education,M1,8.55,0.553,3.76,0.648,0.649,0,0.738122
E00428,2024-06-01,BU02,Education,M1,4.958,0.534,2.91,0.6,0.596,0,0.83015
E00429,2024-06-01,BU04,Education,IC2,2.018,0.419,3.19,0.6,0.653,0,0.802597
E00430,2024-06-01,BU02,Finance,IC1,2.694,0.63,3.29,0.922,0.655,0,0.679461
E00431,2024-06-01,BU02,IT,IC3,6.341,0.602,3.76,0.774,0.557,0,0.653915
E00432,2024-06-01,BU04,Admin,IC1,10.018,0.53,3.01,0.905,0.48,0,0.733726
E00433,2024-06-01,BU06,Admin,IC2,3.964,0.653,3.22,0.6,0.568,0,0.707659
E00434,2024-06-01,BU07,Clinical,IC1,6.084,0.546,3.75,0.763,0.786,0,0.678259
E00435,2024-06-01,BU10,Education,IC3,4.928,0.54,3.77,0.759,0.805,0,0.707921
E00436,2024-06-01,BU03,Clinical,IC1,3.943,0.517,3.3,1.194,0.862,0,0.752364
E00437,2024-06-01,BU03,Finance,IC3,7.89,0.597,3.53,1.012,0.482,0,0.596234
E00438,2024-06-01,BU10,Finance,M2,1.169,0.597,3.4,0.6,0.533,0,0.695198
E00439,2024-06-01,BU06,Operations,IC1,7.532,0.751,2.75,1.106,0.577,0,0.663484
E00440,2024-06-01,BU03,Finance,IC1,5.78,0.646,2.96,0.9,0.563,0,0.724114
E00441,2024-06-01,BU02,Operations,IC2,4.912,0.486,3.5,0.714,0.796,0,0.75205
E00442,2024-06-01,BU08,IT,M1,1.7,0.582,3.54,0.6,0.644,0,0.797404
E00443,2024-06-01,BU05,Clinical,IC1,5.851,0.59,3.22,1.018,0.816,0,0.732316
E00444,2024-06-01,BU01,IT,IC2,10.198,0.534,2.81,0.936,0.639,0,0.802538
E00445,2024-06-01,BU03,Finance,IC1,7.225,0.607,3.53,0.629,0.56,0,0.674823
E00446,2024-06-01,BU10,IT,M1,5.815,0.472,3.29,0.6,0.603,0,0.850494
E00447,2024-06-01,BU08,IT,IC2,1.06,0.468,3.3,1.216,0.612,0,0.678158
E00448,2024-06-01,BU04,IT,M1,1.161,0.396,3.28,0.6,0.632,0,0.780688
E00449,2024-06-01,BU07,Finance,M1,5.791,0.66,3.72,0.6,0.48,0,0.654629
E00450,2024-06-01,BU10,Education,IC1,3.929,0.708,3.44,1.313,0.838,0,0.587969
E00451,2024-06-01,BU02,IT,M1,7.313,0.591,3.5,0.6,0.499,0,0.746061
E00452,2024-06-01,BU07,Operations,IC1,10.149,0.661,3.04,1.067,0.587,0,0.661583
E00453,2024-06-01,BU05,Finance,M1,5.495,0.494,2.92,0.698,0.41,0,0.797275
E00454,2024-06-01,BU05,IT,IC3,3.524,0.611,2.83,0.6,0.671,0,0.842906
E00455,2024-06-01,BU06,Education,M1,1.166,0.602,3.68,0.6,0.565,0,0.71946
E00456,2024-06-01,BU09,Finance,IC1,0.942,0.379,3.33,1.111,0.471,0,0.712418
E00457,2024-06-01,BU06,Admin,IC1,4.964,0.458,3.47,1.455,0.513,0,0.586508
E00458,2024-06-01,BU08,Education,IC2,6.352,0.558,3.64,0.778,0.561,0,0.645906
E00459,2024-06-01,BU07,Operations,IC2,6.776,0.62,3.68,0.6,0.639,0,0.717795
E00460,2024-06-01,BU09,IT,IC1,8.945,0.511,3.15,0.653,0.638,0,0.78196
E00461,2024-06-01,BU04,Admin,IC2,7.242,0.546,3.06,1.005,0.666,0,0.778278
E00462,2024-06-01,BU02,Admin,IC1,0.687,0.594,3.64,0.885,0.574,0,0.601267
E00463,2024-06-01,BU07,Finance,IC2,1.331,0.474,3.04,0.765,0.465,0,0.74266
E00464,2024-06-01,BU06,Admin,M1,7.513,0.663,3.83,0.615,0.495,0,0.633505
E00465,2024-06-01,BU01,Operations,IC2,0.827,0.569,3.35,0.6,0.692,0,0.789963
E00466,2024-06-01,BU09,Operations,IC1,9.629,0.54,4.2,1.6,0.777,0,0.434906
E00467,2024-06-01,BU09,Clinical,IC2,3.201,0.474,3.75,0.604,0.966,0,0.776112
E00468,2024-06-01,BU02,Operations,IC1,5.451,0.633,3.62,0.967,0.664,0,0.599835
E00469,2024-06-01,BU03,Education,M2,7.08,0.529,3.29,0.6,0.588,0,0.752973
E00470,2024-06-01,BU05,Admin,IC1,2.949,0.631,3.18,0.865,0.57,0,0.648265
E00471,2024-06-01,BU05,Operations,IC3,3.639,0.635,3.06,0.998,0.768,0,0.746486
E00472,2024-06-01,BU01,Finance,M2,8.958,0.574,3.63,0.6,0.636,0,0.744171
E00473,2024-06-01,BU08,Clinical,M1,10.097,0.614,3.6,0.841,0.816,0,0.732799
E00474,2024-06-01,BU08,Admin,IC3,0.219,0.502,3.32,0.6,0.378,0,0.704576
E00475,2024-06-01,BU04,Clinical,M1,7.14,0.678,3.59,0.6,0.768,0,0.718048
E00476,2024-06-01,BU07,Admin,M2,3.411,0.602,3.53,0.6,0.613,0,0.753536
E00477,2024-06-01,BU10,Finance,IC3,9.147,0.639,3.27,0.666,0.464,0,0.696708
E00478,2024-06-01,BU03,Clinical,IC3,8.348,0.585,3.65,0.6,0.765,0,0.701701
E00479,2024-06-01,BU06,IT,IC3,9.498,0.61,3.34,0.6,0.668,0,0.723428
E00480,2024-06-01,BU10,Education,IC2,10.36,0.677,3.88,0.6,0.785,0,0.702586
E00481,2024-06-01,BU10,Education,IC3,7.644,0.729,3.74,0.742,0.708,0,0.628921
E00482,2024-06-01,BU09,Admin,IC2,0.0,0.538,3.41,1.472,0.743,0,0.608227
E00483,2024-06-01,BU01,IT,IC1,6.067,0.507,3.06,0.6,0.62,0,0.721288
E00484,2024-06-01,BU05,Clinical,IC1,7.537,0.443,3.04,0.717,0.673,0,0.896461
E00485,2024-06-01,BU04,IT,IC1,10.168,0.455,3.52,0.8,0.74,0,0.727581
E00486,2024-06-01,BU08,IT,IC2,9.517,0.686,3.37,0.803,0.748,0,0.763888
E00487,2024-06-01,BU01,Clinical,IC1,3.225,0.72,2.99,1.224,0.716,0,0.67704
E00488,2024-06-01,BU09,Finance,IC3,1.396,0.454,2.83,0.6,0.435,0,0.860341
E00489,2024-06-01,BU06,IT,IC2,0.0,0.407,3.49,0.653,0.524,0,0.763761
E00490,2024-06-01,BU04,IT,M1,9.265,0.579,3.46,0.747,0.764,0,0.715158
E00491,2024-06-01,BU09,Finance,IC1,7.817,0.603,3.49,1.146,0.533,0,0.585443
E00492,2024-06-01,BU05,IT,IC1,8.663,0.663,2.77,1.109,0.461,0,0.653498
E00493,2024-06-01,BU05,IT,IC3,8.079,0.691,3.74,0.686,0.577,0,0.672159
E00494,2024-06-01,BU05,IT,IC3,3.871,0.524,3.55,0.906,0.471,0,0.687859
E00495,2024-06-01,BU01,Education,IC1,9.656,0.458,3.72,0.678,0.552,1,0.78883
E00496,2024-06-01,BU01,Operations,M1,0.471,0.419,3.44,0.6,0.554,0,0.765263
E00497,2024-06-01,BU08,Finance,M1,3.299,0.577,2.7,0.729,0.448,0,0.819004
E00498,2024-06-01,BU08,IT,IC2,0.786,0.661,3.68,0.6,0.642,0,0.676341
E00499,2024-06-01,BU06,Education,IC2,1.317,0.547,4.15,0.719,0.766,0,0.648549
E00500,2024-06-01,BU04,Finance,M2,1.166,0.496,3.35,0.6,0.61,0,0.781187
E00001,2024-07-01,BU03,Operations,IC2,4.413,0.612,3.82,0.946,0.463,0,0.60974
E00002,2024-07-01,BU05,Education,IC2,7.324,0.491,3.28,1.6,0.556,0,0.578365
E00003,2024-07-01,BU01,Operations,IC2,0.0,0.555,2.88,0.638,0.668,0,0.824849
E00004,2024-07-01,BU01,Clinical,IC1,2.957,0.604,2.67,1.244,0.647,0,0.750823
E00005,2024-07-01,BU10,Finance,IC2,6.229,0.57,3.41,0.6,0.541,0,0.739453
E00006,2024-07-01,BU09,IT,M2,3.721,0.539,3.85,0.6,0.496,0,0.664756
E00007,2024-07-01,BU07,Operations,IC1,1.131,0.567,3.34,0.907,0.713,0,0.731549
E00008,2024-07-01,BU01,Finance,IC1,8.35,0.429,3.44,1.487,0.375,0,0.533636
E00009,2024-07-01,BU08,Clinical,IC2,3.65,0.733,2.73,0.6,0.642,0,0.796637
E00010,2024-07-01,BU03,Admin,M1,0.0,0.56,2.71,0.695,0.488,0,0.804581
E00011,2024-07-01,BU08,Education,IC3,0.244,0.556,2.76,0.644,0.461,0,0.82646
E00012,2024-07-01,BU05,Finance,IC3,2.787,0.561,2.98,0.6,0.224,0,0.749105
E00013,2024-07-01,BU01,Finance,IC1,6.157,0.552,3.5,0.964,0.594,0,0.64353
E00014,2024-07-01,BU07,Admin,IC3,6.757,0.513,3.31,1.191,0.692,1,0.759274
E00015,2024-07-01,BU05,Finance,IC2,3.22,0.485,3.2,0.6,0.462,0,0.746154
E00016,2024-07-01,BU06,Clinical,M1,2.702,0.676,3.4,0.6,0.774,1,0.820359
E00017,2024-07-01,BU06,Clinical,IC3,8.131,0.664,3.86,0.6,0.9,0,0.698605
E00018,2024-07-01,BU08,Admin,IC1,4.778,0.738,3.17,0.777,0.556,0,0.69572
E00019,2024-07-01,BU09,Education,IC1,5.854,0.524,3.79,1.524,0.501,0,0.451856
E00020,2024-07-01,BU02,IT,IC1,9.309,0.547,3.1,0.922,0.734,0,0.762616
E00021,2024-07-01,BU09,Operations,IC2,3.474,0.598,3.42,1.275,0.731,0,0.62687
E00022,2024-07-01,BU10,IT,IC2,5.333,0.587,3.17,1.131,0.611,0,0.661589
E00023,2024-07-01,BU09,Finance,IC3,9.221,0.501,3.14,0.6,0.561,0,0.76687
E00024,2024-07-01,BU10,Operations,IC2,6.407,0.499,3.75,0.635,0.652,0,0.763659
E00025,2024-07-01,BU10,Admin,IC2,10.491,0.52,3.71,0.632,0.358,0,0.677676
E00026,2024-07-01,BU07,Admin,IC1,1.002,0.588,4.36,0.661,0.664,0,0.565118
E00027,2024-07-01,BU01,Education,IC1,4.898,0.673,3.3,1.03,0.539,0,0.640927
E00028,2024-07-01,BU07,Operations,M1,1.944,0.532,3.69,0.6,0.919,0,0.791312
E00029,2024-07-01,BU10,Clinical,IC1,10.094,0.519,3.91,0.79,0.579,0,0.629775
E00030,2024-07-01,BU05,Operations,IC3,0.0,0.419,3.09,0.6,0.748,0,0.885303
E00031,2024-07-01,BU06,Finance,M1,0.471,0.66,3.3,0.6,0.536,0,0.716304
E00032,2024-07-01,BU10,Clinical,IC3,0.98,0.534,3.25,0.6,0.662,0,0.778214
E00033,2024-07-01,BU07,Admin,M1,7.989,0.579,3.4,0.6,0.499,0,0.712808
E00034,2024-07-01,BU05,Operations,IC2,3.795,0.477,3.73,0.84,0.73,0,0.718426
E00035,2024-07-01,BU07,IT,M2,7.261,0.531,3.13,0.6,0.545,0,0.788563
E00036,2024-07-01,BU09,Education,IC1,1.826,0.456,2.75,0.6,0.624,0,0.881438
E00037,2024-07-01,BU03,IT,IC1,8.444,0.586,3.04,1.6,0.699,0,0.678244
E00038,2024-07-01,BU08,Education,IC3,6.486,0.727,3.57,0.6,0.591,0,0.717101
E00039,2024-07-01,BU02,Finance,M2,8.238,0.544,3.77,0.6,0.609,0,0.738436
E00040,2024-07-01,BU07,IT,M1,3.781,0.532,2.77,0.6,0.533,0,0.826631
E00041,2024-07-01,BU02,Operations,IC1,6.012,0.518,3.29,1.6,0.752,0,0.597522
E00042,2024-07-01,BU04,Operations,IC2,1.629,0.608,3.28,0.635,0.73,0,0.760252
E00043,2024-07-01,BU07,IT,M2,4.266,0.648,3.57,0.666,0.558,0,0.651431
E00044,2024-07-01,BU03,Operations,IC2,9.489,0.595,2.9,0.781,0.728,0,0.8216
E00045,2024-07-01,BU02,Finance,M1,7.184,0.558,3.57,0.6,0.501,0,0.69329
E00046,2024-07-01,BU10,Clinical,M1,1.55,0.533,3.43,0.698,0.769,0,0.806289
E00047,2024-07-01,BU07,Finance,IC2,8.808,0.698,3.26,0.6,0.564,0,0.687013
E00048,2024-07-01,BU01,Education,IC2,1.27,0.53,3.88,0.6,0.779,0,0.787891
E00049,2024-07-01,BU08,Finance,IC2,1.536,0.602,3.51,0.693,0.416,0,0.666087
E00050,2024-07-01,BU03,Education,IC1,0.813,0.486,2.88,0.634,0.678,1,0.886212
E00051,2024-07-01,BU02,Operations,M1,5.982,0.656,3.29,0.6,0.76,0,0.778555
E00052,2024-07-01,BU03,Clinical,IC2,8.567,0.675,3.12,1.013,0.752,0,0.73986
E00053,2024-07-01,BU05,Operations,M1,7.231,0.521,3.59,0.6,0.639,0,0.73211
E00054,2024-07-01,BU08,Admin,IC1,4.298,0.794,2.84,1.575,0.584,0,0.53216
E00055,2024-07-01,BU10,Operations,M2,2.7,0.569,3.43,0.6,0.601,0,0.73979
E00056,2024-07-01,BU07,Education,IC2,8.153,0.61,3.36,1.044,0.497,0,0.646931
E00057,2024-07-01,BU07,Operations,IC1,10.168,0.624,3.51,0.981,0.688,0,0.623912
E00058,2024-07-01,BU07,Operations,IC1,7.274,0.52,2.99,0.723,0.646,0,0.820903
E00059,2024-07-01,BU08,Clinical,IC3,8.545,0.551,3.92,1.079,0.78,0,0.60373
E00060,2024-07-01,BU01,Operations,IC3,2.831,0.541,3.24,0.6,0.731,0,0.770721
E00061,2024-07-01,BU04,Clinical,M1,7.184,0.681,3.1,0.612,0.811,0,0.796615
E00062,2024-07-01,BU06,IT,IC1,8.621,0.598,3.39,1.178,0.481,0,0.578579
E00063,2024-07-01,BU09,Admin,IC1,5.169,0.577,3.33,1.155,0.65,0,0.604181
E00064,2024-07-01,BU02,Clinical,IC2,5.213,0.476,3.53,0.6,0.635,0,0.776892
E00065,2024-07-01,BU01,Education,IC2,1.109,0.343,3.56,1.053,0.571,0,0.695803
E00066,2024-07-01,BU10,IT,IC2,6.998,0.628,4.5,0.6,0.553,0,0.496979
E00067,2024-07-01,BU02,Clinical,M2,4.797,0.51,2.82,0.6,0.622,0,0.851134
E00068,2024-07-01,BU07,Clinical,M2,8.947,0.527,3.97,0.6,0.787,0,0.670797
E00069,2024-07-01,BU03,Admin,M2,1.15,0.622,3.55,0.6,0.638,0,0.708368
E00070,2024-07-01,BU10,Education,M1,8.731,0.591,3.52,0.6,0.643,0,0.70613
E00071,2024-07-01,BU02,Finance,IC2,0.701,0.508,3.42,0.905,0.496,0,0.692893
E00072,2024-07-01,BU07,Finance,IC2,6.984,0.659,3.41,1.097,0.52,0,0.590222
E00073,2024-07-01,BU02,Clinical,IC2,2.7,0.548,3.1,0.818,0.462,0,0.749796
E00074,2024-07-01,BU03,Operations,M1,4.153,0.705,3.66,0.6,0.703,0,0.69089
E00075,2024-07-01,BU07,Education,IC1,2.322,0.519,3.3,1.203,0.749,0,0.711973
E00076,2024-07-01,BU04,IT,IC2,2.995,0.483,2.81,0.808,0.676,0,0.82813
E00077,2024-07-01,BU01,Operations,IC1,5.648,0.626,3.11,0.6,0.611,0,0.816369
E00078,2024-07-01,BU05,Operations,IC2,8.616,0.629,3.32,0.6,0.684,0,0.769268
E00079,2024-07-01,BU09,Education,M1,6.393,0.597,3.48,0.6,0.491,0,0.731452
E00080,2024-07-01,BU08,Clinical,M1,2.557,0.548,3.73,0.88,0.73,0,0.688825
E00081,2024-07-01,BU09,Clinical,IC1,0.78,0.598,3.82,1.507,0.817,0,0.469192
E00082,2024-07-01,BU10,Clinical,M2,1.711,0.495,3.44,0.659,0.748,0,0.811983
E00083,2024-07-01,BU09,Clinical,IC3,1.711,0.588,3.73,0.667,0.624,0,0.693945
E00084,2024-07-01,BU07,Finance,IC1,9.582,0.629,3.07,1.22,0.481,0,0.616559
E00085,2024-07-01,BU04,Clinical,IC2,2.445,0.595,3.13,0.6,0.821,0,0.827842
E00086,2024-07-01,BU05,Finance,IC2,4.066,0.482,3.74,0.801,0.517,0,0.649072
E00087,2024-07-01,BU01,Finance,IC1,1.93,0.668,3.36,1.14,0.593,0,0.606118
E00088,2024-07-01,BU01,Clinical,M2,2.908,0.648,3.25,0.6,0.568,0,0.743037
E00089,2024-07-01,BU03,Admin,IC2,9.736,0.584,3.44,0.762,0.518,0,0.660744
E00090,2024-07-01,BU08,IT,M1,2.765,0.515,3.22,0.938,0.569,0,0.724653
E00091,2024-07-01,BU02,Operations,IC2,3.411,0.568,3.51,0.968,0.776,0,0.745647
E00092,2024-07-01,BU04,Finance,IC1,0.0,0.434,3.73,1.196,0.837,0,0.737784
E00093,2024-07-01,BU02,Education,IC2,7.677,0.561,3.38,0.6,0.721,0,0.760421
E00094,2024-07-01,BU05,Education,IC1,10.352,0.597,2.9,1.587,0.573,0,0.640843
E00095,2024-07-01,BU09,IT,IC2,3.168,0.663,3.72,0.725,0.735,0,0.630553
E00096,2024-07-01,BU01,Education,M1,8.159,0.557,2.9,0.6,0.71,0,0.808062
E00097,2024-07-01,BU05,Admin,IC2,8.025,0.517,3.71,0.713,0.564,0,0.757022
E00098,2024-07-01,BU09,Education,IC3,10.333,0.616,3.24,0.6,0.681,0,0.775373
E00099,2024-07-01,BU01,Operations,IC1,0.0,0.421,3.08,1.39,0.739,0,0.703486
E00100,2024-07-01,BU09,Operations,IC1,6.486,0.68,3.1,0.854,0.738,0,0.753266
E00101,2024-07-01,BU08,Finance,IC1,1.013,0.589,3.07,0.724,0.553,0,0.740503
E00102,2024-07-01,BU04,Clinical,IC3,4.225,0.684,2.99,0.6,0.656,0,0.766817
E00103,2024-07-01,BU10,Admin,IC1,1.498,0.653,3.43,1.408,0.558,0,0.527714
E00104,2024-07-01,BU05,Finance,IC2,1.944,0.486,3.7,0.843,0.614,0,0.716401
E00105,2024-07-01,BU05,Admin,IC3,3.817,0.622,3.66,0.6,0.417,0,0.669429
E00106,2024-07-01,BU06,Clinical,IC2,2.218,0.56,3.47,0.86,0.775,0,0.759807
E00107,2024-07-01,BU07,Education,IC1,3.211,0.677,2.77,0.703,0.575,0,0.751451
E00108,2024-07-01,BU08,Education,IC2,9.076,0.627,4.05,0.6,0.651,0,0.615346
E00109,2024-07-01,BU08,Clinical,M1,9.55,0.608,4.26,0.853,0.686,0,0.537631
E00110,2024-07-01,BU02,Finance,IC3,4.271,0.565,2.99,0.769,0.595,0,0.826658
E00111,2024-07-01,BU09,Clinical,IC2,3.529,0.586,3.2,0.742,0.905,0,0.876549
E00112,2024-07-01,BU07,IT,IC1,3.02,0.646,4.08,0.852,0.565,0,0.561318
E00113,2024-07-01,BU04,Operations,M2,5.963,0.569,3.05,0.703,0.692,0,0.811836
E00114,2024-07-01,BU04,Finance,IC3,7.644,0.59,3.82,1.6,0.304,0,0.375354
E00115,2024-07-01,BU08,Admin,IC2,2.738,0.447,3.24,0.831,0.446,0,0.737439
E00116,2024-07-01,BU04,IT,M1,4.712,0.517,3.2,0.6,0.555,0,0.829814
E00117,2024-07-01,BU06,Finance,IC2,0.326,0.534,3.32,0.739,0.468,0,0.683326
E00118,2024-07-01,BU05,Clinical,IC2,7.97,0.645,3.73,0.927,0.74,0,0.655395
E00119,2024-07-01,BU03,Clinical,IC3,10.303,0.644,2.9,0.6,0.556,0,0.829651
E00120,2024-07-01,BU10,Clinical,IC1,8.411,0.504,3.46,1.044,0.727,0,0.763048
E00121,2024-07-01,BU02,Clinical,M2,5.511,0.595,2.9,0.6,0.501,0,0.803646
E00122,2024-07-01,BU09,Admin,IC3,7.699,0.553,3.03,0.963,0.435,0,0.667583
E00123,2024-07-01,BU10,IT,IC3,10.201,0.671,3.06,0.961,0.544,0,0.663696
E00124,2024-07-01,BU09,Education,IC1,5.574,0.627,3.04,0.937,0.697,0,0.717449
E00125,2024-07-01,BU01,Operations,IC1,0.909,0.516,3.63,1.6,0.676,0,0.529867
E00126,2024-07-01,BU10,Admin,IC2,3.762,0.66,3.71,1.492,0.725,0,0.500374
E00127,2024-07-01,BU03,Admin,M1,3.973,0.48,3.82,0.6,0.4,0,0.686123
E00128,2024-07-01,BU08,Education,IC2,0.427,0.533,3.76,0.922,0.455,0,0.653253
E00129,2024-07-01,BU06,Education,IC2,2.324,0.676,3.05,0.6,0.554,0,0.713299
E00130,2024-07-01,BU05,Operations,IC3,0.531,0.617,3.56,0.6,0.808,0,0.727572
E00131,2024-07-01,BU05,Operations,IC1,0.805,0.498,3.65,0.687,0.744,0,0.749041
E00132,2024-07-01,BU06,Education,IC3,7.556,0.632,3.79,0.6,0.669,0,0.716902
E00133,2024-07-01,BU07,Clinical,IC1,4.479,0.67,3.47,0.6,0.748,0,0.767194
E00134,2024-07-01,BU01,Admin,M2,9.818,0.704,3.16,0.6,0.607,0,0.751681
E00135,2024-07-01,BU09,Finance,IC2,6.902,0.613,3.73,0.631,0.613,0,0.669067
E00136,2024-07-01,BU03,Operations,IC1,7.477,0.67,3.16,1.376,0.539,0,0.536562
E00137,2024-07-01,BU04,Operations,IC2,6.023,0.601,3.03,0.6,0.748,0,0.794713
E00138,2024-07-01,BU10,Education,IC2,4.129,0.337,3.54,0.6,0.682,0,0.766569
E00139,2024-07-01,BU01,IT,M1,4.014,0.669,3.76,0.6,0.689,0,0.717415
E00140,2024-07-01,BU10,Finance,IC3,0.0,0.583,2.79,0.6,0.456,1,0.878071
E00141,2024-07-01,BU03,Finance,IC3,6.554,0.492,3.24,0.6,0.464,0,0.808126
E00142,2024-07-01,BU02,Operations,IC1,4.137,0.469,3.07,1.031,0.703,0,0.75766
E00143,2024-07-01,BU02,Clinical,IC1,0.014,0.581,3.08,0.6,0.877,0,0.855351
E00144,2024-07-01,BU01,IT,IC1,8.134,0.486,3.35,1.051,0.607,0,0.685759
E00145,2024-07-01,BU08,Finance,IC3,4.646,0.572,2.65,1.563,0.596,0,0.656676
E00146,2024-07-01,BU03,Operations,M1,8.537,0.557,2.94,0.6,0.801,0,0.863161
E00147,2024-07-01,BU03,Finance,IC2,1.103,0.533,3.28,0.625,0.701,0,0.782041
E00148,2024-07-01,BU06,IT,IC1,2.251,0.589,3.59,0.726,0.491,0,0.671001
E00149,2024-07-01,BU08,IT,IC3,6.297,0.579,3.77,0.6,0.506,0,0.737709
E00150,2024-07-01,BU09,Admin,M1,5.317,0.697,3.01,0.785,0.68,0,0.73261
E00151,2024-07-01,BU09,Education,IC3,7.176,0.746,3.16,0.768,0.588,0,0.610848
E00152,2024-07-01,BU04,Education,M1,0.0,0.467,3.16,0.707,0.476,0,0.815565
E00153,2024-07-01,BU05,Operations,IC2,1.383,0.515,3.72,0.744,0.821,0,0.747164
E00154,2024-07-01,BU02,IT,IC1,3.8,0.474,3.32,0.6,0.661,0,0.776474
E00155,2024-07-01,BU09,Admin,M1,2.489,0.626,3.75,0.6,0.498,0,0.672437
E00156,2024-07-01,BU08,Admin,IC3,4.457,0.612,3.45,0.855,0.637,0,0.691067
E00157,2024-07-01,BU03,Finance,IC2,10.16,0.666,3.83,0.733,0.681,0,0.600101
E00158,2024-07-01,BU09,Finance,IC3,10.073,0.644,3.65,0.964,0.417,0,0.606084
E00159,2024-07-01,BU03,Admin,M1,2.021,0.455,3.42,0.657,0.486,0,0.748827
E00160,2024-07-01,BU09,Finance,IC3,0.323,0.517,3.36,0.6,0.472,0,0.791315
E00161,2024-07-01,BU02,IT,IC3,1.982,0.693,3.07,0.6,0.777,0,0.817693
E00162,2024-07-01,BU10,Clinical,IC2,6.806,0.699,3.91,1.017,0.76,0,0.594032
E00163,2024-07-01,BU09,IT,IC2,1.621,0.665,3.47,1.046,0.669,0,0.616055
E00164,2024-07-01,BU08,Admin,IC2,7.507,0.626,3.59,1.005,0.494,0,0.581383
E00165,2024-07-01,BU09,Admin,M1,3.68,0.573,3.9,0.6,0.461,0,0.627415
E00166,2024-07-01,BU05,IT,M1,4.895,0.645,3.25,0.6,0.713,0,0.784262
E00167,2024-07-01,BU02,Finance,M1,3.025,0.545,3.33,0.6,0.331,0,0.715295
E00168,2024-07-01,BU08,Finance,IC1,0.0,0.49,2.94,1.568,0.542,0,0.582532
E00169,2024-07-01,BU06,Education,IC3,1.881,0.674,3.3,0.6,0.707,0,0.796835
E00170,2024-07-01,BU08,Admin,M1,5.563,0.633,2.95,0.684,0.508,0,0.724365
E00171,2024-07-01,BU05,Operations,IC3,10.146,0.557,3.97,0.725,0.72,0,0.640476
E00172,2024-07-01,BU10,Education,M1,7.858,0.611,2.91,0.707,0.548,0,0.763697
E00173,2024-07-01,BU02,Finance,M1,0.723,0.505,3.62,0.956,0.832,0,0.704196
E00174,2024-07-01,BU06,IT,IC2,2.522,0.635,3.57,1.302,0.555,0,0.507836
E00175,2024-07-01,BU05,Finance,IC2,0.249,0.631,3.03,0.629,0.651,0,0.766767
E00176,2024-07-01,BU05,IT,IC1,4.715,0.556,3.97,0.6,0.754,0,0.718127
E00177,2024-07-01,BU01,Education,IC2,2.905,0.608,2.76,0.6,0.631,0,0.859018
E00178,2024-07-01,BU02,Admin,IC3,1.695,0.612,3.34,0.635,0.524,0,0.696043
E00179,2024-07-01,BU08,Finance,M1,6.513,0.538,3.07,0.6,0.43,0,0.769211
E00180,2024-07-01,BU03,IT,IC1,10.376,0.355,3.4,1.6,0.676,0,0.63567
E00181,2024-07-01,BU10,Admin,IC1,9.574,0.713,3.87,0.9,0.719,0,0.599393
E00182,2024-07-01,BU03,Operations,IC3,0.526,0.412,2.61,0.815,0.669,0,0.825124
E00183,2024-07-01,BU08,IT,IC1,7.107,0.69,3.51,1.054,0.589,0,0.573752
E00184,2024-07-01,BU08,Education,IC1,3.765,0.675,2.98,0.825,0.623,0,0.752814
E00185,2024-07-01,BU02,Operations,IC1,9.251,0.616,2.51,0.6,0.807,0,0.916144
E00186,2024-07-01,BU08,Operations,IC1,7.606,0.525,3.61,0.868,0.536,0,0.6812
E00187,2024-07-01,BU01,Clinical,IC1,10.023,0.751,3.02,1.6,0.752,0,0.590427
E00188,2024-07-01,BU06,Finance,IC2,6.448,0.65,2.89,0.6,0.617,0,0.788837
E00189,2024-07-01,BU08,IT,IC2,9.812,0.448,3.37,0.6,0.658,0,0.775901
E00190,2024-07-01,BU03,Operations,M1,3.458,0.54,3.33,1.081,0.639,0,0.698588
E00191,2024-07-01,BU08,Clinical,IC2,10.114,0.454,3.74,1.073,0.769,0,0.659284
E00192,2024-07-01,BU01,Education,IC3,0.211,0.58,3.87,0.681,0.438,0,0.661782
E00193,2024-07-01,BU09,Admin,IC1,9.561,0.639,3.46,1.54,0.55,0,0.4914
E00194,2024-07-01,BU09,IT,IC1,9.281,0.538,3.52,0.72,0.505,0,0.66774
E00195,2024-07-01,BU05,Operations,IC3,9.062,0.641,3.37,0.6,0.723,0,0.763912
E00196,2024-07-01,BU10,Finance,IC1,5.388,0.708,3.07,1.236,0.477,0,0.56921
E00197,2024-07-01,BU04,Clinical,IC2,4.282,0.597,3.2,1.6,0.859,0,0.574347
E00198,2024-07-01,BU06,Operations,IC3,6.103,0.466,3.62,0.6,0.736,0,0.790984
E00199,2024-07-01,BU07,Finance,IC3,9.777,0.566,3.86,1.017,0.547,0,0.55754
E00200,2024-07-01,BU05,Operations,IC1,10.344,0.512,3.44,0.995,0.742,0,0.752532
E00201,2024-07-01,BU10,IT,IC2,7.726,0.593,3.69,0.744,0.467,0,0.610765
E00202,2024-07-01,BU09,IT,IC3,8.912,0.492,3.29,0.654,0.637,0,0.806349
E00203,2024-07-01,BU03,IT,IC1,6.36,0.508,3.63,0.6,0.502,0,0.718765
E00204,2024-07-01,BU07,Education,IC3,0.6,0.437,3.7,0.915,0.64,0,0.650262
E00205,2024-07-01,BU10,Education,IC3,5.101,0.558,3.28,0.6,0.677,0,0.8322
E00206,2024-07-01,BU10,Clinical,M2,3.973,0.605,3.82,0.6,0.684,0,0.689373
E00207,2024-07-01,BU05,IT,IC1,6.902,0.606,3.51,1.276,0.609,0,0.603654
E00208,2024-07-01,BU07,Finance,M1,4.496,0.597,3.26,0.675,0.688,0,0.76677
E00209,2024-07-01,BU02,Operations,IC2,0.066,0.554,3.19,0.786,0.614,0,0.80686
E00210,2024-07-01,BU04,Admin,IC2,3.45,0.505,3.16,1.042,0.37,0,0.670042
E00211,2024-07-01,BU02,Finance,IC1,0.342,0.446,3.59,1.501,0.479,0,0.539782
E00212,2024-07-01,BU07,Education,IC3,10.494,0.704,3.3,0.979,0.724,0,0.626061
E00213,2024-07-01,BU02,Education,IC1,4.594,0.523,2.91,0.757,0.859,0,0.875968
E00214,2024-07-01,BU01,Finance,IC2,3.124,0.667,2.94,1.068,0.527,0,0.673689
E00215,2024-07-01,BU09,Education,IC1,5.722,0.604,3.39,0.967,0.577,0,0.694813
E00216,2024-07-01,BU01,IT,M1,6.76,0.663,3.32,0.937,0.726,0,0.660468
E00217,2024-07-01,BU08,Clinical,M1,9.054,0.652,3.77,0.6,0.663,0,0.641662
E00218,2024-07-01,BU02,Operations,IC3,4.594,0.557,3.34,0.6,0.445,0,0.72872
E00219,2024-07-01,BU08,Clinical,IC2,4.616,0.757,3.18,0.6,0.701,0,0.715522
E00220,2024-07-01,BU03,Operations,IC1,0.441,0.494,3.15,0.986,0.795,0,0.755928
E00221,2024-07-01,BU06,Operations,IC3,10.434,0.49,3.52,0.762,0.545,0,0.735014
E00222,2024-07-01,BU03,Clinical,IC2,2.346,0.51,3.06,0.846,0.736,0,0.788393
E00223,2024-07-01,BU07,Finance,IC1,0.0,0.46,3.03,1.043,0.657,0,0.748739
E00224,2024-07-01,BU10,Operations,IC3,5.284,0.642,4.01,0.72,0.609,0,0.606284
E00225,2024-07-01,BU09,Clinical,M2,8.485,0.622,3.45,0.6,0.705,0,0.765089
E00226,2024-07-01,BU02,Operations,IC3,7.113,0.629,3.28,0.6,0.604,0,0.755598
E00227,2024-07-01,BU05,Admin,IC3,0.0,0.674,3.12,0.6,0.59,0,0.73826
E00228,2024-07-01,BU06,Finance,M2,7.083,0.596,2.98,0.684,0.425,0,0.688247
E00229,2024-07-01,BU04,IT,IC1,7.537,0.697,3.62,1.114,0.691,0,0.594304
E00230,2024-07-01,BU04,Operations,IC3,1.47,0.354,2.97,0.6,0.598,0,0.844891
E00231,2024-07-01,BU04,Admin,M2,8.11,0.514,3.26,0.629,0.482,0,0.771661
E00232,2024-07-01,BU02,IT,IC1,8.099,0.659,3.32,1.6,0.599,0,0.538279
E00233,2024-07-01,BU04,IT,IC3,7.009,0.438,3.42,0.6,0.609,0,0.812207
E00234,2024-07-01,BU01,Operations,IC3,4.287,0.578,3.21,0.723,0.645,0,0.705206
E00235,2024-07-01,BU06,Clinical,IC3,7.113,0.464,3.36,0.6,0.664,0,0.74308
E00236,2024-07-01,BU01,Operations,IC3,1.958,0.517,3.22,0.816,0.621,0,0.807262
E00237,2024-07-01,BU10,Admin,M1,10.152,0.703,3.91,0.6,0.49,0,0.617543
E00238,2024-07-01,BU06,IT,M1,3.124,0.467,3.17,0.6,0.64,0,0.784549
E00239,2024-07-01,BU01,Operations,IC1,4.115,0.416,3.16,1.291,0.59,0,0.709119
E00240,2024-07-01,BU06,Clinical,M1,8.728,0.634,3.92,0.851,0.65,0,0.580096
E00241,2024-07-01,BU10,Operations,IC1,2.705,0.472,3.1,1.119,0.723,0,0.750588
E00242,2024-07-01,BU08,Finance,IC2,10.283,0.575,3.16,0.613,0.361,0,0.693496
E00243,2024-07-01,BU02,Clinical,IC2,0.441,0.663,2.52,0.6,0.814,0,0.873447
E00244,2024-07-01,BU02,Admin,IC2,2.111,0.63,3.11,0.603,0.541,0,0.752453
E00245,2024-07-01,BU04,IT,IC2,1.758,0.648,3.59,0.638,0.374,0,0.642598
E00246,2024-07-01,BU03,Operations,M2,9.478,0.641,3.4,0.6,0.596,0,0.763886
E00247,2024-07-01,BU04,Clinical,IC3,4.29,0.517,3.25,0.679,0.764,0,0.794244
E00248,2024-07-01,BU07,Finance,IC3,1.235,0.532,3.1,0.6,0.464,0,0.760576
E00249,2024-07-01,BU01,Clinical,IC1,8.498,0.622,3.51,1.005,0.746,0,0.659374
E00250,2024-07-01,BU06,Education,M1,4.465,0.667,3.49,0.83,0.535,0,0.597247
E00251,2024-07-01,BU03,Finance,M1,0.857,0.66,3.41,0.6,0.434,0,0.685378
E00252,2024-07-01,BU10,Admin,M1,2.363,0.651,3.08,0.6,0.592,0,0.782371
E00253,2024-07-01,BU07,IT,IC1,6.511,0.568,3.15,0.801,0.552,0,0.72951
E00254,2024-07-01,BU10,Admin,IC1,9.854,0.684,3.89,1.152,0.459,0,0.487304
E00255,2024-07-01,BU02,Operations,IC1,8.953,0.644,3.75,1.188,0.607,0,0.580938
E00256,2024-07-01,BU02,Clinical,IC1,9.706,0.673,3.31,1.05,0.768,0,0.661168
E00257,2024-07-01,BU04,Education,IC2,5.717,0.709,3.28,1.21,0.702,0,0.626812
E00258,2024-07-01,BU01,Finance,M1,6.371,0.511,2.84,0.6,0.66,0,0.838476
E00259,2024-07-01,BU03,Finance,IC2,0.063,0.568,3.36,1.536,0.498,0,0.508612
E00260,2024-07-01,BU09,Clinical,IC1,4.033,0.628,3.44,1.219,0.704,0,0.605361
E00261,2024-07-01,BU07,Education,IC2,2.289,0.474,3.11,0.6,0.628,0,0.832898
E00262,2024-07-01,BU07,Clinical,IC1,1.665,0.476,2.67,1.6,0.619,0,0.684754
E00263,2024-07-01,BU04,Operations,IC1,8.378,0.573,3.27,0.785,0.553,0,0.768179
E00264,2024-07-01,BU02,Admin,IC2,7.532,0.714,2.91,0.6,0.735,0,0.762474
E00265,2024-07-01,BU04,Finance,IC2,8.46,0.555,3.56,0.915,0.396,0,0.630853
E00266,2024-07-01,BU06,Operations,M1,7.036,0.486,3.8,0.6,0.752,0,0.706635
E00267,2024-07-01,BU03,Admin,M2,2.579,0.264,3.67,0.6,0.514,0,0.801537
E00268,2024-07-01,BU01,Operations,IC2,5.112,0.561,2.98,1.285,0.784,0,0.764039
E00269,2024-07-01,BU08,Education,IC2,2.59,0.469,3.54,0.918,0.453,0,0.672762
E00270,2024-07-01,BU05,Finance,M1,9.788,0.664,2.72,0.723,0.561,1,0.858011
E00271,2024-07-01,BU05,Clinical,IC2,3.45,0.409,3.63,0.6,0.673,0,0.855311
E00272,2024-07-01,BU04,Clinical,IC1,6.987,0.601,3.79,0.6,0.564,1,0.713272
E00273,2024-07-01,BU06,Admin,M1,0.118,0.483,3.63,0.692,0.506,0,0.69929
E00274,2024-07-01,BU03,IT,IC1,10.16,0.602,3.5,1.283,0.581,0,0.598754
E00275,2024-07-01,BU09,Education,IC3,3.411,0.515,3.5,0.832,0.458,0,0.692343
E00276,2024-07-01,BU05,Admin,IC3,6.645,0.777,3.69,0.728,0.529,0,0.604896
E00277,2024-07-01,BU03,IT,IC2,5.276,0.634,3.47,0.6,0.516,0,0.730019
E00278,2024-07-01,BU01,Operations,IC2,2.984,0.345,3.15,1.6,0.668,0,0.736498
E00279,2024-07-01,BU10,Education,M1,7.077,0.62,3.62,0.622,0.794,0,0.757862
E00280,2024-07-01,BU06,Operations,IC1,7.556,0.64,3.12,0.797,0.59,0,0.772257
E00281,2024-07-01,BU02,Finance,IC1,2.387,0.489,3.93,0.856,0.573,0,0.669182
E00282,2024-07-01,BU03,Education,IC3,8.033,0.547,2.96,0.666,0.682,0,0.823224
E00283,2024-07-01,BU01,IT,IC2,2.376,0.505,2.56,1.093,0.574,0,0.756703
E00284,2024-07-01,BU09,Finance,IC1,9.41,0.653,3.25,0.964,0.675,1,0.693541
E00285,2024-07-01,BU08,Clinical,M1,9.339,0.603,3.87,0.702,0.715,0,0.658532
E00286,2024-07-01,BU02,IT,IC2,8.665,0.675,2.84,0.832,0.508,0,0.676913
E00287,2024-07-01,BU08,Admin,M1,5.276,0.587,3.44,0.6,0.442,0,0.757577
E00288,2024-07-01,BU09,Clinical,M1,8.353,0.651,3.85,0.606,0.843,0,0.666652
E00289,2024-07-01,BU01,Clinical,IC3,2.177,0.62,2.73,0.717,0.608,0,0.838975
E00290,2024-07-01,BU05,Admin,IC2,6.784,0.546,3.61,0.661,0.492,0,0.715462
E00291,2024-07-01,BU08,Education,M2,10.067,0.624,3.26,0.6,0.469,0,0.696289
E00292,2024-07-01,BU02,Clinical,IC1,7.477,0.536,2.95,1.014,0.875,0,0.835734
E00293,2024-07-01,BU04,IT,IC3,9.916,0.53,3.6,0.68,0.526,0,0.696391
E00294,2024-07-01,BU07,Finance,IC1,5.517,0.614,3.61,0.759,0.607,0,0.701549
E00295,2024-07-01,BU03,Clinical,IC2,6.94,0.721,2.94,0.608,0.756,0,0.776199
E00296,2024-07-01,BU05,IT,IC2,2.743,0.673,3.82,0.882,0.549,0,0.542105
E00297,2024-07-01,BU08,Operations,M2,3.272,0.47,3.05,0.6,0.605,0,0.833232
E00298,2024-07-01,BU10,IT,M2,4.438,0.62,4.05,0.6,0.525,0,0.609285
E00299,2024-07-01,BU03,Finance,IC1,8.096,0.682,3.22,0.721,0.683,0,0.691288
E00300,2024-07-01,BU04,IT,IC1,10.231,0.598,2.81,0.672,0.362,0,0.723108
E00301,2024-07-01,BU09,Admin,IC3,9.692,0.607,3.6,0.72,0.657,0,0.696166
E00302,2024-07-01,BU07,Finance,IC2,0.0,0.538,4.65,0.607,0.466,0,0.531374
E00303,2024-07-01,BU01,Education,IC1,8.46,0.684,3.31,1.6,0.694,0,0.508717
E00304,2024-07-01,BU04,Operations,IC3,4.739,0.735,2.85,0.6,0.77,0,0.780939
E00305,2024-07-01,BU04,Admin,IC2,4.493,0.528,3.29,0.6,0.518,0,0.804913
E00306,2024-07-01,BU09,Education,M2,4.534,0.615,3.71,0.6,0.557,0,0.688719
E00307,2024-07-01,BU06,IT,IC1,5.251,0.584,3.26,0.925,0.581,0,0.67912
E00308,2024-07-01,BU09,Finance,IC2,4.843,0.656,3.58,1.089,0.604,0,0.572645
E00309,2024-07-01,BU06,Operations,IC2,8.129,0.632,3.55,0.87,0.714,0,0.668067
E00310,2024-07-01,BU06,Admin,M1,5.394,0.567,3.23,0.6,0.57,0,0.779506
E00311,2024-07-01,BU05,Education,IC2,3.08,0.76,3.57,0.64,0.632,0,0.623279
E00312,2024-07-01,BU05,Education,IC3,0.162,0.528,3.34,0.728,0.493,0,0.717639
E00313,2024-07-01,BU02,Operations,IC1,0.35,0.482,3.15,0.6,0.707,0,0.88054
E00314,2024-07-01,BU08,IT,M1,8.63,0.68,3.6,0.885,0.568,0,0.587093
E00315,2024-07-01,BU08,Operations,IC2,5.602,0.388,3.3,0.6,0.749,0,0.842939
E00316,2024-07-01,BU01,Education,IC1,9.629,0.609,3.16,1.507,0.655,0,0.559183
E00317,2024-07-01,BU08,Clinical,IC3,10.308,0.587,3.09,0.728,0.751,0,0.807997
E00318,2024-07-01,BU05,Admin,IC1,5.791,0.614,3.16,1.128,0.402,0,0.603928
E00319,2024-07-01,BU02,Operations,IC1,7.992,0.687,3.42,1.334,0.582,0,0.567298
E00320,2024-07-01,BU02,Education,M1,6.949,0.562,2.84,0.696,0.609,0,0.806308
E00321,2024-07-01,BU06,IT,IC2,7.652,0.72,3.51,0.889,0.397,0,0.54945
E00322,2024-07-01,BU09,Education,IC3,10.026,0.6,3.53,0.6,0.665,0,0.759814
E00323,2024-07-01,BU01,IT,IC2,9.862,0.469,3.29,0.905,0.789,0,0.821298
E00324,2024-07-01,BU06,Operations,M1,6.215,0.63,3.57,0.6,0.687,0,0.759613
E00325,2024-07-01,BU09,IT,IC1,4.857,0.592,3.36,0.821,0.608,0,0.743781
E00326,2024-07-01,BU08,Finance,IC2,8.208,0.616,3.41,1.447,0.671,0,0.53382
E00327,2024-07-01,BU06,Finance,M2,1.87,0.446,3.55,0.6,0.626,0,0.819285
E00328,2024-07-01,BU03,Finance,M1,5.815,0.595,3.08,0.66,0.428,0,0.830099
E00329,2024-07-01,BU08,Clinical,IC2,3.31,0.495,3.72,0.838,0.802,0,0.755122
E00330,2024-07-01,BU09,Operations,IC2,10.319,0.567,3.51,0.69,0.631,0,0.768842
E00331,2024-07-01,BU01,Education,M1,5.665,0.495,3.6,0.691,0.462,0,0.678118
E00332,2024-07-01,BU09,Education,IC2,8.353,0.657,4.03,0.951,0.643,0,0.563554
E00333,2024-07-01,BU06,Clinical,M1,9.695,0.614,3.64,0.6,0.778,0,0.710868
E00334,2024-07-01,BU06,IT,M1,7.285,0.557,3.25,0.6,0.695,0,0.71298
E00335,2024-07-01,BU04,Clinical,IC1,6.294,0.491,3.11,0.607,0.76,0,0.889196
E00336,2024-07-01,BU01,IT,IC1,4.118,0.47,3.09,1.202,0.548,0,0.744368
E00337,2024-07-01,BU10,IT,IC3,10.16,0.696,3.51,0.716,0.663,0,0.691076
E00338,2024-07-01,BU08,Admin,IC1,8.339,0.511,3.13,0.984,0.407,0,0.681797
E00339,2024-07-01,BU02,Education,IC2,8.537,0.602,3.42,0.942,0.616,0,0.685432
E00340,2024-07-01,BU01,Finance,M2,1.747,0.523,3.68,0.6,0.529,0,0.713188
E00341,2024-07-01,BU02,IT,IC3,1.084,0.584,2.98,0.818,0.572,0,0.747235
E00342,2024-07-01,BU01,Admin,M1,5.131,0.589,3.84,0.6,0.77,0,0.731141
E00343,2024-07-01,BU01,Education,IC3,1.073,0.574,3.04,1.034,0.691,0,0.770514
E00344,2024-07-01,BU09,Finance,IC3,8.446,0.601,3.74,0.6,0.671,0,0.677846
E00345,2024-07-01,BU01,IT,IC1,3.14,0.648,4.11,0.6,0.597,0,0.612967
E00346,2024-07-01,BU04,IT,IC2,2.806,0.486,3.02,0.66,0.766,0,0.825841
E00347,2024-07-01,BU10,Clinical,IC2,8.58,0.572,3.5,0.641,0.745,0,0.817976
E00348,2024-07-01,BU06,Clinical,IC2,4.745,0.67,3.73,0.628,0.865,0,0.696051
E00349,2024-07-01,BU07,Education,M1,4.353,0.726,3.57,0.6,0.516,0,0.649961
E00350,2024-07-01,BU02,Finance,IC2,9.437,0.426,3.44,1.06,0.534,0,0.675965
E00351,2024-07-01,BU06,IT,IC2,0.0,0.567,3.49,0.628,0.662,0,0.792167
E00352,2024-07-01,BU07,Education,IC2,0.613,0.405,4.15,0.6,0.515,0,0.705032
E00353,2024-07-01,BU10,Education,IC1,8.821,0.655,3.18,0.634,0.518,0,0.743497
E00354,2024-07-01,BU10,Operations,IC2,0.739,0.583,3.5,0.668,0.573,1,0.83252
E00355,2024-07-01,BU02,Clinical,IC1,9.818,0.642,3.37,0.6,0.643,1,0.841473
E00356,2024-07-01,BU02,Finance,IC1,2.809,0.484,3.22,0.721,0.594,0,0.772522
E00357,2024-07-01,BU10,IT,IC1,10.081,0.559,3.41,1.415,0.638,0,0.609884
E00358,2024-07-01,BU07,Education,IC2,1.862,0.578,2.89,0.608,0.659,0,0.845331
E00359,2024-07-01,BU01,IT,M1,0.0,0.436,3.03,0.669,0.565,0,0.851265
E00360,2024-07-01,BU08,Operations,IC2,5.492,0.603,3.45,0.6,0.647,0,0.726866
E00361,2024-07-01,BU03,Finance,IC2,3.696,0.642,3.62,1.425,0.582,0,0.546456
E00362,2024-07-01,BU06,Education,IC3,1.183,0.432,2.9,1.232,0.559,0,0.768081
E00363,2024-07-01,BU09,IT,IC1,4.441,0.561,3.45,1.15,0.54,0,0.687242
E00364,2024-07-01,BU06,Clinical,M1,0.887,0.468,3.24,1.04,0.752,1,0.755057
E00365,2024-07-01,BU09,Operations,IC2,8.435,0.673,3.52,0.828,0.749,0,0.652371
E00366,2024-07-01,BU07,Finance,IC2,9.292,0.579,3.29,1.001,0.453,0,0.654677
E00367,2024-07-01,BU09,Operations,IC3,2.226,0.396,3.54,1.014,0.677,0,0.71382
E00368,2024-07-01,BU02,Clinical,IC1,2.853,0.638,3.72,0.997,0.669,0,0.621248
E00369,2024-07-01,BU08,Finance,IC3,1.013,0.415,3.78,0.6,0.702,0,0.771034
E00370,2024-07-01,BU08,Operations,IC2,3.713,0.677,2.72,1.026,0.665,0,0.712254
E00371,2024-07-01,BU02,Admin,M1,1.522,0.548,3.59,0.6,0.535,0,0.758434
E00372,2024-07-01,BU04,Clinical,IC1,6.957,0.712,3.63,0.857,0.84,0,0.693751
E00373,2024-07-01,BU07,Clinical,IC2,6.869,0.715,3.19,0.801,0.56,0,0.639733
E00374,2024-07-01,BU04,Clinical,IC3,10.363,0.68,3.67,0.831,0.809,0,0.698318
E00375,2024-07-01,BU04,Admin,IC1,2.705,0.545,2.76,0.995,0.733,0,0.828559
E00376,2024-07-01,BU06,Admin,IC2,7.628,0.615,3.99,0.901,0.368,0,0.551286
E00377,2024-07-01,BU10,IT,IC3,3.893,0.596,2.98,0.6,0.653,0,0.813255
E00378,2024-07-01,BU06,Education,M1,9.317,0.582,3.94,0.6,0.54,0,0.623138
E00379,2024-07-01,BU10,Operations,IC2,8.999,0.553,3.72,0.941,0.517,0,0.560401
E00380,2024-07-01,BU03,IT,M1,4.301,0.589,3.64,0.997,0.588,0,0.606803
E00381,2024-07-01,BU09,Operations,M2,4.936,0.502,2.76,0.877,0.574,0,0.796833
E00382,2024-07-01,BU10,Education,M1,7.647,0.5,3.65,0.6,0.56,0,0.713013
E00383,2024-07-01,BU02,Admin,IC1,1.561,0.559,3.38,1.284,0.612,0,0.607787
E00384,2024-07-01,BU06,Education,IC3,1.355,0.484,3.22,1.367,0.538,0,0.633102
E00385,2024-07-01,BU07,Admin,IC2,4.693,0.683,3.71,0.6,0.528,0,0.673563
E00386,2024-07-01,BU09,Education,M2,1.057,0.464,3.64,0.6,0.729,0,0.820188
E00387,2024-07-01,BU03,IT,IC2,1.3,0.602,2.38,1.006,0.544,0,0.730198
E00388,2024-07-01,BU10,Finance,IC1,5.328,0.583,3.29,1.551,0.549,0,0.5238
E00389,2024-07-01,BU03,IT,IC3,9.763,0.684,3.74,0.6,0.64,0,0.63728
E00390,2024-07-01,BU07,Operations,IC2,6.932,0.671,2.97,0.6,0.752,0,0.775486
E00391,2024-07-01,BU04,IT,M2,1.136,0.522,3.44,0.6,0.407,0,0.772398
E00392,2024-07-01,BU08,Clinical,M2,4.58,0.73,3.2,0.6,0.89,0,0.81208
E00393,2024-07-01,BU07,Operations,IC3,4.69,0.622,3.47,0.924,0.696,0,0.621162
E00394,2024-07-01,BU05,Education,IC1,0.0,0.461,2.33,1.088,0.539,0,0.79076
E00395,2024-07-01,BU07,Operations,IC3,5.804,0.621,3.55,0.639,0.664,0,0.687084
E00396,2024-07-01,BU03,Finance,IC1,10.483,0.62,3.24,1.069,0.428,0,0.584641
E00397,2024-07-01,BU02,Admin,IC1,2.954,0.715,2.79,1.07,0.302,0,0.655944
E00398,2024-07-01,BU06,Education,M1,6.029,0.565,3.28,1.017,0.71,0,0.734974
E00399,2024-07-01,BU02,Operations,IC1,5.725,0.581,3.02,0.958,0.609,0,0.745004
E00400,2024-07-01,BU03,Education,IC2,3.573,0.663,2.75,0.629,0.714,0,0.896254
E00401,2024-07-01,BU06,Education,M2,6.809,0.579,3.55,0.6,0.468,0,0.706263
E00402,2024-07-01,BU05,Education,IC2,5.484,0.639,3.23,0.791,0.589,0,0.696551
E00403,2024-07-01,BU08,Admin,IC2,7.247,0.414,3.37,0.6,0.499,0,0.788899
E00404,2024-07-01,BU09,IT,M1,7.786,0.398,3.66,0.6,0.496,0,0.748137
E00405,2024-07-01,BU03,Education,IC1,4.238,0.544,3.22,0.893,0.662,0,0.763012
E00406,2024-07-01,BU10,Clinical,M1,2.683,0.516,3.38,0.6,0.89,0,0.852723
E00407,2024-07-01,BU03,Finance,M2,7.321,0.614,3.37,0.629,0.6,0,0.718969
E00408,2024-07-01,BU03,Admin,M1,8.764,0.65,3.74,0.6,0.452,0,0.602786
E00409,2024-07-01,BU06,Operations,IC3,1.383,0.516,2.76,0.727,0.799,0,0.876244
E00410,2024-07-01,BU01,Admin,IC2,8.189,0.501,2.92,0.722,0.624,0,0.80968
E00411,2024-07-01,BU07,Operations,IC2,10.029,0.673,3.41,0.793,0.589,0,0.649978
E00412,2024-07-01,BU01,Admin,M1,3.387,0.591,3.4,0.6,0.445,0,0.731133
E00413,2024-07-01,BU05,Operations,M1,7.858,0.525,3.21,0.6,0.846,0,0.843988
E00414,2024-07-01,BU10,Education,IC2,0.862,0.534,3.67,0.849,0.576,0,0.664879
E00415,2024-07-01,BU08,IT,IC1,4.427,0.521,3.91,1.6,0.548,0,0.487574
E00416,2024-07-01,BU04,Operations,IC1,0.517,0.504,3.36,0.609,0.732,0,0.80521
E00417,2024-07-01,BU05,Operations,IC1,6.322,0.698,3.78,0.93,0.627,0,0.588732
E00418,2024-07-01,BU04,Clinical,IC3,0.679,0.611,2.98,0.91,0.735,0,0.744293
E00419,2024-07-01,BU04,Operations,IC2,5.812,0.549,3.36,0.776,0.608,0,0.734538
E00420,2024-07-01,BU08,Clinical,M1,4.164,0.574,4.09,0.762,0.613,0,0.550757
E00421,2024-07-01,BU02,Finance,IC3,2.053,0.52,2.89,0.6,0.597,0,0.814581
E00422,2024-07-01,BU01,Education,IC1,6.218,0.608,3.21,1.134,0.492,0,0.666855
E00423,2024-07-01,BU03,Clinical,IC3,9.684,0.684,3.47,0.6,0.631,0,0.692113
E00424,2024-07-01,BU09,IT,IC2,1.358,0.461,3.55,0.749,0.665,0,0.717826
E00425,2024-07-01,BU04,Education,IC3,0.649,0.745,3.05,0.608,0.617,0,0.712756
E00426,2024-07-01,BU10,Clinical,IC3,9.892,0.583,3.59,1.39,0.773,0,0.641122
E00427,2024-07-01,BU05,Education,M1,8.632,0.612,3.63,0.625,0.488,0,0.667265
E00428,2024-07-01,BU02,Education,M1,5.04,0.625,3.48,0.6,0.611,0,0.69993
E00429,2024-07-01,BU04,Education,IC2,2.1,0.627,3.86,0.6,0.707,0,0.707175
E00430,2024-07-01,BU02,Finance,IC1,2.776,0.526,2.67,0.945,0.594,0,0.801086
E00431,2024-07-01,BU02,IT,IC3,6.423,0.608,2.98,0.842,0.547,0,0.761207
E00432,2024-07-01,BU04,Admin,IC1,10.1,0.769,3.06,0.875,0.537,0,0.660139
E00433,2024-07-01,BU06,Admin,IC2,4.047,0.678,2.72,0.634,0.684,0,0.792947
E00434,2024-07-01,BU07,Clinical,IC1,6.166,0.68,3.31,0.726,0.573,0,0.759935
E00435,2024-07-01,BU10,Education,IC3,5.01,0.573,3.79,0.746,0.67,0,0.674717
E00436,2024-07-01,BU03,Clinical,IC1,4.025,0.518,3.78,1.262,0.809,0,0.647788
E00437,2024-07-01,BU03,Finance,IC3,7.973,0.547,2.82,1.034,0.538,0,0.765616
E00438,2024-07-01,BU10,Finance,M2,1.251,0.437,2.94,0.6,0.462,0,0.842275
E00439,2024-07-01,BU06,Operations,IC1,7.614,0.452,3.12,1.101,0.718,0,0.752117
E00440,2024-07-01,BU03,Finance,IC1,5.862,0.547,2.67,0.938,0.439,0,0.777003
E00441,2024-07-01,BU02,Operations,IC2,4.994,0.473,3.36,0.793,0.499,0,0.730957
E00442,2024-07-01,BU08,IT,M1,1.782,0.481,3.84,0.6,0.432,0,0.65287
E00443,2024-07-01,BU05,Clinical,IC1,5.933,0.696,3.01,1.088,0.606,0,0.695137
E00444,2024-07-01,BU01,IT,IC2,10.281,0.505,3.33,0.843,0.532,0,0.734561
E00445,2024-07-01,BU03,Finance,IC1,7.307,0.636,3.53,0.659,0.586,0,0.685896
E00446,2024-07-01,BU10,IT,M1,5.897,0.604,3.36,0.6,0.753,0,0.823845
E00447,2024-07-01,BU08,IT,IC2,1.142,0.729,3.8,1.294,0.606,0,0.451275
E00448,2024-07-01,BU04,IT,M1,1.243,0.57,3.38,0.6,0.681,0,0.695521
E00449,2024-07-01,BU07,Finance,M1,5.873,0.571,3.79,0.609,0.347,0,0.599235
E00450,2024-07-01,BU10,Education,IC1,4.011,0.652,3.82,1.328,0.534,0,0.478319
E00451,2024-07-01,BU02,IT,M1,7.395,0.734,3.54,0.6,0.403,0,0.591849
E00452,2024-07-01,BU07,Operations,IC1,10.231,0.561,3.17,1.108,0.606,0,0.703408
E00453,2024-07-01,BU05,Finance,M1,5.577,0.6,3.69,0.733,0.357,0,0.60977
E00454,2024-07-01,BU05,IT,IC3,3.606,0.548,3.56,0.6,0.619,0,0.765673
E00455,2024-07-01,BU06,Education,M1,1.248,0.551,3.51,0.6,0.709,0,0.777281
E00456,2024-07-01,BU09,Finance,IC1,1.024,0.573,3.03,1.051,0.509,0,0.710355
E00457,2024-07-01,BU06,Admin,IC1,5.046,0.443,3.97,1.561,0.46,0,0.434172
E00458,2024-07-01,BU08,Education,IC2,6.434,0.642,3.45,0.848,0.698,0,0.730282
E00459,2024-07-01,BU07,Operations,IC2,6.858,0.559,3.24,0.606,0.904,0,0.862622
E00460,2024-07-01,BU09,IT,IC1,9.027,0.638,3.47,0.687,0.503,0,0.652944
E00461,2024-07-01,BU04,Admin,IC2,7.324,0.554,3.73,1.009,0.662,0,0.651544
E00462,2024-07-01,BU02,Admin,IC1,0.769,0.634,3.97,0.896,0.54,0,0.568498
E00463,2024-07-01,BU07,Finance,IC2,1.413,0.583,3.53,0.775,0.407,0,0.648864
E00464,2024-07-01,BU06,Admin,M1,7.595,0.508,2.74,0.678,0.367,0,0.808943
E00465,2024-07-01,BU01,Operations,IC2,0.909,0.507,3.55,0.6,0.478,0,0.763003
E00466,2024-07-01,BU09,Operations,IC1,9.711,0.6,4.21,1.6,0.71,0,0.392292
E00467,2024-07-01,BU09,Clinical,IC2,3.283,0.583,3.64,0.61,0.526,0,0.704834
E00468,2024-07-01,BU02,Operations,IC1,5.533,0.632,3.63,0.984,0.667,0,0.604028
E00469,2024-07-01,BU03,Education,M2,7.162,0.431,3.25,0.6,0.38,0,0.788232
E00470,2024-07-01,BU05,Admin,IC1,3.031,0.574,3.51,0.714,0.473,0,0.717978
E00471,2024-07-01,BU05,Operations,IC3,3.721,0.641,3.48,1.011,0.435,0,0.579898
E00472,2024-07-01,BU01,Finance,M2,9.04,0.553,3.0,0.6,0.582,0,0.81628
E00473,2024-07-01,BU08,Clinical,M1,10.179,0.687,2.76,0.741,0.666,0,0.778147
E00474,2024-07-01,BU08,Admin,IC3,0.301,0.397,3.55,0.637,0.456,0,0.823658
E00475,2024-07-01,BU04,Clinical,M1,7.222,0.566,2.97,0.666,0.806,0,0.796547
E00476,2024-07-01,BU07,Admin,M2,3.493,0.62,3.57,0.6,0.458,0,0.74745
E00477,2024-07-01,BU10,Finance,IC3,9.229,0.667,3.9,0.701,0.554,0,0.572533
E00478,2024-07-01,BU03,Clinical,IC3,8.43,0.544,3.24,0.6,0.735,0,0.812332
E00479,2024-07-01,BU06,IT,IC3,9.58,0.578,2.86,0.6,0.633,0,0.770382
E00480,2024-07-01,BU10,Education,IC2,10.442,0.618,3.64,0.6,0.694,0,0.755007
E00481,2024-07-01,BU10,Education,IC3,7.726,0.678,3.33,0.735,0.592,0,0.712263
E00482,2024-07-01,BU09,Admin,IC2,0.06,0.443,3.84,1.338,0.316,0,0.493148
E00483,2024-07-01,BU01,IT,IC1,6.149,0.68,2.99,0.6,0.696,0,0.806434
E00484,2024-07-01,BU05,Clinical,IC1,7.619,0.572,3.82,0.784,0.57,0,0.714629
E00485,2024-07-01,BU04,IT,IC1,10.251,0.576,3.72,0.897,0.511,0,0.645514
E00486,2024-07-01,BU08,IT,IC2,9.599,0.542,3.14,0.727,0.446,0,0.718611
E00487,2024-07-01,BU01,Clinical,IC1,3.307,0.436,3.48,1.237,0.641,0,0.621666
E00488,2024-07-01,BU09,Finance,IC3,1.478,0.439,3.44,0.6,0.512,0,0.784408
E00489,2024-07-01,BU06,IT,IC2,0.057,0.341,3.19,0.695,0.589,0,0.804652
E00490,2024-07-01,BU04,IT,M1,9.347,0.737,3.42,0.694,0.422,0,0.61295
E00491,2024-07-01,BU09,Finance,IC1,7.899,0.534,2.99,1.152,0.568,0,0.705459
E00492,2024-07-01,BU05,IT,IC1,8.745,0.517,3.34,1.087,0.643,0,0.723459
E00493,2024-07-01,BU05,IT,IC3,8.162,0.558,3.55,0.634,0.659,0,0.751902
E00494,2024-07-01,BU05,IT,IC3,3.953,0.415,3.64,0.875,0.551,0,0.727527
E00495,2024-07-01,BU01,Education,IC1,9.739,0.589,2.7,0.716,0.421,0,0.744158
E00496,2024-07-01,BU01,Operations,M1,0.553,0.5,3.67,0.6,0.526,0,0.707499
E00497,2024-07-01,BU08,Finance,M1,3.381,0.425,3.28,0.709,0.594,0,0.781069
E00498,2024-07-01,BU08,IT,IC2,0.868,0.64,3.21,0.6,0.496,0,0.692347
E00499,2024-07-01,BU06,Education,IC2,1.399,0.725,3.1,0.744,0.547,0,0.75364
E00500,2024-07-01,BU04,Finance,M2,1.248,0.54,3.58,0.6,0.52,0,0.743088
E00001,2024-08-01,BU03,Operations,IC2,4.498,0.611,3.09,0.93,0.56,0,0.709944
E00002,2024-08-01,BU05,Education,IC2,7.409,0.659,3.33,1.6,0.627,0,0.545699
E00003,2024-08-01,BU01,Operations,IC2,0.0,0.528,3.64,0.661,0.514,0,0.737267
E00004,2024-08-01,BU01,Clinical,IC1,3.042,0.588,3.06,1.12,0.832,0,0.670805
E00005,2024-08-01,BU10,Finance,IC2,6.313,0.612,4.13,0.6,0.647,0,0.636326
E00006,2024-08-01,BU09,IT,M2,3.806,0.519,3.41,0.6,0.555,1,0.824481
E00007,2024-08-01,BU07,Operations,IC1,1.216,0.643,3.22,1.062,0.601,0,0.632414
E00008,2024-08-01,BU01,Finance,IC1,8.435,0.653,2.95,1.479,0.529,0,0.62221
E00009,2024-08-01,BU08,Clinical,IC2,3.734,0.607,2.8,0.6,0.65,0,0.836901
E00010,2024-08-01,BU03,Admin,M1,0.0,0.584,3.28,0.657,0.513,0,0.750604
E00011,2024-08-01,BU08,Education,IC3,0.329,0.518,3.33,0.639,0.364,0,0.746491
E00012,2024-08-01,BU05,Finance,IC3,2.872,0.45,3.39,0.6,0.48,0,0.818546
E00013,2024-08-01,BU01,Finance,IC1,6.242,0.598,2.67,0.903,0.446,0,0.77627
E00014,2024-08-01,BU07,Admin,IC3,6.842,0.584,3.29,1.191,0.412,0,0.613717
E00015,2024-08-01,BU05,Finance,IC2,3.305,0.553,3.2,0.6,0.592,0,0.754605
E00016,2024-08-01,BU06,Clinical,M1,2.787,0.607,3.39,0.6,0.687,0,0.781724
E00017,2024-08-01,BU06,Clinical,IC3,8.216,0.433,3.11,0.6,0.66,0,0.827695
E00018,2024-08-01,BU08,Admin,IC1,4.862,0.589,3.47,0.757,0.488,0,0.711072
E00019,2024-08-01,BU09,Education,IC1,5.938,0.769,3.97,1.588,0.549,0,0.360241
E00020,2024-08-01,BU02,IT,IC1,9.394,0.694,3.7,0.879,0.421,0,0.514555
E00021,2024-08-01,BU09,Operations,IC2,3.559,0.581,3.93,1.22,0.738,0,0.580651
E00022,2024-08-01,BU10,IT,IC2,5.418,0.57,3.48,1.105,0.498,0,0.583944
E00023,2024-08-01,BU09,Finance,IC3,9.306,0.753,3.83,0.6,0.602,0,0.649068
E00024,2024-08-01,BU10,Operations,IC2,6.491,0.568,3.11,0.645,0.757,0,0.79373
E00025,2024-08-01,BU10,Admin,IC2,10.576,0.648,4.12,0.6,0.407,0,0.508578
E00026,2024-08-01,BU07,Admin,IC1,1.087,0.467,3.76,0.693,0.532,1,0.767847
E00027,2024-08-01,BU01,Education,IC1,4.983,0.716,4.21,0.989,0.634,1,0.550494
E00028,2024-08-01,BU07,Operations,M1,2.029,0.544,2.81,0.6,0.796,0,0.869775
E00029,2024-08-01,BU10,Clinical,IC1,10.179,0.618,3.25,0.715,0.778,0,0.743298
E00030,2024-08-01,BU05,Operations,IC3,0.0,0.582,3.88,0.6,0.547,0,0.650878
E00031,2024-08-01,BU06,Finance,M1,0.556,0.453,3.77,0.6,0.353,0,0.718444
E00032,2024-08-01,BU10,Clinical,IC3,1.065,0.427,4.3,0.6,0.811,0,0.727602
E00033,2024-08-01,BU07,Admin,M1,8.074,0.594,3.38,0.6,0.486,0,0.724158
E00034,2024-08-01,BU05,Operations,IC2,3.88,0.446,3.17,0.794,0.632,0,0.743931
E00035,2024-08-01,BU07,IT,M2,7.346,0.54,3.29,0.6,0.545,0,0.743098
E00036,2024-08-01,BU09,Education,IC1,1.911,0.66,3.35,0.612,0.544,0,0.682217
E00037,2024-08-01,BU03,IT,IC1,8.528,0.523,2.85,1.6,0.737,0,0.666784
E00038,2024-08-01,BU08,Education,IC3,6.571,0.534,3.39,0.6,0.566,0,0.804272
E00039,2024-08-01,BU02,Finance,M2,8.323,0.607,3.21,0.6,0.469,0,0.772792
E00040,2024-08-01,BU07,IT,M1,3.866,0.579,3.43,0.6,0.429,0,0.706742
E00041,2024-08-01,BU02,Operations,IC1,6.097,0.663,2.39,1.6,0.702,0,0.715389
E00042,2024-08-01,BU04,Operations,IC2,1.714,0.638,3.21,0.603,0.606,0,0.792941
E00043,2024-08-01,BU07,IT,M2,4.35,0.675,3.39,0.674,0.638,0,0.691413
E00044,2024-08-01,BU03,Operations,IC2,9.574,0.668,3.26,0.772,0.46,0,0.675577
E00045,2024-08-01,BU02,Finance,M1,7.269,0.565,3.01,0.6,0.417,0,0.724369
E00046,2024-08-01,BU10,Clinical,M1,1.634,0.574,3.49,0.711,0.651,0,0.709216
E00047,2024-08-01,BU07,Finance,IC2,8.893,0.683,2.44,0.6,0.551,0,0.812002
E00048,2024-08-01,BU01,Education,IC2,1.355,0.612,2.78,0.6,0.568,0,0.816517
E00049,2024-08-01,BU08,Finance,IC2,1.621,0.496,3.86,0.657,0.539,0,0.728036
E00050,2024-08-01,BU03,Education,IC1,0.898,0.639,2.89,0.6,0.549,0,0.788817
E00051,2024-08-01,BU02,Operations,M1,6.067,0.451,3.5,0.6,0.983,0,0.872569
E00052,2024-08-01,BU03,Clinical,IC2,8.652,0.536,3.21,1.074,0.65,0,0.765078
E00053,2024-08-01,BU05,Operations,M1,7.316,0.641,3.26,0.622,0.877,0,0.836924
E00054,2024-08-01,BU08,Admin,IC1,4.383,0.511,3.1,1.402,0.384,0,0.647208
E00055,2024-08-01,BU10,Operations,M2,2.784,0.656,3.65,0.6,0.722,0,0.70274
E00056,2024-08-01,BU07,Education,IC2,8.238,0.692,3.73,1.074,0.516,0,0.545337
E00057,2024-08-01,BU07,Operations,IC1,10.253,0.567,3.34,0.884,0.516,0,0.766493
E00058,2024-08-01,BU07,Operations,IC1,7.359,0.517,3.33,0.741,0.64,0,0.806175
E00059,2024-08-01,BU08,Clinical,IC3,8.63,0.63,3.48,1.023,0.706,0,0.671721
E00060,2024-08-01,BU01,Operations,IC3,2.916,0.663,3.25,0.6,0.636,0,0.732492
E00061,2024-08-01,BU04,Clinical,M1,7.269,0.685,2.52,0.6,0.647,0,0.86262
E00062,2024-08-01,BU06,IT,IC1,8.706,0.491,3.16,1.244,0.42,0,0.670032
E00063,2024-08-01,BU09,Admin,IC1,5.254,0.531,3.59,1.187,0.613,0,0.524174
E00064,2024-08-01,BU02,Clinical,IC2,5.298,0.592,3.2,0.6,0.666,0,0.791211
E00065,2024-08-01,BU01,Education,IC2,1.194,0.304,3.66,1.083,0.585,0,0.704077
E00066,2024-08-01,BU10,IT,IC2,7.083,0.648,3.47,0.6,0.575,0,0.726159
E00067,2024-08-01,BU02,Clinical,M2,4.882,0.658,3.68,0.6,0.75,0,0.743413
E00068,2024-08-01,BU07,Clinical,M2,9.032,0.568,3.58,0.603,0.628,0,0.756195
E00069,2024-08-01,BU03,Admin,M2,1.235,0.57,2.85,0.645,0.558,0,0.801939
E00070,2024-08-01,BU10,Education,M1,8.816,0.782,3.5,0.6,0.633,0,0.636129
E00071,2024-08-01,BU02,Finance,IC2,0.786,0.49,3.41,0.932,0.503,0,0.675487
E00072,2024-08-01,BU07,Finance,IC2,7.069,0.591,3.02,1.062,0.347,0,0.627726
E00073,2024-08-01,BU02,Clinical,IC2,2.784,0.661,3.69,0.897,0.734,0,0.66026
E00074,2024-08-01,BU03,Operations,M1,4.238,0.589,2.83,0.6,0.391,0,0.749781
E00075,2024-08-01,BU07,Education,IC1,2.407,0.601,3.78,1.294,0.491,0,0.545743
E00076,2024-08-01,BU04,IT,IC2,3.08,0.63,2.77,0.87,0.685,0,0.812289
E00077,2024-08-01,BU01,Operations,IC1,5.733,0.341,3.14,0.6,0.631,0,0.868725
E00078,2024-08-01,BU05,Operations,IC2,8.701,0.533,2.76,0.6,0.643,0,0.851842
E00079,2024-08-01,BU09,Education,M1,6.478,0.6,3.95,0.6,0.639,0,0.643766
E00080,2024-08-01,BU08,Clinical,M1,2.642,0.53,3.26,0.85,0.682,0,0.753651
E00081,2024-08-01,BU09,Clinical,IC1,0.865,0.462,3.29,1.5,0.744,0,0.631086
E00082,2024-08-01,BU10,Clinical,M2,1.796,0.482,3.21,0.698,0.79,0,0.837647
E00083,2024-08-01,BU09,Clinical,IC3,1.796,0.413,3.24,0.622,0.506,0,0.799105
E00084,2024-08-01,BU07,Finance,IC1,9.667,0.589,3.6,1.195,0.49,0,0.54436
E00085,2024-08-01,BU04,Clinical,IC2,2.53,0.54,2.99,0.6,0.718,0,0.848896
E00086,2024-08-01,BU05,Finance,IC2,4.151,0.523,3.48,0.721,0.6,0,0.73048
E00087,2024-08-01,BU01,Finance,IC1,2.015,0.466,3.16,1.042,0.355,1,0.706502
E00088,2024-08-01,BU01,Clinical,M2,2.992,0.508,3.17,0.6,0.77,0,0.860105
E00089,2024-08-01,BU03,Admin,IC2,9.821,0.55,3.12,0.758,0.321,0,0.702799
E00090,2024-08-01,BU08,IT,M1,2.85,0.642,3.44,0.944,0.55,0,0.675176
E00091,2024-08-01,BU02,Operations,IC2,3.496,0.57,3.6,0.959,0.477,0,0.611148
E00092,2024-08-01,BU04,Finance,IC1,0.0,0.664,3.3,1.237,0.642,0,0.568213
E00093,2024-08-01,BU02,Education,IC2,7.762,0.631,3.21,0.6,0.491,0,0.747437
E00094,2024-08-01,BU05,Education,IC1,10.437,0.511,3.97,1.505,0.583,0,0.473627
E00095,2024-08-01,BU09,IT,IC2,3.253,0.553,4.3,0.768,0.522,0,0.538699
E00096,2024-08-01,BU01,Education,M1,8.244,0.583,3.47,0.6,0.572,0,0.730847
E00097,2024-08-01,BU05,Admin,IC2,8.11,0.566,3.19,0.705,0.441,0,0.665716
E00098,2024-08-01,BU09,Education,IC3,10.418,0.53,3.97,0.6,0.453,0,0.668583
E00099,2024-08-01,BU01,Operations,IC1,0.0,0.51,3.04,1.383,0.565,0,0.633262
E00100,2024-08-01,BU09,Operations,IC1,6.571,0.73,3.4,0.765,0.428,0,0.61942
E00101,2024-08-01,BU08,Finance,IC1,1.098,0.539,2.95,0.764,0.52,0,0.741376
E00102,2024-08-01,BU04,Clinical,IC3,4.309,0.667,2.92,0.627,0.832,0,0.811904
E00103,2024-08-01,BU10,Admin,IC1,1.582,0.56,3.34,1.39,0.475,0,0.578496
E00104,2024-08-01,BU05,Finance,IC2,2.029,0.622,3.18,0.814,0.65,0,0.733334
E00105,2024-08-01,BU05,Admin,IC3,3.901,0.593,2.55,0.6,0.53,0,0.839611
E00106,2024-08-01,BU06,Clinical,IC2,2.303,0.605,3.15,0.871,0.798,0,0.70803
E00107,2024-08-01,BU07,Education,IC1,3.296,0.588,3.09,0.626,0.62,0,0.770945
E00108,2024-08-01,BU08,Education,IC2,9.161,0.581,3.95,0.6,0.49,0,0.650868
E00109,2024-08-01,BU08,Clinical,M1,9.634,0.552,2.91,0.886,0.734,0,0.803832
E00110,2024-08-01,BU02,Finance,IC3,4.356,0.553,3.77,0.782,0.532,0,0.598441
E00111,2024-08-01,BU09,Clinical,IC2,3.614,0.631,2.92,0.753,0.584,0,0.74043
E00112,2024-08-01,BU07,IT,IC1,3.105,0.531,3.52,0.821,0.612,0,0.729938
E00113,2024-08-01,BU04,Operations,M2,6.048,0.567,3.74,0.744,0.717,0,0.735971
E00114,2024-08-01,BU04,Finance,IC3,7.729,0.481,2.2,1.6,0.52,0,0.756752
E00115,2024-08-01,BU08,Admin,IC2,2.823,0.676,3.7,0.888,0.576,0,0.614995
E00116,2024-08-01,BU04,IT,M1,4.797,0.539,2.92,0.6,0.499,0,0.851218
E00117,2024-08-01,BU06,Finance,IC2,0.411,0.444,3.45,0.766,0.557,0,0.744349
E00118,2024-08-01,BU05,Clinical,IC2,8.055,0.565,2.87,0.914,0.652,0,0.779381
E00119,2024-08-01,BU03,Clinical,IC3,10.387,0.595,4.04,0.6,0.729,0,0.711838
E00120,2024-08-01,BU10,Clinical,IC1,8.496,0.62,3.52,1.062,0.665,0,0.62637
E00121,2024-08-01,BU02,Clinical,M2,5.596,0.42,2.35,0.6,0.927,0,0.947406
E00122,2024-08-01,BU09,Admin,IC3,7.784,0.567,3.53,0.969,0.611,0,0.681712
E00123,2024-08-01,BU10,IT,IC3,10.286,0.559,3.07,0.944,0.389,0,0.724022
E00124,2024-08-01,BU09,Education,IC1,5.659,0.622,3.43,0.993,0.84,0,0.666518
E00125,2024-08-01,BU01,Operations,IC1,0.994,0.593,3.33,1.57,0.659,0,0.535912
E00126,2024-08-01,BU10,Admin,IC2,3.847,0.619,3.1,1.506,0.279,0,0.459822
E00127,2024-08-01,BU03,Admin,M1,4.057,0.601,3.36,0.6,0.531,0,0.738483
E00128,2024-08-01,BU08,Education,IC2,0.512,0.581,3.8,0.876,0.527,0,0.604595
E00129,2024-08-01,BU06,Education,IC2,2.409,0.543,2.78,0.6,0.517,0,0.841092
E00130,2024-08-01,BU05,Operations,IC3,0.616,0.447,2.85,0.6,0.622,0,0.821627
E00131,2024-08-01,BU05,Operations,IC1,0.89,0.427,3.52,0.626,0.793,0,0.846434
E00132,2024-08-01,BU06,Education,IC3,7.641,0.502,3.76,0.6,0.518,0,0.675366
E00133,2024-08-01,BU07,Clinical,IC1,4.564,0.576,3.11,0.673,0.77,0,0.858075
E00134,2024-08-01,BU01,Admin,M2,9.903,0.588,3.63,0.6,0.715,0,0.699877
E00135,2024-08-01,BU09,Finance,IC2,6.987,0.687,3.26,0.694,0.499,0,0.671978
E00136,2024-08-01,BU03,Operations,IC1,7.562,0.592,2.83,1.338,0.562,0,0.737468
E00137,2024-08-01,BU04,Operations,IC2,6.108,0.479,3.14,0.6,0.748,0,0.836906
E00138,2024-08-01,BU10,Education,IC2,4.214,0.566,3.4,0.6,0.504,0,0.703086
E00139,2024-08-01,BU01,IT,M1,4.099,0.751,3.48,0.6,0.398,0,0.6248
E00140,2024-08-01,BU10,Finance,IC3,0.0,0.434,3.4,0.621,0.417,1,0.918572
E00141,2024-08-01,BU03,Finance,IC3,6.639,0.801,2.48,0.6,0.528,0,0.82464
E00142,2024-08-01,BU02,Operations,IC1,4.222,0.589,3.27,0.918,0.717,0,0.785817
E00143,2024-08-01,BU02,Clinical,IC1,0.099,0.509,3.03,0.64,0.678,0,0.881365
E00144,2024-08-01,BU01,IT,IC1,8.219,0.532,2.89,0.998,0.511,1,0.75628
E00145,2024-08-01,BU08,Finance,IC3,4.731,0.553,3.46,1.498,0.72,0,0.62186
E00146,2024-08-01,BU03,Operations,M1,8.621,0.518,2.97,0.6,0.526,0,0.817884
E00147,2024-08-01,BU03,Finance,IC2,1.188,0.477,3.58,0.681,0.443,0,0.735902
E00148,2024-08-01,BU06,IT,IC1,2.335,0.561,3.15,0.73,0.468,0,0.746193
E00149,2024-08-01,BU08,IT,IC3,6.382,0.578,3.2,0.6,0.43,0,0.764424
E00150,2024-08-01,BU09,Admin,M1,5.402,0.585,3.11,0.703,0.533,0,0.732804
E00151,2024-08-01,BU09,Education,IC3,7.261,0.557,2.91,0.789,0.684,0,0.829367
E00152,2024-08-01,BU04,Education,M1,0.0,0.515,3.07,0.741,0.749,0,0.785679
E00153,2024-08-01,BU05,Operations,IC2,1.467,0.562,3.36,0.785,0.586,0,0.700957
E00154,2024-08-01,BU02,IT,IC1,3.885,0.666,3.15,0.6,0.404,0,0.716564
E00155,2024-08-01,BU09,Admin,M1,2.574,0.495,3.61,0.6,0.56,0,0.740812
E00156,2024-08-01,BU08,Admin,IC3,4.542,0.662,3.31,0.787,0.462,0,0.664283
E00157,2024-08-01,BU03,Finance,IC2,10.245,0.604,3.04,0.824,0.489,0,0.751214
E00158,2024-08-01,BU09,Finance,IC3,10.157,0.686,4.04,0.985,0.299,0,0.454612
E00159,2024-08-01,BU03,Admin,M1,2.105,0.57,3.7,0.6,0.446,0,0.666907
E00160,2024-08-01,BU09,Finance,IC3,0.408,0.525,3.36,0.6,0.615,0,0.817308
E00161,2024-08-01,BU02,IT,IC3,2.067,0.584,3.54,0.6,0.761,0,0.773698
E00162,2024-08-01,BU10,Clinical,IC2,6.891,0.693,3.47,0.905,0.621,0,0.602815
E00163,2024-08-01,BU09,IT,IC2,1.706,0.657,3.35,0.923,0.522,0,0.645869
E00164,2024-08-01,BU08,Admin,IC2,7.592,0.647,3.76,1.032,0.575,0,0.578018
E00165,2024-08-01,BU09,Admin,M1,3.765,0.669,3.04,0.6,0.488,0,0.771079
E00166,2024-08-01,BU05,IT,M1,4.98,0.565,3.06,0.6,0.469,0,0.840616
E00167,2024-08-01,BU02,Finance,M1,3.11,0.631,3.24,0.6,0.615,0,0.756374
E00168,2024-08-01,BU08,Finance,IC1,0.0,0.641,3.57,1.595,0.58,0,0.455937
E00169,2024-08-01,BU06,Education,IC3,1.966,0.576,3.83,0.6,0.613,0,0.711194
E00170,2024-08-01,BU08,Admin,M1,5.648,0.67,2.72,0.623,0.482,0,0.744699
E00171,2024-08-01,BU05,Operations,IC3,10.231,0.474,4.03,0.7,0.66,0,0.673811
E00172,2024-08-01,BU10,Education,M1,7.943,0.578,2.71,0.6,0.579,0,0.839799
E00173,2024-08-01,BU02,Finance,M1,0.808,0.651,3.15,0.862,0.45,0,0.665598
E00174,2024-08-01,BU06,IT,IC2,2.606,0.52,3.8,1.284,0.618,0,0.5756
E00175,2024-08-01,BU05,Finance,IC2,0.334,0.468,3.63,0.6,0.387,0,0.735374
E00176,2024-08-01,BU05,IT,IC1,4.799,0.521,3.29,0.6,0.588,0,0.741665
E00177,2024-08-01,BU01,Education,IC2,2.99,0.453,3.68,0.68,0.567,0,0.743298
E00178,2024-08-01,BU02,Admin,IC3,1.78,0.526,3.63,0.624,0.588,0,0.729307
E00179,2024-08-01,BU08,Finance,M1,6.598,0.624,3.35,0.6,0.517,0,0.812303
E00180,2024-08-01,BU03,IT,IC1,10.461,0.525,3.58,1.6,0.728,0,0.578536
E00181,2024-08-01,BU10,Admin,IC1,9.659,0.492,3.92,0.947,0.438,0,0.633371
E00182,2024-08-01,BU03,Operations,IC3,0.611,0.499,3.24,0.745,0.657,0,0.778039
E00183,2024-08-01,BU08,IT,IC1,7.192,0.486,3.33,1.015,0.803,0,0.762819
E00184,2024-08-01,BU08,Education,IC1,3.849,0.608,3.51,0.77,0.551,0,0.669843
E00185,2024-08-01,BU02,Operations,IC1,9.336,0.677,3.21,0.6,0.599,0,0.784407
E00186,2024-08-01,BU08,Operations,IC1,7.691,0.539,3.83,0.982,0.801,0,0.686614
E00187,2024-08-01,BU01,Clinical,IC1,10.108,0.704,3.09,1.6,0.686,0,0.553561
E00188,2024-08-01,BU06,Finance,IC2,6.533,0.556,3.36,0.6,0.494,0,0.751031
E00189,2024-08-01,BU08,IT,IC2,9.897,0.584,3.79,0.6,0.547,0,0.714284
E00190,2024-08-01,BU03,Operations,M1,3.543,0.565,3.35,1.047,0.705,0,0.720995
E00191,2024-08-01,BU08,Clinical,IC2,10.198,0.602,3.98,0.922,0.675,0,0.611123
E00192,2024-08-01,BU01,Education,IC3,0.296,0.526,3.02,0.722,0.605,0,0.802676
E00193,2024-08-01,BU09,Admin,IC1,9.645,0.785,2.87,1.508,0.462,0,0.539019
E00194,2024-08-01,BU09,IT,IC1,9.366,0.731,3.12,0.656,0.63,0,0.754366
E00195,2024-08-01,BU05,Operations,IC3,9.147,0.495,3.79,0.658,0.684,0,0.705923
E00196,2024-08-01,BU10,Finance,IC1,5.473,0.574,2.79,1.324,0.562,0,0.651666
E00197,2024-08-01,BU04,Clinical,IC2,4.367,0.624,3.0,1.546,0.766,0,0.637253
E00198,2024-08-01,BU06,Operations,IC3,6.188,0.53,3.18,0.6,0.527,0,0.777391
E00199,2024-08-01,BU07,Finance,IC3,9.862,0.506,3.83,0.982,0.534,0,0.608793
E00200,2024-08-01,BU05,Operations,IC1,10.428,0.628,3.4,1.076,0.695,0,0.631648
E00201,2024-08-01,BU10,IT,IC2,7.811,0.677,3.76,0.811,0.593,0,0.636357
E00202,2024-08-01,BU09,IT,IC3,8.997,0.582,3.73,0.649,0.668,0,0.691782
E00203,2024-08-01,BU03,IT,IC1,6.445,0.686,3.32,0.6,0.584,0,0.756281
E00204,2024-08-01,BU07,Education,IC3,0.684,0.525,3.62,0.84,0.507,0,0.684881
E00205,2024-08-01,BU10,Education,IC3,5.185,0.599,3.65,0.6,0.718,0,0.734339
E00206,2024-08-01,BU10,Clinical,M2,4.057,0.554,4.12,0.6,0.638,0,0.637466
E00207,2024-08-01,BU05,IT,IC1,6.987,0.572,2.92,1.268,0.388,0,0.626704
E00208,2024-08-01,BU07,Finance,M1,4.58,0.64,3.64,0.678,0.467,0,0.669916
E00209,2024-08-01,BU02,Operations,IC2,0.151,0.46,3.52,0.723,0.752,0,0.838238
E00210,2024-08-01,BU04,Admin,IC2,3.535,0.473,3.32,1.057,0.721,0,0.745303
E00211,2024-08-01,BU02,Finance,IC1,0.427,0.659,2.81,1.492,0.549,0,0.667836
E00212,2024-08-01,BU07,Education,IC3,10.579,0.606,3.54,1.021,0.58,0,0.662798
E00213,2024-08-01,BU02,Education,IC1,4.679,0.682,2.78,0.722,0.68,0,0.837007
E00214,2024-08-01,BU01,Finance,IC2,3.209,0.511,3.39,1.084,0.527,0,0.680784
E00215,2024-08-01,BU09,Education,IC1,5.807,0.542,3.63,0.989,0.631,0,0.581682
E00216,2024-08-01,BU01,IT,M1,6.845,0.591,3.72,0.896,0.508,0,0.576663
E00217,2024-08-01,BU08,Clinical,M1,9.139,0.527,3.44,0.6,0.752,0,0.782389
E00218,2024-08-01,BU02,Operations,IC3,4.679,0.558,3.42,0.6,0.704,0,0.760271
E00219,2024-08-01,BU08,Clinical,IC2,4.701,0.485,3.17,0.6,0.773,0,0.808052
E00220,2024-08-01,BU03,Operations,IC1,0.526,0.481,2.9,1.019,0.54,0,0.762561
E00221,2024-08-01,BU06,Operations,IC3,10.519,0.515,3.27,0.724,0.678,0,0.802617
E00222,2024-08-01,BU03,Clinical,IC2,2.431,0.571,3.42,0.849,0.552,0,0.64034
E00223,2024-08-01,BU07,Finance,IC1,0.0,0.503,2.85,1.023,0.711,0,0.771076
E00224,2024-08-01,BU10,Operations,IC3,5.369,0.488,3.26,0.788,0.836,0,0.795058
E00225,2024-08-01,BU09,Clinical,M2,8.569,0.48,3.53,0.6,0.797,0,0.7826
E00226,2024-08-01,BU02,Operations,IC3,7.198,0.504,3.35,0.6,0.715,0,0.787644
E00227,2024-08-01,BU05,Admin,IC3,0.022,0.526,3.93,0.6,0.454,0,0.638235
E00228,2024-08-01,BU06,Finance,M2,7.168,0.686,2.56,0.671,0.453,0,0.835703
E00229,2024-08-01,BU04,IT,IC1,7.622,0.539,3.33,1.075,0.383,0,0.596739
E00230,2024-08-01,BU04,Operations,IC3,1.555,0.558,3.36,0.6,0.774,0,0.811176
E00231,2024-08-01,BU04,Admin,M2,8.194,0.571,2.87,0.6,0.544,0,0.78646
E00232,2024-08-01,BU02,IT,IC1,8.183,0.649,2.93,1.6,0.574,0,0.567006
E00233,2024-08-01,BU04,IT,IC3,7.094,0.595,3.75,0.6,0.59,0,0.782785
E00234,2024-08-01,BU01,Operations,IC3,4.372,0.565,3.1,0.714,0.565,0,0.710008
E00235,2024-08-01,BU06,Clinical,IC3,7.198,0.632,2.83,0.6,0.657,0,0.822154
E00236,2024-08-01,BU01,Operations,IC3,2.042,0.6,3.85,0.824,0.672,0,0.646511
E00237,2024-08-01,BU10,Admin,M1,10.237,0.682,3.35,0.6,0.414,0,0.688353
E00238,2024-08-01,BU06,IT,M1,3.209,0.663,3.43,0.6,0.576,0,0.724175
E00239,2024-08-01,BU01,Operations,IC1,4.2,0.529,3.96,1.305,0.621,0,0.526659
E00240,2024-08-01,BU06,Clinical,M1,8.813,0.68,3.13,0.878,0.606,0,0.650072
E00241,2024-08-01,BU10,Operations,IC1,2.79,0.523,3.25,1.033,0.675,0,0.709557
E00242,2024-08-01,BU08,Finance,IC2,10.368,0.588,3.57,0.705,0.385,0,0.616167
E00243,2024-08-01,BU02,Clinical,IC2,0.526,0.335,3.46,0.6,0.481,0,0.832513
E00244,2024-08-01,BU02,Admin,IC2,2.196,0.684,2.96,0.6,0.505,0,0.736565
E00245,2024-08-01,BU04,IT,IC2,1.843,0.574,3.31,0.706,0.575,0,0.708298
E00246,2024-08-01,BU03,Operations,M2,9.563,0.523,2.64,0.6,0.789,0,0.909926
E00247,2024-08-01,BU04,Clinical,IC3,4.375,0.515,3.41,0.713,0.663,0,0.730492
E00248,2024-08-01,BU07,Finance,IC3,1.32,0.464,2.93,0.6,0.518,0,0.830171
E00249,2024-08-01,BU01,Clinical,IC1,8.583,0.579,3.47,1.011,0.615,0,0.628091
E00250,2024-08-01,BU06,Education,M1,4.55,0.589,3.12,0.785,0.665,0,0.728595
E00251,2024-08-01,BU03,Finance,M1,0.942,0.519,2.69,0.6,0.498,0,0.81535
E00252,2024-08-01,BU10,Admin,M1,2.448,0.594,3.77,0.6,0.545,0,0.64393
E00253,2024-08-01,BU07,IT,IC1,6.595,0.592,4.1,0.789,0.592,0,0.569891
E00254,2024-08-01,BU10,Admin,IC1,9.938,0.728,3.63,1.181,0.375,0,0.441027
E00255,2024-08-01,BU02,Operations,IC1,9.038,0.62,3.26,1.227,0.549,0,0.652115
E00256,2024-08-01,BU02,Clinical,IC1,9.791,0.662,3.3,1.017,0.476,0,0.620885
E00257,2024-08-01,BU04,Education,IC2,5.802,0.432,3.38,1.221,0.481,0,0.685721
E00258,2024-08-01,BU01,Finance,M1,6.456,0.49,3.34,0.6,0.604,0,0.774293
E00259,2024-08-01,BU03,Finance,IC2,0.148,0.536,2.73,1.547,0.482,0,0.631119
E00260,2024-08-01,BU09,Clinical,IC1,4.118,0.691,3.45,1.277,0.674,0,0.560617
E00261,2024-08-01,BU07,Education,IC2,2.374,0.581,3.53,0.6,0.466,0,0.718391
E00262,2024-08-01,BU07,Clinical,IC1,1.749,0.631,3.77,1.6,0.693,0,0.45725
E00263,2024-08-01,BU04,Operations,IC1,8.463,0.634,3.84,0.674,0.818,0,0.664214
E00264,2024-08-01,BU02,Admin,IC2,7.617,0.523,3.6,0.6,0.81,0,0.771396
E00265,2024-08-01,BU04,Finance,IC2,8.545,0.573,3.42,0.857,0.534,0,0.691751
E00266,2024-08-01,BU06,Operations,M1,7.121,0.616,3.26,0.6,0.484,0,0.68868
E00267,2024-08-01,BU03,Admin,M2,2.664,0.555,3.5,0.6,0.61,0,0.77629
E00268,2024-08-01,BU01,Operations,IC2,5.196,0.459,3.47,1.304,0.627,0,0.651996
E00269,2024-08-01,BU08,Education,IC2,2.675,0.648,3.77,0.953,0.471,0,0.500253
E00270,2024-08-01,BU05,Finance,M1,9.873,0.691,3.21,0.713,0.322,0,0.631863
E00271,2024-08-01,BU05,Clinical,IC2,3.535,0.535,3.53,0.6,0.726,0,0.748286
E00272,2024-08-01,BU04,Clinical,IC1,7.072,0.575,2.9,0.6,0.799,0,0.873128
E00273,2024-08-01,BU06,Admin,M1,0.203,0.541,3.09,0.687,0.476,0,0.772086
E00274,2024-08-01,BU03,IT,IC1,10.245,0.55,3.08,1.294,0.714,0,0.685642
E00275,2024-08-01,BU09,Education,IC3,3.496,0.632,3.62,0.794,0.422,0,0.632355
E00276,2024-08-01,BU05,Admin,IC3,6.73,0.698,2.93,0.626,0.511,0,0.801581
E00277,2024-08-01,BU03,IT,IC2,5.361,0.603,3.22,0.6,0.515,0,0.700615
E00278,2024-08-01,BU01,Operations,IC2,3.069,0.52,3.34,1.6,0.706,0,0.616627
E00279,2024-08-01,BU10,Education,M1,7.162,0.586,3.95,0.701,0.609,0,0.661825
E00280,2024-08-01,BU06,Operations,IC1,7.641,0.595,3.79,0.816,0.739,0,0.699308
E00281,2024-08-01,BU02,Finance,IC1,2.472,0.53,3.46,0.888,0.392,0,0.575721
E00282,2024-08-01,BU03,Education,IC3,8.118,0.616,3.01,0.625,0.382,0,0.717537
E00283,2024-08-01,BU01,IT,IC2,2.461,0.498,3.4,1.147,0.656,0,0.675478
E00284,2024-08-01,BU09,Finance,IC1,9.495,0.618,3.57,0.944,0.439,0,0.623385
E00285,2024-08-01,BU08,Clinical,M1,9.424,0.658,3.68,0.678,0.713,0,0.679238
E00286,2024-08-01,BU02,IT,IC2,8.75,0.593,3.5,0.876,0.625,0,0.690335
E00287,2024-08-01,BU08,Admin,M1,5.361,0.653,3.16,0.6,0.261,0,0.693088
E00288,2024-08-01,BU09,Clinical,M1,8.438,0.547,3.17,0.666,0.612,0,0.801922
E00289,2024-08-01,BU01,Clinical,IC3,2.261,0.438,2.88,0.87,0.675,0,0.773938
E00290,2024-08-01,BU05,Admin,IC2,6.869,0.465,3.27,0.745,0.553,0,0.770003
E00291,2024-08-01,BU08,Education,M2,10.152,0.661,2.94,0.6,0.629,0,0.816957
E00292,2024-08-01,BU02,Clinical,IC1,7.562,0.694,3.09,1.056,0.747,0,0.677394
E00293,2024-08-01,BU04,IT,IC3,10.001,0.58,3.25,0.688,0.55,0,0.720216
E00294,2024-08-01,BU07,Finance,IC1,5.602,0.489,3.27,0.717,0.53,0,0.831623
E00295,2024-08-01,BU03,Clinical,IC2,7.025,0.491,3.55,0.6,0.699,0,0.754099
E00296,2024-08-01,BU05,IT,IC2,2.828,0.545,3.56,0.852,0.636,0,0.703089
E00297,2024-08-01,BU08,Operations,M2,3.357,0.569,3.46,0.6,0.756,0,0.792663
E00298,2024-08-01,BU10,IT,M2,4.523,0.635,3.29,0.6,0.452,1,0.811187
E00299,2024-08-01,BU03,Finance,IC1,8.181,0.604,3.66,0.751,0.535,0,0.662371
E00300,2024-08-01,BU04,IT,IC1,10.316,0.792,3.62,0.667,0.519,0,0.635353
E00301,2024-08-01,BU09,Admin,IC3,9.777,0.731,3.33,0.667,0.641,0,0.692743
E00302,2024-08-01,BU07,Finance,IC2,0.0,0.589,2.74,0.646,0.617,0,0.795864
E00303,2024-08-01,BU01,Education,IC1,8.545,0.535,3.26,1.6,0.657,0,0.55648
E00304,2024-08-01,BU04,Operations,IC3,4.824,0.474,2.61,0.6,0.669,1,0.918566
E00305,2024-08-01,BU04,Admin,IC2,4.578,0.69,3.69,0.6,0.53,0,0.566185
E00306,2024-08-01,BU09,Education,M2,4.619,0.672,3.49,0.6,0.648,1,0.815492
E00307,2024-08-01,BU06,IT,IC1,5.336,0.572,3.59,0.894,0.499,0,0.685434
E00308,2024-08-01,BU09,Finance,IC2,4.928,0.56,2.79,1.108,0.484,0,0.683445
E00309,2024-08-01,BU06,Operations,IC2,8.214,0.541,3.32,0.836,0.751,0,0.732871
E00310,2024-08-01,BU06,Admin,M1,5.478,0.532,3.72,0.6,0.457,0,0.674571
E00311,2024-08-01,BU05,Education,IC2,3.165,0.518,3.81,0.677,0.449,0,0.617672
E00312,2024-08-01,BU05,Education,IC3,0.246,0.465,3.72,0.722,0.605,0,0.721473
E00313,2024-08-01,BU02,Operations,IC1,0.435,0.468,2.73,0.6,0.722,0,0.864142
E00314,2024-08-01,BU08,IT,M1,8.715,0.77,3.0,0.758,0.561,0,0.684911
E00315,2024-08-01,BU08,Operations,IC2,5.687,0.674,3.3,0.6,0.722,0,0.730133
E00316,2024-08-01,BU01,Education,IC1,9.714,0.446,3.74,1.553,0.698,0,0.581126
E00317,2024-08-01,BU08,Clinical,IC3,10.393,0.58,3.8,0.695,0.586,0,0.679585
E00318,2024-08-01,BU05,Admin,IC1,5.875,0.655,4.13,1.186,0.538,0,0.442816
E00319,2024-08-01,BU02,Operations,IC1,8.077,0.606,3.77,1.375,0.535,0,0.483443
E00320,2024-08-01,BU02,Education,M1,7.034,0.635,2.78,0.68,0.722,1,0.896576
E00321,2024-08-01,BU06,IT,IC2,7.737,0.656,3.34,0.916,0.69,0,0.690553
E00322,2024-08-01,BU09,Education,IC3,10.111,0.627,3.66,0.6,0.553,0,0.675686
E00323,2024-08-01,BU01,IT,IC2,9.947,0.604,2.88,0.894,0.617,0,0.789571
E00324,2024-08-01,BU06,Operations,M1,6.3,0.432,3.3,0.6,0.663,0,0.769286
E00325,2024-08-01,BU09,IT,IC1,4.942,0.655,3.2,0.817,0.649,0,0.727786
E00326,2024-08-01,BU08,Finance,IC2,8.293,0.492,3.37,1.58,0.554,0,0.546407
E00327,2024-08-01,BU06,Finance,M2,1.955,0.463,3.52,0.6,0.474,0,0.762499
E00328,2024-08-01,BU03,Finance,M1,5.9,0.66,3.61,0.6,0.553,0,0.661141
E00329,2024-08-01,BU08,Clinical,IC2,3.395,0.565,3.64,0.783,0.632,0,0.666703
E00330,2024-08-01,BU09,Operations,IC2,10.404,0.614,3.64,0.619,0.691,0,0.658374
E00331,2024-08-01,BU01,Education,M1,5.749,0.645,3.56,0.616,0.593,0,0.680866
E00332,2024-08-01,BU09,Education,IC2,8.438,0.681,4.05,0.923,0.471,0,0.484354
E00333,2024-08-01,BU06,Clinical,M1,9.78,0.501,4.25,0.6,0.64,0,0.666311
E00334,2024-08-01,BU06,IT,M1,7.37,0.737,3.37,0.6,0.544,0,0.683624
E00335,2024-08-01,BU04,Clinical,IC1,6.379,0.637,3.55,0.6,0.739,0,0.750052
E00336,2024-08-01,BU01,IT,IC1,4.203,0.601,3.47,1.188,0.487,0,0.551216
E00337,2024-08-01,BU10,IT,IC3,10.245,0.497,2.88,0.676,0.354,0,0.78775
E00338,2024-08-01,BU08,Admin,IC1,8.424,0.658,3.1,0.968,0.409,0,0.671291
E00339,2024-08-01,BU02,Education,IC2,8.621,0.596,3.04,0.965,0.531,0,0.73489
E00340,2024-08-01,BU01,Finance,M2,1.832,0.645,2.51,0.6,0.427,0,0.863383
E00341,2024-08-01,BU02,IT,IC3,1.169,0.412,3.46,0.885,0.61,0,0.716403
E00342,2024-08-01,BU01,Admin,M1,5.216,0.441,3.59,0.6,0.581,0,0.789501
E00343,2024-08-01,BU01,Education,IC3,1.158,0.672,3.71,1.071,0.686,0,0.568868
E00344,2024-08-01,BU09,Finance,IC3,8.531,0.623,3.53,0.6,0.553,0,0.692525
E00345,2024-08-01,BU01,IT,IC1,3.225,0.619,3.07,0.6,0.662,0,0.793133
E00346,2024-08-01,BU04,IT,IC2,2.891,0.485,3.31,0.628,0.492,0,0.750199
E00347,2024-08-01,BU10,Clinical,IC2,8.665,0.667,3.46,0.672,0.777,0,0.734388
E00348,2024-08-01,BU06,Clinical,IC2,4.83,0.58,3.61,0.628,0.817,0,0.67933
E00349,2024-08-01,BU07,Education,M1,4.438,0.803,2.94,0.6,0.688,0,0.836516
E00350,2024-08-01,BU02,Finance,IC2,9.522,0.656,2.65,1.102,0.46,0,0.667128
E00351,2024-08-01,BU06,IT,IC2,0.0,0.607,3.91,0.649,0.611,0,0.672863
E00352,2024-08-01,BU07,Education,IC2,0.698,0.611,3.31,0.627,0.736,0,0.785501
E00353,2024-08-01,BU10,Education,IC1,8.906,0.622,3.77,0.663,0.651,0,0.683002
E00354,2024-08-01,BU10,Operations,IC2,0.824,0.349,3.53,0.644,0.909,0,0.851811
E00355,2024-08-01,BU02,Clinical,IC1,9.903,0.532,3.17,0.6,0.515,0,0.723887
E00356,2024-08-01,BU02,Finance,IC1,2.894,0.587,3.32,0.743,0.417,0,0.648006
E00357,2024-08-01,BU10,IT,IC1,10.166,0.667,4.1,1.431,0.612,0,0.3774
E00358,2024-08-01,BU07,Education,IC2,1.947,0.592,3.5,0.6,0.599,0,0.720174
E00359,2024-08-01,BU01,IT,M1,0.0,0.487,3.15,0.641,0.5,0,0.784246
E00360,2024-08-01,BU08,Operations,IC2,5.577,0.708,3.19,0.6,0.654,0,0.720773
E00361,2024-08-01,BU03,Finance,IC2,3.781,0.539,3.2,1.387,0.532,0,0.581889
E00362,2024-08-01,BU06,Education,IC3,1.268,0.537,3.46,1.192,0.524,1,0.696515
E00363,2024-08-01,BU09,IT,IC1,4.526,0.567,2.82,1.091,0.39,0,0.651213
E00364,2024-08-01,BU06,Clinical,M1,0.972,0.547,3.12,1.038,0.616,0,0.690404
E00365,2024-08-01,BU09,Operations,IC2,8.52,0.597,3.31,0.865,0.642,0,0.679251
E00366,2024-08-01,BU07,Finance,IC2,9.377,0.641,4.12,1.053,0.512,0,0.451595
E00367,2024-08-01,BU09,Operations,IC3,2.311,0.463,3.13,0.947,0.598,0,0.788789
E00368,2024-08-01,BU02,Clinical,IC1,2.938,0.57,3.43,1.012,0.726,0,0.67073
E00369,2024-08-01,BU08,Finance,IC3,1.098,0.473,3.73,0.6,0.673,0,0.736437
E00370,2024-08-01,BU08,Operations,IC2,3.797,0.597,3.85,1.052,0.707,0,0.583769
E00371,2024-08-01,BU02,Admin,M1,1.607,0.506,4.1,0.6,0.448,0,0.626164
E00372,2024-08-01,BU04,Clinical,IC1,7.042,0.596,3.9,0.844,0.644,0,0.637918
E00373,2024-08-01,BU07,Clinical,IC2,6.954,0.753,3.17,0.873,0.693,0,0.698606
E00374,2024-08-01,BU04,Clinical,IC3,10.448,0.609,3.27,0.748,0.673,0,0.735424
E00375,2024-08-01,BU04,Admin,IC1,2.79,0.666,3.5,1.029,0.497,1,0.661904
E00376,2024-08-01,BU06,Admin,IC2,7.713,0.633,2.55,0.872,0.477,0,0.772665
E00377,2024-08-01,BU10,IT,IC3,3.978,0.807,3.53,0.6,0.434,0,0.575573
E00378,2024-08-01,BU06,Education,M1,9.402,0.665,3.41,0.6,0.551,0,0.744814
E00379,2024-08-01,BU10,Operations,IC2,9.084,0.423,3.41,1.06,0.711,0,0.726995
E00380,2024-08-01,BU03,IT,M1,4.386,0.616,2.76,0.928,0.525,0,0.711223
E00381,2024-08-01,BU09,Operations,M2,5.021,0.444,3.57,0.982,0.492,0,0.620505
E00382,2024-08-01,BU10,Education,M1,7.732,0.622,3.94,0.6,0.486,0,0.626706
E00383,2024-08-01,BU02,Admin,IC1,1.645,0.629,3.6,1.199,0.548,0,0.609379
E00384,2024-08-01,BU06,Education,IC3,1.44,0.622,3.75,1.247,0.398,0,0.548705
E00385,2024-08-01,BU07,Admin,IC2,4.778,0.563,3.22,0.6,0.625,0,0.776776
E00386,2024-08-01,BU09,Education,M2,1.142,0.49,3.11,0.6,0.851,0,0.897224
E00387,2024-08-01,BU03,IT,IC2,1.385,0.736,3.42,0.963,0.575,0,0.592548
E00388,2024-08-01,BU10,Finance,IC1,5.413,0.677,3.8,1.561,0.486,0,0.398559
E00389,2024-08-01,BU03,IT,IC3,9.848,0.65,3.47,0.6,0.727,0,0.738106
E00390,2024-08-01,BU07,Operations,IC2,7.017,0.665,3.09,0.6,0.778,0,0.854784
E00391,2024-08-01,BU04,IT,M2,1.221,0.503,3.54,0.6,0.525,0,0.756951
E00392,2024-08-01,BU08,Clinical,M2,4.665,0.63,2.92,0.6,0.877,0,0.811542
E00393,2024-08-01,BU07,Operations,IC3,4.775,0.53,3.79,0.935,0.726,0,0.698846
E00394,2024-08-01,BU05,Education,IC1,0.074,0.691,3.68,1.127,0.686,0,0.58171
E00395,2024-08-01,BU07,Operations,IC3,5.889,0.519,3.13,0.6,0.777,0,0.781567
E00396,2024-08-01,BU03,Finance,IC1,10.568,0.547,3.02,1.164,0.595,0,0.693935
E00397,2024-08-01,BU02,Admin,IC1,3.039,0.663,3.21,1.015,0.412,0,0.587327
E00398,2024-08-01,BU06,Education,M1,6.114,0.593,3.3,0.923,0.565,1,0.724263
E00399,2024-08-01,BU02,Operations,IC1,5.81,0.662,3.39,1.011,0.707,0,0.615226
E00400,2024-08-01,BU03,Education,IC2,3.658,0.578,2.94,0.608,0.429,0,0.852107
E00401,2024-08-01,BU06,Education,M2,6.894,0.519,3.46,0.6,0.731,0,0.803797
E00402,2024-08-01,BU05,Education,IC2,5.569,0.583,3.43,0.847,0.568,0,0.685197
E00403,2024-08-01,BU08,Admin,IC2,7.332,0.579,3.09,0.6,0.383,0,0.745883
E00404,2024-08-01,BU09,IT,M1,7.871,0.513,3.45,0.6,0.695,0,0.777411
E00405,2024-08-01,BU03,Education,IC1,4.323,0.577,3.24,0.915,0.676,0,0.745642
E00406,2024-08-01,BU10,Clinical,M1,2.768,0.579,3.53,0.6,0.692,0,0.680675
E00407,2024-08-01,BU03,Finance,M2,7.406,0.623,3.8,0.6,0.615,0,0.644329
E00408,2024-08-01,BU03,Admin,M1,8.849,0.545,2.73,0.6,0.386,0,0.834037
E00409,2024-08-01,BU06,Operations,IC3,1.467,0.653,3.29,0.782,0.629,1,0.757144
E00410,2024-08-01,BU01,Admin,IC2,8.274,0.661,2.7,0.652,0.599,0,0.803137
E00411,2024-08-01,BU07,Operations,IC2,10.114,0.459,3.16,0.84,0.568,0,0.775855
E00412,2024-08-01,BU01,Admin,M1,3.472,0.58,2.5,0.609,0.458,0,0.810565
E00413,2024-08-01,BU05,Operations,M1,7.943,0.573,2.8,0.6,0.638,0,0.843736
E00414,2024-08-01,BU10,Education,IC2,0.947,0.541,3.25,0.733,0.645,0,0.764224
E00415,2024-08-01,BU08,IT,IC1,4.512,0.456,3.3,1.6,0.666,0,0.560728
E00416,2024-08-01,BU04,Operations,IC1,0.602,0.508,3.56,0.6,0.52,0,0.775369
E00417,2024-08-01,BU05,Operations,IC1,6.407,0.524,3.9,0.912,0.564,0,0.597745
E00418,2024-08-01,BU04,Clinical,IC3,0.764,0.513,2.77,0.98,0.68,0,0.854797
E00419,2024-08-01,BU04,Operations,IC2,5.897,0.54,3.22,0.854,0.532,0,0.729758
E00420,2024-08-01,BU08,Clinical,M1,4.249,0.521,3.43,0.635,0.785,0,0.820517
E00421,2024-08-01,BU02,Finance,IC3,2.138,0.494,4.1,0.6,0.438,0,0.642028
E00422,2024-08-01,BU01,Education,IC1,6.303,0.66,3.75,1.104,0.717,0,0.625343
E00423,2024-08-01,BU03,Clinical,IC3,9.769,0.686,2.81,0.6,0.765,0,0.794313
E00424,2024-08-01,BU09,IT,IC2,1.443,0.523,3.06,0.851,0.564,0,0.764405
E00425,2024-08-01,BU04,Education,IC3,0.734,0.428,3.12,0.755,0.461,0,0.794013
E00426,2024-08-01,BU10,Clinical,IC3,9.977,0.618,3.67,1.381,0.655,0,0.513376
E00427,2024-08-01,BU05,Education,M1,8.717,0.588,3.32,0.653,0.542,0,0.761375
E00428,2024-08-01,BU02,Education,M1,5.125,0.663,3.14,0.6,0.523,0,0.728291
E00429,2024-08-01,BU04,Education,IC2,2.185,0.558,2.99,0.6,0.543,0,0.825117
E00430,2024-08-01,BU02,Finance,IC1,2.861,0.581,3.25,0.936,0.596,0,0.702249
E00431,2024-08-01,BU02,IT,IC3,6.508,0.701,2.92,0.768,0.648,0,0.747774
E00432,2024-08-01,BU04,Admin,IC1,10.185,0.68,2.89,0.962,0.523,0,0.726427
E00433,2024-08-01,BU06,Admin,IC2,4.131,0.583,3.1,0.6,0.265,0,0.677245
E00434,2024-08-01,BU07,Clinical,IC1,6.251,0.72,3.53,0.79,0.74,0,0.644744
E00435,2024-08-01,BU10,Education,IC3,5.095,0.63,3.74,0.773,0.583,0,0.648965
E00436,2024-08-01,BU03,Clinical,IC1,4.11,0.647,3.73,1.21,0.834,0,0.628752
E00437,2024-08-01,BU03,Finance,IC3,8.057,0.639,3.65,0.998,0.618,0,0.569499
E00438,2024-08-01,BU10,Finance,M2,1.336,0.444,3.1,0.6,0.528,0,0.843024
E00439,2024-08-01,BU06,Operations,IC1,7.699,0.58,3.16,1.165,0.576,0,0.688495
E00440,2024-08-01,BU03,Finance,IC1,5.947,0.575,3.39,0.862,0.447,0,0.677983
E00441,2024-08-01,BU02,Operations,IC2,5.079,0.452,3.44,0.761,0.599,0,0.817967
E00442,2024-08-01,BU08,IT,M1,1.867,0.559,3.12,0.6,0.492,0,0.780495
E00443,2024-08-01,BU05,Clinical,IC1,6.018,0.58,3.44,1.012,0.625,0,0.652261
E00444,2024-08-01,BU01,IT,IC2,10.366,0.519,2.67,0.966,0.484,0,0.721184
E00445,2024-08-01,BU03,Finance,IC1,7.392,0.564,3.53,0.639,0.476,0,0.722356
E00446,2024-08-01,BU10,IT,M1,5.982,0.661,3.58,0.6,0.544,0,0.667227
E00447,2024-08-01,BU08,IT,IC2,1.227,0.46,3.35,1.247,0.627,0,0.677901
E00448,2024-08-01,BU04,IT,M1,1.328,0.57,3.9,0.6,0.579,0,0.637338
E00449,2024-08-01,BU07,Finance,M1,5.958,0.643,3.42,0.605,0.477,0,0.655153
E00450,2024-08-01,BU10,Education,IC1,4.096,0.553,3.38,1.346,0.556,0,0.625566
E00451,2024-08-01,BU02,IT,M1,7.48,0.548,3.11,0.632,0.842,0,0.813627
E00452,2024-08-01,BU07,Operations,IC1,10.316,0.622,2.95,1.137,0.807,0,0.734232
E00453,2024-08-01,BU05,Finance,M1,5.662,0.591,3.09,0.69,0.459,0,0.738125
E00454,2024-08-01,BU05,IT,IC3,3.691,0.655,3.13,0.6,0.528,0,0.745433
E00455,2024-08-01,BU06,Education,M1,1.333,0.511,3.72,0.6,0.532,0,0.718184
E00456,2024-08-01,BU09,Finance,IC1,1.109,0.556,3.69,1.105,0.436,0,0.614739
E00457,2024-08-01,BU06,Admin,IC1,5.131,0.599,3.4,1.6,0.6,0,0.54092
E00458,2024-08-01,BU08,Education,IC2,6.519,0.614,2.64,0.737,0.468,0,0.826131
E00459,2024-08-01,BU07,Operations,IC2,6.943,0.617,3.67,0.6,0.695,0,0.726304
E00460,2024-08-01,BU09,IT,IC1,9.112,0.547,3.18,0.674,0.241,0,0.754538
E00461,2024-08-01,BU04,Admin,IC2,7.409,0.592,3.77,1.0,0.507,0,0.56817
E00462,2024-08-01,BU02,Admin,IC1,0.854,0.594,2.62,0.862,0.489,0,0.772464
E00463,2024-08-01,BU07,Finance,IC2,1.498,0.535,2.92,0.746,0.574,0,0.813346
E00464,2024-08-01,BU06,Admin,M1,7.68,0.669,3.23,0.6,0.445,0,0.671265
E00465,2024-08-01,BU01,Operations,IC2,0.994,0.561,2.95,0.6,0.54,0,0.784913
E00466,2024-08-01,BU09,Operations,IC1,9.796,0.675,3.33,1.6,0.642,0,0.442275
E00467,2024-08-01,BU09,Clinical,IC2,3.368,0.622,2.92,0.612,0.652,0,0.848502
E00468,2024-08-01,BU02,Operations,IC1,5.618,0.393,3.76,1.049,0.615,0,0.690995
E00469,2024-08-01,BU03,Education,M2,7.247,0.51,3.42,0.6,0.608,0,0.789155
E00470,2024-08-01,BU05,Admin,IC1,3.116,0.661,2.83,0.812,0.562,0,0.748807
E00471,2024-08-01,BU05,Operations,IC3,3.806,0.63,3.39,0.882,0.581,0,0.66544
E00472,2024-08-01,BU01,Finance,M2,9.125,0.655,3.38,0.6,0.334,0,0.670838
E00473,2024-08-01,BU08,Clinical,M1,10.264,0.576,3.48,0.758,0.75,0,0.771096
E00474,2024-08-01,BU08,Admin,IC3,0.386,0.489,3.89,0.625,0.475,0,0.685743
E00475,2024-08-01,BU04,Clinical,M1,7.307,0.686,4.01,0.642,0.724,0,0.642922
E00476,2024-08-01,BU07,Admin,M2,3.578,0.487,3.11,0.6,0.497,0,0.814189
E00477,2024-08-01,BU10,Finance,IC3,9.314,0.479,3.37,0.752,0.449,0,0.645948
E00478,2024-08-01,BU03,Clinical,IC3,8.515,0.592,3.06,0.6,0.774,0,0.806197
E00479,2024-08-01,BU06,IT,IC3,9.665,0.603,3.41,0.6,0.597,0,0.733371
E00480,2024-08-01,BU10,Education,IC2,10.527,0.791,3.31,0.6,0.566,0,0.685207
E00481,2024-08-01,BU10,Education,IC3,7.811,0.576,3.83,0.73,0.591,0,0.624513
E00482,2024-08-01,BU09,Admin,IC2,0.145,0.604,3.67,1.334,0.605,0,0.502859
E00483,2024-08-01,BU01,IT,IC1,6.234,0.508,3.27,0.6,0.538,0,0.741146
E00484,2024-08-01,BU05,Clinical,IC1,7.704,0.6,3.45,0.73,0.69,0,0.743543
E00485,2024-08-01,BU04,IT,IC1,10.335,0.569,3.23,0.838,0.549,0,0.718033
E00486,2024-08-01,BU08,IT,IC2,9.684,0.466,2.83,0.767,0.417,0,0.718762
E00487,2024-08-01,BU01,Clinical,IC1,3.392,0.511,3.87,1.262,0.725,0,0.566356
E00488,2024-08-01,BU09,Finance,IC3,1.563,0.395,3.87,0.6,0.515,0,0.719382
E00489,2024-08-01,BU06,IT,IC2,0.142,0.329,3.52,0.638,0.664,0,0.844058
E00490,2024-08-01,BU04,IT,M1,9.432,0.578,3.71,0.753,0.408,0,0.599347
E00491,2024-08-01,BU09,Finance,IC1,7.984,0.546,3.21,1.106,0.354,0,0.709923
E00492,2024-08-01,BU05,IT,IC1,8.83,0.539,3.49,1.064,0.673,0,0.647985
E00493,2024-08-01,BU05,IT,IC3,8.246,0.748,3.53,0.624,0.365,0,0.55933
E00494,2024-08-01,BU05,IT,IC3,4.038,0.412,3.01,0.849,0.517,0,0.757413
E00495,2024-08-01,BU01,Education,IC1,9.823,0.601,3.04,0.687,0.62,0,0.755297
E00496,2024-08-01,BU01,Operations,M1,0.638,0.601,3.31,0.6,0.589,0,0.763361
E00497,2024-08-01,BU08,Finance,M1,3.466,0.59,3.21,0.683,0.301,0,0.713734
E00498,2024-08-01,BU08,IT,IC2,0.953,0.539,2.93,0.6,0.677,0,0.832013
E00499,2024-08-01,BU06,Education,IC2,1.484,0.448,2.82,0.729,0.625,0,0.826761
E00500,2024-08-01,BU04,Finance,M2,1.333,0.512,3.49,0.6,0.532,0,0.742639
E00001,2024-09-01,BU03,Operations,IC2,4.583,0.498,3.43,0.901,0.603,0,0.727369
E00002,2024-09-01,BU05,Education,IC2,7.493,0.61,3.03,1.554,0.374,0,0.525719
E00003,2024-09-01,BU01,Operations,IC2,0.0,0.486,3.55,0.611,0.703,0,0.753051
E00004,2024-09-01,BU01,Clinical,IC1,3.127,0.579,3.2,1.207,0.647,1,0.785113
E00005,2024-09-01,BU10,Finance,IC2,6.398,0.577,3.07,0.6,0.545,0,0.785959
E00006,2024-09-01,BU09,IT,M2,3.89,0.553,3.53,0.6,0.407,0,0.694375
E00007,2024-09-01,BU07,Operations,IC1,1.3,0.551,3.3,1.035,0.558,0,0.699191
E00008,2024-09-01,BU01,Finance,IC1,8.52,0.732,2.92,1.506,0.512,0,0.509733
E00009,2024-09-01,BU08,Clinical,IC2,3.819,0.472,3.83,0.6,0.582,0,0.749759
E00010,2024-09-01,BU03,Admin,M1,0.025,0.445,2.98,0.67,0.597,0,0.829488
E00011,2024-09-01,BU08,Education,IC3,0.413,0.505,3.82,0.635,0.587,0,0.742143
E00012,2024-09-01,BU05,Finance,IC3,2.957,0.482,2.65,0.6,0.563,0,0.868427
E00013,2024-09-01,BU01,Finance,IC1,6.327,0.645,3.19,0.98,0.506,0,0.696403
E00014,2024-09-01,BU07,Admin,IC3,6.927,0.563,3.99,1.136,0.429,0,0.50897
E00015,2024-09-01,BU05,Finance,IC2,3.389,0.703,3.45,0.6,0.556,0,0.709953
E00016,2024-09-01,BU06,Clinical,M1,2.872,0.518,2.88,0.6,0.616,0,0.830231
E00017,2024-09-01,BU06,Clinical,IC3,8.301,0.633,3.98,0.6,0.811,0,0.686323
E00018,2024-09-01,BU08,Admin,IC1,4.947,0.673,3.64,0.751,0.357,0,0.565769
E00019,2024-09-01,BU09,Education,IC1,6.023,0.591,3.62,1.54,0.484,0,0.449977
E00020,2024-09-01,BU02,IT,IC1,9.478,0.602,2.79,0.81,0.559,0,0.849396
E00021,2024-09-01,BU09,Operations,IC2,3.644,0.657,4.09,1.23,0.71,0,0.473007
E00022,2024-09-01,BU10,IT,IC2,5.503,0.633,3.75,1.076,0.319,0,0.451375
E00023,2024-09-01,BU09,Finance,IC3,9.391,0.699,3.61,0.6,0.516,0,0.654991
E00024,2024-09-01,BU10,Operations,IC2,6.576,0.646,3.65,0.693,0.57,0,0.646685
E00025,2024-09-01,BU10,Admin,IC2,10.661,0.653,2.22,0.6,0.231,0,0.857563
E00026,2024-09-01,BU07,Admin,IC1,1.172,0.538,3.54,0.728,0.435,0,0.670662
E00027,2024-09-01,BU01,Education,IC1,5.068,0.58,3.07,1.001,0.58,0,0.693499
E00028,2024-09-01,BU07,Operations,M1,2.114,0.594,3.2,0.6,0.535,0,0.771301
E00029,2024-09-01,BU10,Clinical,IC1,10.264,0.528,3.64,0.615,0.646,0,0.755224
E00030,2024-09-01,BU05,Operations,IC3,0.0,0.597,3.27,0.6,0.737,0,0.8007
E00031,2024-09-01,BU06,Finance,M1,0.641,0.538,3.62,0.6,0.616,0,0.767555
E00032,2024-09-01,BU10,Clinical,IC3,1.15,0.556,3.41,0.605,0.749,0,0.819391
E00033,2024-09-01,BU07,Admin,M1,8.159,0.553,3.27,0.6,0.421,0,0.740025
E00034,2024-09-01,BU05,Operations,IC2,3.964,0.658,3.3,0.835,0.64,0,0.717214
E00035,2024-09-01,BU07,IT,M2,7.431,0.631,4.09,0.6,0.486,0,0.549273
E00036,2024-09-01,BU09,Education,IC1,1.996,0.5,3.23,0.6,0.561,0,0.807793
E00037,2024-09-01,BU03,IT,IC1,8.613,0.565,2.68,1.6,0.537,0,0.603551
E00038,2024-09-01,BU08,Education,IC3,6.656,0.597,3.62,0.6,0.717,0,0.81132
E00039,2024-09-01,BU02,Finance,M2,8.408,0.605,4.16,0.6,0.513,0,0.595741
E00040,2024-09-01,BU07,IT,M1,3.951,0.513,3.63,0.6,0.6,0,0.720513
E00041,2024-09-01,BU02,Operations,IC1,6.182,0.614,3.59,1.6,0.654,0,0.532941
E00042,2024-09-01,BU04,Operations,IC2,1.799,0.545,3.4,0.6,0.584,0,0.74861
E00043,2024-09-01,BU07,IT,M2,4.435,0.656,2.88,0.607,0.54,0,0.787784
E00044,2024-09-01,BU03,Operations,IC2,9.659,0.522,3.36,0.75,0.644,0,0.722141
E00045,2024-09-01,BU02,Finance,M1,7.354,0.462,2.85,0.6,0.626,0,0.859836
E00046,2024-09-01,BU10,Clinical,M1,1.719,0.575,3.7,0.735,0.761,0,0.764985
E00047,2024-09-01,BU07,Finance,IC2,8.977,0.674,2.74,0.6,0.656,0,0.833573
E00048,2024-09-01,BU01,Education,IC2,1.44,0.537,3.43,0.6,0.545,0,0.755001
E00049,2024-09-01,BU08,Finance,IC2,1.706,0.514,3.73,0.646,0.486,0,0.673729
E00050,2024-09-01,BU03,Education,IC1,0.983,0.549,2.93,0.6,0.378,0,0.824392
E00051,2024-09-01,BU02,Operations,M1,6.152,0.679,3.46,0.6,0.653,0,0.721642
E00052,2024-09-01,BU03,Clinical,IC2,8.736,0.442,2.6,1.024,0.572,0,0.821492
E00053,2024-09-01,BU05,Operations,M1,7.4,0.538,3.54,0.6,0.556,0,0.705322
E00054,2024-09-01,BU08,Admin,IC1,4.468,0.464,3.36,1.46,0.415,0,0.528095
E00055,2024-09-01,BU10,Operations,M2,2.869,0.574,4.0,0.6,0.828,0,0.695163
E00056,2024-09-01,BU07,Education,IC2,8.323,0.524,3.3,1.105,0.6,0,0.691723
E00057,2024-09-01,BU07,Operations,IC1,10.338,0.677,3.05,0.875,0.594,0,0.778465
E00058,2024-09-01,BU07,Operations,IC1,7.444,0.67,3.59,0.753,0.514,0,0.637053
E00059,2024-09-01,BU08,Clinical,IC3,8.715,0.705,3.65,1.042,0.678,0,0.628912
E00060,2024-09-01,BU01,Operations,IC3,3.001,0.494,3.02,0.6,0.673,0,0.874457
E00061,2024-09-01,BU04,Clinical,M1,7.354,0.572,2.37,0.65,0.601,0,0.835106
E00062,2024-09-01,BU06,IT,IC1,8.791,0.681,2.87,1.253,0.508,0,0.626067
E00063,2024-09-01,BU09,Admin,IC1,5.339,0.602,3.13,1.171,0.557,0,0.602148
E00064,2024-09-01,BU02,Clinical,IC2,5.383,0.615,3.19,0.6,0.618,0,0.761693
E00065,2024-09-01,BU01,Education,IC2,1.279,0.457,3.02,1.044,0.438,0,0.747285
E00066,2024-09-01,BU10,IT,IC2,7.168,0.535,3.44,0.6,0.586,0,0.819697
E00067,2024-09-01,BU02,Clinical,M2,4.966,0.601,3.22,0.6,0.623,0,0.776786
E00068,2024-09-01,BU07,Clinical,M2,9.117,0.582,3.45,0.6,0.729,0,0.782818
E00069,2024-09-01,BU03,Admin,M2,1.32,0.559,3.61,0.6,0.588,0,0.727158
E00070,2024-09-01,BU10,Education,M1,8.901,0.597,3.19,0.6,0.525,0,0.740651
E00071,2024-09-01,BU02,Finance,IC2,0.871,0.664,2.9,0.904,0.612,0,0.681464
E00072,2024-09-01,BU07,Finance,IC2,7.154,0.489,3.18,1.127,0.691,0,0.681589
E00073,2024-09-01,BU02,Clinical,IC2,2.869,0.524,3.0,0.81,0.68,0,0.842483
E00074,2024-09-01,BU03,Operations,M1,4.323,0.774,3.64,0.6,0.474,0,0.616133
E00075,2024-09-01,BU07,Education,IC1,2.491,0.455,3.75,1.276,0.661,0,0.586395
E00076,2024-09-01,BU04,IT,IC2,3.165,0.476,3.41,0.795,0.492,0,0.73532
E00077,2024-09-01,BU01,Operations,IC1,5.818,0.601,3.8,0.6,0.577,0,0.664204
E00078,2024-09-01,BU05,Operations,IC2,8.786,0.618,3.88,0.6,0.569,0,0.655222
E00079,2024-09-01,BU09,Education,M1,6.563,0.425,3.51,0.6,0.491,0,0.770147
E00080,2024-09-01,BU08,Clinical,M1,2.727,0.638,3.44,0.874,0.854,0,0.717009
E00081,2024-09-01,BU09,Clinical,IC1,0.95,0.702,4.05,1.47,0.64,0,0.373862
E00082,2024-09-01,BU10,Clinical,M2,1.881,0.514,3.22,0.635,0.426,0,0.714533
E00083,2024-09-01,BU09,Clinical,IC3,1.881,0.576,3.79,0.701,0.653,0,0.723468
E00084,2024-09-01,BU07,Finance,IC1,9.752,0.548,3.1,1.193,0.275,0,0.623169
E00085,2024-09-01,BU04,Clinical,IC2,2.615,0.534,3.39,0.6,0.583,0,0.773548
E00086,2024-09-01,BU05,Finance,IC2,4.235,0.725,3.51,0.75,0.554,0,0.665103
E00087,2024-09-01,BU01,Finance,IC1,2.1,0.597,3.47,1.147,0.471,0,0.639767
E00088,2024-09-01,BU01,Clinical,M2,3.077,0.602,3.22,0.6,0.61,0,0.759838
E00089,2024-09-01,BU03,Admin,IC2,9.906,0.774,3.37,0.776,0.411,0,0.614753
E00090,2024-09-01,BU08,IT,M1,2.935,0.535,3.59,0.955,0.609,0,0.708411
E00091,2024-09-01,BU02,Operations,IC2,3.581,0.647,2.88,0.911,0.515,0,0.669592
E00092,2024-09-01,BU04,Finance,IC1,0.0,0.524,3.31,1.243,0.459,0,0.607364
E00093,2024-09-01,BU02,Education,IC2,7.847,0.672,3.12,0.6,0.569,0,0.777441
E00094,2024-09-01,BU05,Education,IC1,10.522,0.437,3.77,1.6,0.473,0,0.466241
E00095,2024-09-01,BU09,IT,IC2,3.337,0.556,3.64,0.657,0.44,0,0.690878
E00096,2024-09-01,BU01,Education,M1,8.329,0.618,3.45,0.6,0.587,0,0.6766
E00097,2024-09-01,BU05,Admin,IC2,8.194,0.562,3.37,0.695,0.355,0,0.68046
E00098,2024-09-01,BU09,Education,IC3,10.502,0.584,3.27,0.6,0.672,0,0.763033
E00099,2024-09-01,BU01,Operations,IC1,0.06,0.49,3.39,1.298,0.422,0,0.580181
E00100,2024-09-01,BU09,Operations,IC1,6.656,0.711,3.48,0.865,0.478,0,0.604387
E00101,2024-09-01,BU08,Finance,IC1,1.183,0.581,3.56,0.662,0.432,0,0.665594
E00102,2024-09-01,BU04,Clinical,IC3,4.394,0.53,2.99,0.6,0.822,0,0.79088
E00103,2024-09-01,BU10,Admin,IC1,1.667,0.608,3.23,1.332,0.502,0,0.592569
E00104,2024-09-01,BU05,Finance,IC2,2.114,0.52,3.68,0.828,0.552,0,0.625177
E00105,2024-09-01,BU05,Admin,IC3,3.986,0.672,3.52,0.6,0.561,0,0.73262
E00106,2024-09-01,BU06,Clinical,IC2,2.387,0.61,3.28,0.87,0.67,0,0.713467
E00107,2024-09-01,BU07,Education,IC1,3.381,0.412,3.4,0.725,0.508,0,0.785114
E00108,2024-09-01,BU08,Education,IC2,9.246,0.513,3.29,0.6,0.537,0,0.745372
E00109,2024-09-01,BU08,Clinical,M1,9.719,0.67,2.7,0.877,0.621,0,0.857113
E00110,2024-09-01,BU02,Finance,IC3,4.441,0.727,3.33,0.804,0.558,0,0.726107
E00111,2024-09-01,BU09,Clinical,IC2,3.699,0.629,3.72,0.748,0.894,0,0.704506
E00112,2024-09-01,BU07,IT,IC1,3.19,0.614,3.58,0.872,0.633,0,0.621827
E00113,2024-09-01,BU04,Operations,M2,6.133,0.613,3.27,0.743,0.562,0,0.726818
E00114,2024-09-01,BU04,Finance,IC3,7.814,0.647,3.59,1.6,0.56,0,0.472062
E00115,2024-09-01,BU08,Admin,IC2,2.908,0.518,3.42,0.897,0.353,0,0.685735
E00116,2024-09-01,BU04,IT,M1,4.882,0.76,2.77,0.6,0.576,0,0.781837
E00117,2024-09-01,BU06,Finance,IC2,0.496,0.535,3.0,0.722,0.614,0,0.770892
E00118,2024-09-01,BU05,Clinical,IC2,8.14,0.501,3.08,0.846,0.696,0,0.872872
E00119,2024-09-01,BU03,Clinical,IC3,10.472,0.569,2.61,0.6,0.674,0,0.844986
E00120,2024-09-01,BU10,Clinical,IC1,8.58,0.453,3.96,1.042,0.612,0,0.619152
E00121,2024-09-01,BU02,Clinical,M2,5.681,0.534,3.1,0.6,0.589,0,0.796498
E00122,2024-09-01,BU09,Admin,IC3,7.869,0.543,3.67,1.012,0.595,0,0.575785
E00123,2024-09-01,BU10,IT,IC3,10.371,0.583,3.29,1.012,0.616,0,0.758133
E00124,2024-09-01,BU09,Education,IC1,5.744,0.729,4.06,0.975,0.561,0,0.540676
E00125,2024-09-01,BU01,Operations,IC1,1.079,0.632,2.54,1.589,0.697,0,0.678486
E00126,2024-09-01,BU10,Admin,IC2,3.932,0.593,3.67,1.455,0.592,0,0.573484
E00127,2024-09-01,BU03,Admin,M1,4.142,0.58,3.17,0.6,0.472,0,0.794737
E00128,2024-09-01,BU08,Education,IC2,0.597,0.624,3.56,0.761,0.549,0,0.634385
E00129,2024-09-01,BU06,Education,IC2,2.494,0.551,3.62,0.6,0.443,0,0.746004
E00130,2024-09-01,BU05,Operations,IC3,0.701,0.561,3.15,0.6,0.757,0,0.860795
E00131,2024-09-01,BU05,Operations,IC1,0.975,0.526,2.88,0.751,0.594,0,0.845894
E00132,2024-09-01,BU06,Education,IC3,7.726,0.678,3.76,0.608,0.604,0,0.691774
E00133,2024-09-01,BU07,Clinical,IC1,4.649,0.503,3.54,0.6,0.546,0,0.77203
E00134,2024-09-01,BU01,Admin,M2,9.988,0.731,3.0,0.6,0.446,0,0.725099
E00135,2024-09-01,BU09,Finance,IC2,7.072,0.506,3.76,0.635,0.426,0,0.676503
E00136,2024-09-01,BU03,Operations,IC1,7.647,0.565,3.05,1.381,0.453,0,0.630431
E00137,2024-09-01,BU04,Operations,IC2,6.193,0.531,3.79,0.617,0.594,0,0.661405
E00138,2024-09-01,BU10,Education,IC2,4.298,0.561,3.42,0.6,0.662,0,0.772757
E00139,2024-09-01,BU01,IT,M1,4.183,0.647,3.32,0.6,0.362,0,0.739374
E00140,2024-09-01,BU10,Finance,IC3,0.0,0.603,3.78,0.6,0.346,0,0.595503
E00141,2024-09-01,BU03,Finance,IC3,6.724,0.475,3.46,0.6,0.515,0,0.744122
E00142,2024-09-01,BU02,Operations,IC1,4.307,0.713,2.69,0.961,0.436,0,0.693056
E00143,2024-09-01,BU02,Clinical,IC1,0.183,0.607,3.79,0.625,0.702,0,0.763431
E00144,2024-09-01,BU01,IT,IC1,8.304,0.729,2.95,1.095,0.634,0,0.692419
E00145,2024-09-01,BU08,Finance,IC3,4.816,0.589,3.66,1.6,0.591,0,0.507383
E00146,2024-09-01,BU03,Operations,M1,8.706,0.5,3.07,0.6,0.673,0,0.815084
E00147,2024-09-01,BU03,Finance,IC2,1.273,0.525,3.19,0.611,0.557,0,0.743333
E00148,2024-09-01,BU06,IT,IC1,2.42,0.505,3.01,0.729,0.488,0,0.744824
E00149,2024-09-01,BU08,IT,IC3,6.467,0.549,3.14,0.6,0.667,1,0.860233
E00150,2024-09-01,BU09,Admin,M1,5.487,0.54,3.4,0.814,0.718,0,0.73649
E00151,2024-09-01,BU09,Education,IC3,7.346,0.571,3.34,0.728,0.564,0,0.746027
E00152,2024-09-01,BU04,Education,M1,0.0,0.54,3.14,0.706,0.561,0,0.691396
E00153,2024-09-01,BU05,Operations,IC2,1.552,0.45,3.31,0.796,0.507,0,0.723867
E00154,2024-09-01,BU02,IT,IC1,3.97,0.598,3.3,0.6,0.623,0,0.802288
E00155,2024-09-01,BU09,Admin,M1,2.658,0.581,3.37,0.6,0.345,0,0.655709
E00156,2024-09-01,BU08,Admin,IC3,4.627,0.519,3.26,0.836,0.414,0,0.720363
E00157,2024-09-01,BU03,Finance,IC2,10.33,0.525,3.6,0.839,0.374,0,0.662202
E00158,2024-09-01,BU09,Finance,IC3,10.242,0.65,3.09,0.964,0.46,0,0.720111
E00159,2024-09-01,BU03,Admin,M1,2.19,0.503,3.44,0.6,0.59,0,0.776437
E00160,2024-09-01,BU09,Finance,IC3,0.493,0.58,3.43,0.6,0.478,0,0.694981
E00161,2024-09-01,BU02,IT,IC3,2.152,0.545,2.96,0.6,0.658,0,0.866954
E00162,2024-09-01,BU10,Clinical,IC2,6.976,0.779,3.62,0.944,0.853,0,0.599956
E00163,2024-09-01,BU09,IT,IC2,1.791,0.559,3.57,0.873,0.603,0,0.689722
E00164,2024-09-01,BU08,Admin,IC2,7.677,0.747,3.48,0.973,0.529,0,0.547922
E00165,2024-09-01,BU09,Admin,M1,3.849,0.463,3.44,0.6,0.59,0,0.777966
E00166,2024-09-01,BU05,IT,M1,5.065,0.579,3.85,0.6,0.385,0,0.617278
E00167,2024-09-01,BU02,Finance,M1,3.195,0.721,3.27,0.6,0.572,0,0.75422
E00168,2024-09-01,BU08,Finance,IC1,0.0,0.57,3.27,1.502,0.515,0,0.605973
E00169,2024-09-01,BU06,Education,IC3,2.051,0.619,3.34,0.6,0.707,0,0.772553
E00170,2024-09-01,BU08,Admin,M1,5.733,0.514,3.81,0.6,0.442,0,0.691396
E00171,2024-09-01,BU05,Operations,IC3,10.316,0.415,3.6,0.752,0.77,0,0.788795
E00172,2024-09-01,BU10,Education,M1,8.027,0.545,3.46,0.603,0.602,0,0.715745
E00173,2024-09-01,BU02,Finance,M1,0.893,0.517,3.17,0.93,0.501,0,0.701919
E00174,2024-09-01,BU06,IT,IC2,2.691,0.62,3.15,1.257,0.423,0,0.619136
E00175,2024-09-01,BU05,Finance,IC2,0.419,0.516,2.95,0.6,0.517,0,0.79006
E00176,2024-09-01,BU05,IT,IC1,4.884,0.674,2.92,0.6,0.49,0,0.792275
E00177,2024-09-01,BU01,Education,IC2,3.075,0.512,3.43,0.608,0.494,0,0.748369
E00178,2024-09-01,BU02,Admin,IC3,1.864,0.704,3.33,0.64,0.446,0,0.655156
E00179,2024-09-01,BU08,Finance,M1,6.683,0.587,3.77,0.6,0.463,0,0.648332
E00180,2024-09-01,BU03,IT,IC1,10.546,0.527,3.67,1.6,0.462,0,0.484065
E00181,2024-09-01,BU10,Admin,IC1,9.744,0.555,3.03,0.915,0.47,0,0.727636
E00182,2024-09-01,BU03,Operations,IC3,0.695,0.486,3.09,0.835,0.626,0,0.752571
E00183,2024-09-01,BU08,IT,IC1,7.277,0.666,3.22,1.003,0.548,0,0.609336
E00184,2024-09-01,BU08,Education,IC1,3.934,0.574,2.94,0.864,0.438,0,0.735233
E00185,2024-09-01,BU02,Operations,IC1,9.421,0.587,2.87,0.6,0.626,0,0.81481
E00186,2024-09-01,BU08,Operations,IC1,7.775,0.854,3.23,0.924,0.579,0,0.629257
E00187,2024-09-01,BU01,Clinical,IC1,10.193,0.464,3.15,1.6,0.661,0,0.612655
E00188,2024-09-01,BU06,Finance,IC2,6.617,0.626,3.14,0.6,0.592,0,0.756624
E00189,2024-09-01,BU08,IT,IC2,9.982,0.657,3.75,0.6,0.721,0,0.691766
E00190,2024-09-01,BU03,Operations,M1,3.628,0.52,3.58,1.034,0.533,0,0.683802
E00191,2024-09-01,BU08,Clinical,IC2,10.283,0.689,3.61,1.008,0.564,0,0.651684
E00192,2024-09-01,BU01,Education,IC3,0.381,0.559,3.66,0.78,0.547,0,0.647937
E00193,2024-09-01,BU09,Admin,IC1,9.73,0.697,4.45,1.452,0.522,0,0.306576
E00194,2024-09-01,BU09,IT,IC1,9.451,0.505,3.11,0.698,0.4,0,0.768848
E00195,2024-09-01,BU05,Operations,IC3,9.232,0.517,3.63,0.635,0.612,0,0.755585
E00196,2024-09-01,BU10,Finance,IC1,5.558,0.472,3.73,1.298,0.714,0,0.669021
E00197,2024-09-01,BU04,Clinical,IC2,4.452,0.596,3.12,1.6,0.651,0,0.570475
E00198,2024-09-01,BU06,Operations,IC3,6.272,0.53,3.19,0.6,0.844,0,0.751652
E00199,2024-09-01,BU07,Finance,IC3,9.947,0.56,3.46,1.016,0.52,0,0.67421
E00200,2024-09-01,BU05,Operations,IC1,10.513,0.533,3.61,1.029,0.61,0,0.690455
E00201,2024-09-01,BU10,IT,IC2,7.896,0.698,3.62,0.746,0.695,0,0.625439
E00202,2024-09-01,BU09,IT,IC3,9.081,0.457,3.23,0.634,0.476,0,0.765028
E00203,2024-09-01,BU03,IT,IC1,6.53,0.708,2.99,0.607,0.667,0,0.809772
E00204,2024-09-01,BU07,Education,IC3,0.769,0.501,3.73,0.932,0.543,0,0.663834
E00205,2024-09-01,BU10,Education,IC3,5.27,0.7,3.28,0.6,0.46,0,0.695017
E00206,2024-09-01,BU10,Clinical,M2,4.142,0.727,3.91,0.6,0.741,0,0.672619
E00207,2024-09-01,BU05,IT,IC1,7.072,0.448,3.82,1.317,0.517,0,0.517131
E00208,2024-09-01,BU07,Finance,M1,4.665,0.627,3.57,0.729,0.487,0,0.610764
E00209,2024-09-01,BU02,Operations,IC2,0.235,0.463,3.13,0.783,0.599,0,0.786057
E00210,2024-09-01,BU04,Admin,IC2,3.619,0.606,2.92,1.106,0.392,0,0.65962
E00211,2024-09-01,BU02,Finance,IC1,0.512,0.602,3.1,1.494,0.415,0,0.520286
E00212,2024-09-01,BU07,Education,IC3,10.664,0.612,3.6,0.956,0.562,0,0.617002
E00213,2024-09-01,BU02,Education,IC1,4.764,0.543,2.98,0.776,0.629,0,0.740603
E00214,2024-09-01,BU01,Finance,IC2,3.294,0.614,3.37,1.093,0.557,0,0.63655
E00215,2024-09-01,BU09,Education,IC1,5.892,0.629,3.46,0.975,0.513,0,0.592619
E00216,2024-09-01,BU01,IT,M1,6.93,0.53,3.29,0.967,0.517,0,0.71425
E00217,2024-09-01,BU08,Clinical,M1,9.224,0.682,3.41,0.6,0.682,0,0.718014
E00218,2024-09-01,BU02,Operations,IC3,4.764,0.495,2.64,0.6,0.567,0,0.855921
E00219,2024-09-01,BU08,Clinical,IC2,4.786,0.529,3.52,0.628,0.786,0,0.788901
E00220,2024-09-01,BU03,Operations,IC1,0.611,0.768,2.82,0.986,0.745,0,0.759873
E00221,2024-09-01,BU06,Operations,IC3,10.604,0.583,3.86,0.763,0.524,0,0.629045
E00222,2024-09-01,BU03,Clinical,IC2,2.516,0.551,3.35,0.896,0.787,0,0.741583
E00223,2024-09-01,BU07,Finance,IC1,0.0,0.423,3.23,1.039,0.311,0,0.709529
E00224,2024-09-01,BU10,Operations,IC3,5.454,0.646,3.0,0.771,0.634,0,0.753513
E00225,2024-09-01,BU09,Clinical,M2,8.654,0.594,3.8,0.6,0.676,0,0.690777
E00226,2024-09-01,BU02,Operations,IC3,7.283,0.567,3.45,0.6,0.493,0,0.720168
E00227,2024-09-01,BU05,Admin,IC3,0.107,0.618,3.12,0.6,0.376,0,0.738981
E00228,2024-09-01,BU06,Finance,M2,7.253,0.584,3.26,0.636,0.355,0,0.68118
E00229,2024-09-01,BU04,IT,IC1,7.707,0.676,4.03,1.13,0.505,0,0.436426
E00230,2024-09-01,BU04,Operations,IC3,1.64,0.433,3.41,0.6,0.73,0,0.826824
E00231,2024-09-01,BU04,Admin,M2,8.279,0.613,3.73,0.699,0.534,0,0.626449
E00232,2024-09-01,BU02,IT,IC1,8.268,0.557,3.68,1.6,0.604,0,0.459888
E00233,2024-09-01,BU04,IT,IC3,7.179,0.617,3.58,0.6,0.591,0,0.727321
E00234,2024-09-01,BU01,Operations,IC3,4.457,0.53,2.88,0.794,0.533,0,0.735105
E00235,2024-09-01,BU06,Clinical,IC3,7.283,0.589,3.57,0.624,0.803,0,0.756372
E00236,2024-09-01,BU01,Operations,IC3,2.127,0.414,2.75,0.758,0.699,0,0.838416
E00237,2024-09-01,BU10,Admin,M1,10.322,0.68,2.92,0.6,0.51,0,0.677616
E00238,2024-09-01,BU06,IT,M1,3.294,0.447,2.99,0.6,0.475,0,0.838312
E00239,2024-09-01,BU01,Operations,IC1,4.285,0.542,3.39,1.237,0.63,0,0.620025
E00240,2024-09-01,BU06,Clinical,M1,8.898,0.747,3.42,0.779,0.716,0,0.666696
E00241,2024-09-01,BU10,Operations,IC1,2.875,0.634,3.9,1.119,0.556,0,0.542885
E00242,2024-09-01,BU08,Finance,IC2,10.453,0.658,3.6,0.658,0.589,0,0.673461
E00243,2024-09-01,BU02,Clinical,IC2,0.611,0.617,3.39,0.6,0.91,0,0.702898
E00244,2024-09-01,BU02,Admin,IC2,2.281,0.624,3.39,0.671,0.338,0,0.657299
E00245,2024-09-01,BU04,IT,IC2,1.927,0.492,2.76,0.703,0.673,0,0.855091
E00246,2024-09-01,BU03,Operations,M2,9.648,0.573,2.38,0.6,0.605,0,0.83887
E00247,2024-09-01,BU04,Clinical,IC3,4.46,0.517,3.36,0.6,0.705,0,0.834045
E00248,2024-09-01,BU07,Finance,IC3,1.405,0.47,3.33,0.6,0.344,0,0.75684
E00249,2024-09-01,BU01,Clinical,IC1,8.668,0.523,3.65,1.017,0.495,0,0.633133
E00250,2024-09-01,BU06,Education,M1,4.635,0.531,2.7,0.825,0.359,0,0.765936
E00251,2024-09-01,BU03,Finance,M1,1.027,0.468,3.53,0.6,0.434,0,0.723686
E00252,2024-09-01,BU10,Admin,M1,2.533,0.569,3.57,0.6,0.419,0,0.708387
E00253,2024-09-01,BU07,IT,IC1,6.68,0.535,3.35,0.753,0.606,0,0.751826
E00254,2024-09-01,BU10,Admin,IC1,10.023,0.616,3.12,1.099,0.292,0,0.588906
E00255,2024-09-01,BU02,Operations,IC1,9.123,0.572,3.22,1.113,0.58,0,0.678959
E00256,2024-09-01,BU02,Clinical,IC1,9.875,0.537,3.82,1.054,0.76,0,0.610049
E00257,2024-09-01,BU04,Education,IC2,5.886,0.445,2.68,1.179,0.595,0,0.734513
E00258,2024-09-01,BU01,Finance,M1,6.541,0.591,3.28,0.6,0.423,0,0.692018
E00259,2024-09-01,BU03,Finance,IC2,0.233,0.52,3.82,1.505,0.519,0,0.558915
E00260,2024-09-01,BU09,Clinical,IC1,4.203,0.631,3.46,1.311,0.662,0,0.689507
E00261,2024-09-01,BU07,Education,IC2,2.459,0.522,3.94,0.6,0.681,0,0.719086
E00262,2024-09-01,BU07,Clinical,IC1,1.834,0.577,3.28,1.6,0.692,0,0.583233
E00263,2024-09-01,BU04,Operations,IC1,8.548,0.614,3.23,0.792,0.699,0,0.736169
E00264,2024-09-01,BU02,Admin,IC2,7.702,0.571,3.16,0.6,0.358,0,0.71592
E00265,2024-09-01,BU04,Finance,IC2,8.63,0.602,2.94,0.887,0.455,0,0.73867
E00266,2024-09-01,BU06,Operations,M1,7.206,0.544,2.21,0.6,0.536,0,0.817772
E00267,2024-09-01,BU03,Admin,M2,2.749,0.669,2.17,0.6,0.583,0,0.826722
E00268,2024-09-01,BU01,Operations,IC2,5.281,0.494,3.43,1.343,0.771,0,0.612421
E00269,2024-09-01,BU08,Education,IC2,2.76,0.487,3.05,0.922,0.638,1,0.804559
E00270,2024-09-01,BU05,Finance,M1,9.958,0.498,3.7,0.734,0.561,0,0.701011
E00271,2024-09-01,BU05,Clinical,IC2,3.619,0.545,3.65,0.6,0.507,0,0.699232
E00272,2024-09-01,BU04,Clinical,IC1,7.157,0.634,3.33,0.6,0.686,0,0.712491
E00273,2024-09-01,BU06,Admin,M1,0.287,0.447,3.59,0.656,0.438,0,0.766871
E00274,2024-09-01,BU03,IT,IC1,10.33,0.667,2.37,1.306,0.439,0,0.647258
E00275,2024-09-01,BU09,Education,IC3,3.581,0.543,3.46,0.93,0.417,0,0.638224
E00276,2024-09-01,BU05,Admin,IC3,6.815,0.675,3.2,0.655,0.609,0,0.707609
E00277,2024-09-01,BU03,IT,IC2,5.446,0.563,3.51,0.6,0.509,0,0.655475
E00278,2024-09-01,BU01,Operations,IC2,3.154,0.484,3.26,1.6,0.533,0,0.622351
E00279,2024-09-01,BU10,Education,M1,7.247,0.546,3.42,0.6,0.635,0,0.762547
E00280,2024-09-01,BU06,Operations,IC1,7.726,0.633,3.6,0.917,0.505,0,0.620791
E00281,2024-09-01,BU02,Finance,IC1,2.557,0.584,3.24,0.875,0.359,0,0.707293
E00282,2024-09-01,BU03,Education,IC3,8.203,0.329,3.64,0.686,0.618,0,0.77975
E00283,2024-09-01,BU01,IT,IC2,2.546,0.5,3.32,1.074,0.527,0,0.713797
E00284,2024-09-01,BU09,Finance,IC1,9.58,0.65,3.87,0.98,0.464,0,0.553139
E00285,2024-09-01,BU08,Clinical,M1,9.509,0.552,3.43,0.768,0.649,0,0.726244
E00286,2024-09-01,BU02,IT,IC2,8.835,0.577,3.18,0.79,0.495,0,0.781193
E00287,2024-09-01,BU08,Admin,M1,5.446,0.53,3.23,0.6,0.535,0,0.793327
E00288,2024-09-01,BU09,Clinical,M1,8.523,0.498,3.49,0.741,0.578,0,0.724417
E00289,2024-09-01,BU01,Clinical,IC3,2.346,0.499,3.95,0.805,0.708,0,0.657486
E00290,2024-09-01,BU05,Admin,IC2,6.954,0.507,2.9,0.685,0.34,0,0.756376
E00291,2024-09-01,BU08,Education,M2,10.237,0.637,3.55,0.6,0.606,0,0.723127
E00292,2024-09-01,BU02,Clinical,IC1,7.647,0.552,3.13,1.062,0.633,0,0.701581
E00293,2024-09-01,BU04,IT,IC3,10.086,0.626,3.27,0.647,0.5,0,0.698767
E00294,2024-09-01,BU07,Finance,IC1,5.687,0.604,3.24,0.762,0.414,0,0.681368
E00295,2024-09-01,BU03,Clinical,IC2,7.11,0.679,2.82,0.6,0.498,0,0.709796
E00296,2024-09-01,BU05,IT,IC2,2.913,0.551,3.1,0.843,0.46,0,0.742179
E00297,2024-09-01,BU08,Operations,M2,3.441,0.457,3.57,0.628,0.455,0,0.701051
E00298,2024-09-01,BU10,IT,M2,4.608,0.536,3.56,0.6,0.668,0,0.720863
E00299,2024-09-01,BU03,Finance,IC1,8.266,0.654,3.6,0.757,0.606,0,0.634328
E00300,2024-09-01,BU04,IT,IC1,10.401,0.521,3.36,0.731,0.368,0,0.742669
E00301,2024-09-01,BU09,Admin,IC3,9.862,0.588,3.19,0.756,0.381,0,0.73988
E00302,2024-09-01,BU07,Finance,IC2,0.019,0.505,3.08,0.6,0.53,0,0.828758
E00303,2024-09-01,BU01,Education,IC1,8.63,0.608,3.53,1.6,0.592,0,0.515862
E00304,2024-09-01,BU04,Operations,IC3,4.909,0.592,3.62,0.6,0.753,0,0.766291
E00305,2024-09-01,BU04,Admin,IC2,4.663,0.554,3.37,0.6,0.466,0,0.672291
E00306,2024-09-01,BU09,Education,M2,4.704,0.473,3.38,0.6,0.359,0,0.762277
E00307,2024-09-01,BU06,IT,IC1,5.421,0.53,2.78,0.825,0.478,0,0.74891
E00308,2024-09-01,BU09,Finance,IC2,5.013,0.579,3.51,1.16,0.462,0,0.586692
E00309,2024-09-01,BU06,Operations,IC2,8.298,0.589,3.49,0.864,0.495,0,0.703419
E00310,2024-09-01,BU06,Admin,M1,5.563,0.581,2.9,0.6,0.435,0,0.769162
E00311,2024-09-01,BU05,Education,IC2,3.25,0.657,3.53,0.756,0.643,0,0.684057
E00312,2024-09-01,BU05,Education,IC3,0.331,0.633,3.48,0.793,0.432,0,0.624502
E00313,2024-09-01,BU02,Operations,IC1,0.52,0.556,3.29,0.6,0.672,0,0.873615
E00314,2024-09-01,BU08,IT,M1,8.799,0.599,2.92,0.807,0.482,0,0.723837
E00315,2024-09-01,BU08,Operations,IC2,5.771,0.432,3.78,0.605,0.595,0,0.821105
E00316,2024-09-01,BU01,Education,IC1,9.799,0.524,3.71,1.543,0.488,0,0.454567
E00317,2024-09-01,BU08,Clinical,IC3,10.478,0.564,3.21,0.661,0.801,0,0.764691
E00318,2024-09-01,BU05,Admin,IC1,5.96,0.608,4.18,1.115,0.481,0,0.462625
E00319,2024-09-01,BU02,Operations,IC1,8.162,0.491,3.59,1.406,0.651,0,0.624204
E00320,2024-09-01,BU02,Education,M1,7.118,0.487,2.54,0.628,0.491,0,0.812466
E00321,2024-09-01,BU06,IT,IC2,7.822,0.562,2.9,0.938,0.535,0,0.778792
E00322,2024-09-01,BU09,Education,IC3,10.196,0.482,3.19,0.6,0.765,0,0.864401
E00323,2024-09-01,BU01,IT,IC2,10.031,0.607,3.73,0.857,0.45,0,0.563985
E00324,2024-09-01,BU06,Operations,M1,6.385,0.526,3.93,0.6,0.688,0,0.710814
E00325,2024-09-01,BU09,IT,IC1,5.027,0.629,2.98,0.829,0.598,0,0.768626
E00326,2024-09-01,BU08,Finance,IC2,8.378,0.682,3.61,1.504,0.466,0,0.378675
E00327,2024-09-01,BU06,Finance,M2,2.04,0.575,3.2,0.6,0.491,0,0.768885
E00328,2024-09-01,BU03,Finance,M1,5.985,0.561,3.7,0.6,0.569,0,0.748632
E00329,2024-09-01,BU08,Clinical,IC2,3.48,0.475,3.82,0.862,0.734,0,0.696049
E00330,2024-09-01,BU09,Operations,IC2,10.489,0.553,3.5,0.623,0.722,0,0.763701
E00331,2024-09-01,BU01,Education,M1,5.834,0.656,3.38,0.662,0.685,0,0.788355
E00332,2024-09-01,BU09,Education,IC2,8.523,0.595,3.42,0.864,0.556,0,0.650267
E00333,2024-09-01,BU06,Clinical,M1,9.864,0.439,4.18,0.6,0.734,0,0.709841
E00334,2024-09-01,BU06,IT,M1,7.455,0.599,4.22,0.6,0.555,0,0.612594
E00335,2024-09-01,BU04,Clinical,IC1,6.464,0.622,3.88,0.613,0.807,0,0.739493
E00336,2024-09-01,BU01,IT,IC1,4.287,0.749,3.09,1.299,0.652,0,0.58284
E00337,2024-09-01,BU10,IT,IC3,10.33,0.563,3.57,0.655,0.515,0,0.712582
E00338,2024-09-01,BU08,Admin,IC1,8.509,0.773,3.59,1.02,0.525,0,0.617111
E00339,2024-09-01,BU02,Education,IC2,8.706,0.52,3.2,0.961,0.694,0,0.705903
E00340,2024-09-01,BU01,Finance,M2,1.916,0.535,3.26,0.6,0.484,0,0.795438
E00341,2024-09-01,BU02,IT,IC3,1.254,0.553,3.69,0.834,0.656,0,0.660701
E00342,2024-09-01,BU01,Admin,M1,5.3,0.756,3.04,0.6,0.415,0,0.713972
E00343,2024-09-01,BU01,Education,IC3,1.243,0.421,3.06,1.028,0.568,0,0.818036
E00344,2024-09-01,BU09,Finance,IC3,8.616,0.628,2.4,0.6,0.566,0,0.879847
E00345,2024-09-01,BU01,IT,IC1,3.31,0.459,3.56,0.6,0.567,0,0.805178
E00346,2024-09-01,BU04,IT,IC2,2.976,0.392,3.21,0.692,0.407,0,0.786
E00347,2024-09-01,BU10,Clinical,IC2,8.75,0.525,3.64,0.719,0.728,0,0.764189
E00348,2024-09-01,BU06,Clinical,IC2,4.914,0.582,2.78,0.66,0.841,0,0.885737
E00349,2024-09-01,BU07,Education,M1,4.523,0.541,3.95,0.605,0.503,0,0.606249
E00350,2024-09-01,BU02,Finance,IC2,9.607,0.626,3.57,1.052,0.647,0,0.629489
E00351,2024-09-01,BU06,IT,IC2,0.0,0.409,3.41,0.663,0.563,0,0.757746
E00352,2024-09-01,BU07,Education,IC2,0.783,0.397,4.34,0.6,0.487,0,0.647077
E00353,2024-09-01,BU10,Education,IC1,8.991,0.637,3.89,0.691,0.553,0,0.567137
E00354,2024-09-01,BU10,Operations,IC2,0.909,0.442,3.66,0.69,0.927,0,0.820504
E00355,2024-09-01,BU02,Clinical,IC1,9.988,0.702,3.05,0.6,0.753,0,0.762088
E00356,2024-09-01,BU02,Finance,IC1,2.979,0.611,3.27,0.723,0.503,0,0.693456
E00357,2024-09-01,BU10,IT,IC1,10.251,0.701,3.47,1.458,0.431,0,0.444697
E00358,2024-09-01,BU07,Education,IC2,2.031,0.523,3.61,0.6,0.586,0,0.737445
E00359,2024-09-01,BU01,IT,M1,0.0,0.458,3.11,0.636,0.687,0,0.794187
E00360,2024-09-01,BU08,Operations,IC2,5.662,0.595,3.51,0.6,0.378,0,0.725484
E00361,2024-09-01,BU03,Finance,IC2,3.866,0.587,3.16,1.415,0.313,0,0.503376
E00362,2024-09-01,BU06,Education,IC3,1.352,0.524,3.63,1.2,0.443,0,0.569466
E00363,2024-09-01,BU09,IT,IC1,4.611,0.538,3.01,1.058,0.445,0,0.681689
E00364,2024-09-01,BU06,Clinical,M1,1.057,0.588,3.23,1.044,0.568,0,0.678908
E00365,2024-09-01,BU09,Operations,IC2,8.605,0.552,3.37,0.846,0.402,0,0.643334
E00366,2024-09-01,BU07,Finance,IC2,9.462,0.516,3.88,1.014,0.536,0,0.595639
E00367,2024-09-01,BU09,Operations,IC3,2.396,0.535,3.3,1.002,0.639,0,0.719653
E00368,2024-09-01,BU02,Clinical,IC1,3.023,0.537,3.49,0.973,0.645,0,0.635504
E00369,2024-09-01,BU08,Finance,IC3,1.183,0.477,3.22,0.6,0.484,0,0.769301
E00370,2024-09-01,BU08,Operations,IC2,3.882,0.59,2.59,0.992,0.503,0,0.766713
E00371,2024-09-01,BU02,Admin,M1,1.692,0.478,3.53,0.6,0.541,0,0.745432
E00372,2024-09-01,BU04,Clinical,IC1,7.127,0.705,3.31,0.824,0.761,0,0.710608
E00373,2024-09-01,BU07,Clinical,IC2,7.039,0.556,2.83,0.838,0.685,0,0.837717
E00374,2024-09-01,BU04,Clinical,IC3,10.533,0.506,3.36,0.757,0.51,0,0.747071
E00375,2024-09-01,BU04,Admin,IC1,2.875,0.533,3.01,1.026,0.419,0,0.699375
E00376,2024-09-01,BU06,Admin,IC2,7.797,0.601,3.41,0.939,0.655,0,0.685671
E00377,2024-09-01,BU10,IT,IC3,4.063,0.509,3.31,0.6,0.531,0,0.767097
E00378,2024-09-01,BU06,Education,M1,9.487,0.581,3.99,0.6,0.643,0,0.667485
E00379,2024-09-01,BU10,Operations,IC2,9.169,0.549,3.55,0.996,0.503,0,0.668425
E00380,2024-09-01,BU03,IT,M1,4.471,0.467,3.34,0.918,0.608,0,0.744497
E00381,2024-09-01,BU09,Operations,M2,5.106,0.455,3.17,0.926,0.631,0,0.82912
E00382,2024-09-01,BU10,Education,M1,7.817,0.587,3.03,0.6,0.531,0,0.793
E00383,2024-09-01,BU02,Admin,IC1,1.73,0.701,3.5,1.248,0.248,0,0.435255
E00384,2024-09-01,BU06,Education,IC3,1.525,0.499,3.27,1.239,0.491,0,0.674574
E00385,2024-09-01,BU07,Admin,IC2,4.862,0.51,3.3,0.672,0.434,0,0.736465
E00386,2024-09-01,BU09,Education,M2,1.227,0.435,3.42,0.6,0.527,0,0.767468
E00387,2024-09-01,BU03,IT,IC2,1.47,0.515,2.77,0.988,0.486,0,0.789962
E00388,2024-09-01,BU10,Finance,IC1,5.498,0.374,3.56,1.59,0.484,0,0.607085
E00389,2024-09-01,BU03,IT,IC3,9.933,0.549,2.75,0.6,0.453,0,0.81327
E00390,2024-09-01,BU07,Operations,IC2,7.102,0.795,3.12,0.6,0.67,0,0.721874
E00391,2024-09-01,BU04,IT,M2,1.306,0.505,4.11,0.6,0.579,0,0.645572
E00392,2024-09-01,BU08,Clinical,M2,4.75,0.605,3.14,0.6,0.799,0,0.798697
E00393,2024-09-01,BU07,Operations,IC3,4.86,0.658,4.35,0.988,0.63,0,0.434542
E00394,2024-09-01,BU05,Education,IC1,0.159,0.642,3.11,1.08,0.562,0,0.669065
E00395,2024-09-01,BU07,Operations,IC3,5.974,0.61,4.21,0.689,0.597,0,0.630532
E00396,2024-09-01,BU03,Finance,IC1,10.653,0.69,3.45,1.096,0.446,0,0.494159
E00397,2024-09-01,BU02,Admin,IC1,3.124,0.58,2.65,1.03,0.378,0,0.728563
E00398,2024-09-01,BU06,Education,M1,6.198,0.555,3.26,0.953,0.444,0,0.645957
E00399,2024-09-01,BU02,Operations,IC1,5.895,0.512,2.57,0.942,0.751,0,0.870816
E00400,2024-09-01,BU03,Education,IC2,3.743,0.447,3.31,0.6,0.422,0,0.781953
E00401,2024-09-01,BU06,Education,M2,6.979,0.668,3.5,0.6,0.501,0,0.730026
E00402,2024-09-01,BU05,Education,IC2,5.654,0.611,2.71,0.725,0.563,0,0.786417
E00403,2024-09-01,BU08,Admin,IC2,7.417,0.548,3.09,0.6,0.414,0,0.735567
E00404,2024-09-01,BU09,IT,M1,7.956,0.577,2.74,0.6,0.398,0,0.784462
E00405,2024-09-01,BU03,Education,IC1,4.408,0.651,2.85,0.882,0.481,0,0.759083
E00406,2024-09-01,BU10,Clinical,M1,2.853,0.585,2.8,0.6,0.77,0,0.791108
E00407,2024-09-01,BU03,Finance,M2,7.491,0.645,3.68,0.607,0.436,0,0.599962
E00408,2024-09-01,BU03,Admin,M1,8.934,0.525,3.46,0.6,0.43,0,0.759393
E00409,2024-09-01,BU06,Operations,IC3,1.552,0.313,3.98,0.78,0.526,0,0.666532
E00410,2024-09-01,BU01,Admin,IC2,8.359,0.521,3.23,0.662,0.443,0,0.702565
E00411,2024-09-01,BU07,Operations,IC2,10.198,0.641,4.26,0.805,0.675,0,0.564126
E00412,2024-09-01,BU01,Admin,M1,3.556,0.573,3.52,0.652,0.539,0,0.722047
E00413,2024-09-01,BU05,Operations,M1,8.027,0.596,2.87,0.6,0.686,0,0.834854
E00414,2024-09-01,BU10,Education,IC2,1.032,0.465,3.16,0.825,0.616,0,0.793785
E00415,2024-09-01,BU08,IT,IC1,4.597,0.637,3.98,1.6,0.474,0,0.330354
E00416,2024-09-01,BU04,Operations,IC1,0.687,0.615,3.1,0.6,0.499,0,0.71345
E00417,2024-09-01,BU05,Operations,IC1,6.491,0.7,3.43,0.832,0.711,0,0.644992
E00418,2024-09-01,BU04,Clinical,IC3,0.849,0.531,3.6,0.866,0.729,0,0.776033
E00419,2024-09-01,BU04,Operations,IC2,5.982,0.457,3.64,0.787,0.503,0,0.710222
E00420,2024-09-01,BU08,Clinical,M1,4.334,0.496,3.18,0.698,0.713,0,0.828233
E00421,2024-09-01,BU02,Finance,IC3,2.223,0.579,4.06,0.6,0.594,0,0.638856
E00422,2024-09-01,BU01,Education,IC1,6.387,0.677,2.95,1.169,0.558,0,0.71516
E00423,2024-09-01,BU03,Clinical,IC3,9.854,0.589,2.89,0.6,0.824,0,0.881535
E00424,2024-09-01,BU09,IT,IC2,1.528,0.514,3.42,0.819,0.331,0,0.660431
E00425,2024-09-01,BU04,Education,IC3,0.819,0.627,3.34,0.6,0.69,0,0.735782
E00426,2024-09-01,BU10,Clinical,IC3,10.062,0.715,3.87,1.456,0.8,0,0.426726
E00427,2024-09-01,BU05,Education,M1,8.802,0.563,3.06,0.654,0.484,0,0.824211
E00428,2024-09-01,BU02,Education,M1,5.21,0.532,2.92,0.6,0.523,1,0.809983
E00429,2024-09-01,BU04,Education,IC2,2.27,0.453,3.5,0.6,0.429,0,0.706801
E00430,2024-09-01,BU02,Finance,IC1,2.946,0.581,3.48,0.953,0.664,0,0.714118
E00431,2024-09-01,BU02,IT,IC3,6.593,0.579,3.01,0.779,0.463,0,0.785387
E00432,2024-09-01,BU04,Admin,IC1,10.27,0.49,3.34,0.904,0.397,0,0.719041
E00433,2024-09-01,BU06,Admin,IC2,4.216,0.522,2.81,0.642,0.485,0,0.839795
E00434,2024-09-01,BU07,Clinical,IC1,6.335,0.549,2.97,0.741,0.904,0,0.799973
E00435,2024-09-01,BU10,Education,IC3,5.18,0.514,3.34,0.727,0.647,0,0.768347
E00436,2024-09-01,BU03,Clinical,IC1,4.194,0.571,2.99,1.128,0.86,0,0.742833
E00437,2024-09-01,BU03,Finance,IC3,8.142,0.631,2.85,1.043,0.594,0,0.735148
E00438,2024-09-01,BU10,Finance,M2,1.421,0.519,3.31,0.6,0.529,1,0.837709
E00439,2024-09-01,BU06,Operations,IC1,7.784,0.667,3.09,1.107,0.566,0,0.647473
E00440,2024-09-01,BU03,Finance,IC1,6.031,0.517,3.22,0.866,0.393,0,0.717799
E00441,2024-09-01,BU02,Operations,IC2,5.164,0.508,2.6,0.768,0.604,0,0.849853
E00442,2024-09-01,BU08,IT,M1,1.952,0.65,3.47,0.604,0.423,0,0.611756
E00443,2024-09-01,BU05,Clinical,IC1,6.103,0.662,2.96,1.044,0.54,0,0.639314
E00444,2024-09-01,BU01,IT,IC2,10.45,0.527,3.61,0.876,0.619,0,0.67065
E00445,2024-09-01,BU03,Finance,IC1,7.477,0.566,2.96,0.631,0.437,0,0.820791
E00446,2024-09-01,BU10,IT,M1,6.067,0.623,2.75,0.6,0.545,0,0.833848
E00447,2024-09-01,BU08,IT,IC2,1.311,0.531,3.24,1.261,0.521,0,0.664395
E00448,2024-09-01,BU04,IT,M1,1.413,0.367,3.4,0.6,0.568,0,0.840455
E00449,2024-09-01,BU07,Finance,M1,6.042,0.648,3.61,0.6,0.583,0,0.710856
E00450,2024-09-01,BU10,Education,IC1,4.181,0.587,2.94,1.368,0.402,0,0.621491
E00451,2024-09-01,BU02,IT,M1,7.565,0.63,3.12,0.6,0.593,0,0.777482
E00452,2024-09-01,BU07,Operations,IC1,10.401,0.626,3.77,1.094,0.698,0,0.616984
E00453,2024-09-01,BU05,Finance,M1,5.747,0.618,2.94,0.685,0.446,0,0.745114
E00454,2024-09-01,BU05,IT,IC3,3.775,0.663,3.4,0.6,0.451,0,0.718832
E00455,2024-09-01,BU06,Education,M1,1.418,0.524,3.14,0.6,0.534,0,0.856015
E00456,2024-09-01,BU09,Finance,IC1,1.194,0.475,3.57,1.178,0.618,0,0.612329
E00457,2024-09-01,BU06,Admin,IC1,5.216,0.555,3.03,1.544,0.545,0,0.596197
E00458,2024-09-01,BU08,Education,IC2,6.604,0.767,3.11,0.781,0.568,0,0.696871
E00459,2024-09-01,BU07,Operations,IC2,7.028,0.704,3.77,0.624,0.638,0,0.67658
E00460,2024-09-01,BU09,IT,IC1,9.196,0.546,3.17,0.712,0.479,0,0.745132
E00461,2024-09-01,BU04,Admin,IC2,7.493,0.771,2.78,1.017,0.497,0,0.666194
E00462,2024-09-01,BU02,Admin,IC1,0.939,0.528,3.83,0.858,0.572,0,0.650025
E00463,2024-09-01,BU07,Finance,IC2,1.582,0.68,3.75,0.717,0.344,0,0.568153
E00464,2024-09-01,BU06,Admin,M1,7.765,0.478,3.13,0.6,0.456,0,0.786578
E00465,2024-09-01,BU01,Operations,IC2,1.079,0.595,2.87,0.6,0.711,0,0.836922
E00466,2024-09-01,BU09,Operations,IC1,9.881,0.578,3.34,1.6,0.582,0,0.520998
E00467,2024-09-01,BU09,Clinical,IC2,3.452,0.694,3.66,0.6,0.654,0,0.729611
E00468,2024-09-01,BU02,Operations,IC1,5.703,0.527,3.75,0.973,0.711,0,0.656069
E00469,2024-09-01,BU03,Education,M2,7.332,0.452,3.47,0.6,0.528,0,0.821663
E00470,2024-09-01,BU05,Admin,IC1,3.201,0.565,3.39,0.79,0.49,0,0.659448
E00471,2024-09-01,BU05,Operations,IC3,3.89,0.523,3.0,0.945,0.626,0,0.749445
E00472,2024-09-01,BU01,Finance,M2,9.21,0.607,2.46,0.6,0.473,0,0.802618
E00473,2024-09-01,BU08,Clinical,M1,10.349,0.499,3.33,0.79,0.706,0,0.7986
E00474,2024-09-01,BU08,Admin,IC3,0.471,0.646,3.71,0.6,0.502,0,0.661676
E00475,2024-09-01,BU04,Clinical,M1,7.392,0.611,3.26,0.671,0.584,0,0.725575
E00476,2024-09-01,BU07,Admin,M2,3.663,0.568,3.77,0.6,0.487,0,0.697066
E00477,2024-09-01,BU10,Finance,IC3,9.399,0.413,3.74,0.767,0.468,0,0.701765
E00478,2024-09-01,BU03,Clinical,IC3,8.6,0.704,3.07,0.6,0.744,0,0.773872
E00479,2024-09-01,BU06,IT,IC3,9.749,0.653,3.61,0.6,0.422,0,0.655145
E00480,2024-09-01,BU10,Education,IC2,10.612,0.591,2.87,0.6,0.378,0,0.781985
E00481,2024-09-01,BU10,Education,IC3,7.896,0.653,3.29,0.761,0.758,0,0.774124
E00482,2024-09-01,BU09,Admin,IC2,0.23,0.483,4.04,1.334,0.421,0,0.41381
E00483,2024-09-01,BU01,IT,IC1,6.319,0.614,3.07,0.6,0.511,0,0.768424
E00484,2024-09-01,BU05,Clinical,IC1,7.789,0.542,4.1,0.702,0.732,0,0.640036
E00485,2024-09-01,BU04,IT,IC1,10.42,0.484,3.01,0.924,0.49,0,0.757193
E00486,2024-09-01,BU08,IT,IC2,9.769,0.66,2.47,0.802,0.606,0,0.747374
E00487,2024-09-01,BU01,Clinical,IC1,3.477,0.551,3.19,1.257,0.825,0,0.717904
E00488,2024-09-01,BU09,Finance,IC3,1.648,0.635,3.42,0.6,0.515,0,0.725342
E00489,2024-09-01,BU06,IT,IC2,0.227,0.577,2.56,0.677,0.336,0,0.736818
E00490,2024-09-01,BU04,IT,M1,9.517,0.718,3.14,0.797,0.57,0,0.695865
E00491,2024-09-01,BU09,Finance,IC1,8.068,0.599,3.38,1.111,0.4,0,0.638813
E00492,2024-09-01,BU05,IT,IC1,8.914,0.568,3.97,1.139,0.53,0,0.525452
E00493,2024-09-01,BU05,IT,IC3,8.331,0.477,3.67,0.64,0.402,0,0.698752
E00494,2024-09-01,BU05,IT,IC3,4.123,0.525,3.59,0.791,0.602,0,0.740703
E00495,2024-09-01,BU01,Education,IC1,9.908,0.597,3.82,0.64,0.29,0,0.620562
E00496,2024-09-01,BU01,Operations,M1,0.723,0.512,3.12,0.6,0.559,0,0.821358
E00497,2024-09-01,BU08,Finance,M1,3.551,0.771,3.81,0.711,0.417,0,0.517313
E00498,2024-09-01,BU08,IT,IC2,1.038,0.675,3.41,0.6,0.564,0,0.68616
E00499,2024-09-01,BU06,Education,IC2,1.569,0.455,3.11,0.69,0.601,0,0.807309
E00500,2024-09-01,BU04,Finance,M2,1.418,0.657,3.65,0.6,0.679,0,0.714956
E00001,2024-10-01,BU03,Operations,IC2,4.665,0.72,3.43,0.952,0.507,0,0.647616
E00002,2024-10-01,BU05,Education,IC2,7.576,0.555,3.74,1.6,0.381,0,0.428056
E00003,2024-10-01,BU01,Operations,IC2,0.06,0.494,3.46,0.605,0.725,0,0.867753
E00004,2024-10-01,BU01,Clinical,IC1,3.209,0.638,3.77,1.167,0.618,0,0.545834
E00005,2024-10-01,BU10,Finance,IC2,6.48,0.577,3.47,0.6,0.433,0,0.694578
E00006,2024-10-01,BU09,IT,M2,3.973,0.489,3.72,0.6,0.585,0,0.76646
E00007,2024-10-01,BU07,Operations,IC1,1.383,0.588,3.42,1.056,0.705,0,0.673468
E00008,2024-10-01,BU01,Finance,IC1,8.602,0.607,3.24,1.527,0.303,1,0.584603
E00009,2024-10-01,BU08,Clinical,IC2,3.901,0.574,3.39,0.6,0.668,0,0.719428
E00010,2024-10-01,BU03,Admin,M1,0.107,0.456,3.02,0.687,0.447,0,0.833545
E00011,2024-10-01,BU08,Education,IC3,0.496,0.493,3.06,0.6,0.702,0,0.868547
E00012,2024-10-01,BU05,Finance,IC3,3.039,0.634,3.88,0.6,0.494,0,0.59828
E00013,2024-10-01,BU01,Finance,IC1,6.409,0.634,2.69,0.965,0.515,0,0.735931
E00014,2024-10-01,BU07,Admin,IC3,7.009,0.577,3.42,1.224,0.5,0,0.561244
E00015,2024-10-01,BU05,Finance,IC2,3.472,0.579,3.34,0.6,0.605,0,0.787543
E00016,2024-10-01,BU06,Clinical,M1,2.954,0.59,2.89,0.6,0.535,0,0.813324
E00017,2024-10-01,BU06,Clinical,IC3,8.383,0.634,3.42,0.6,0.7,0,0.791981
E00018,2024-10-01,BU08,Admin,IC1,5.029,0.656,3.32,0.84,0.535,0,0.670987
E00019,2024-10-01,BU09,Education,IC1,6.105,0.652,3.68,1.497,0.484,0,0.471378
E00020,2024-10-01,BU02,IT,IC1,9.561,0.69,3.46,0.824,0.577,0,0.626036
E00021,2024-10-01,BU09,Operations,IC2,3.726,0.562,3.46,1.241,0.579,0,0.579167
E00022,2024-10-01,BU10,IT,IC2,5.585,0.547,3.82,1.068,0.673,0,0.646898
E00023,2024-10-01,BU09,Finance,IC3,9.473,0.512,3.91,0.6,0.312,0,0.631003
E00024,2024-10-01,BU10,Operations,IC2,6.658,0.652,3.54,0.671,0.678,0,0.705311
E00025,2024-10-01,BU10,Admin,IC2,10.743,0.666,3.35,0.6,0.552,0,0.715562
E00026,2024-10-01,BU07,Admin,IC1,1.254,0.503,3.96,0.63,0.334,0,0.653496
E00027,2024-10-01,BU01,Education,IC1,5.15,0.426,3.38,1.044,0.494,0,0.649589
E00028,2024-10-01,BU07,Operations,M1,2.196,0.402,3.2,0.6,0.561,0,0.806721
E00029,2024-10-01,BU10,Clinical,IC1,10.346,0.547,3.33,0.701,0.637,0,0.694266
E00030,2024-10-01,BU05,Operations,IC3,0.0,0.423,3.31,0.6,0.541,0,0.786843
E00031,2024-10-01,BU06,Finance,M1,0.723,0.5,3.25,0.6,0.332,0,0.668355
E00032,2024-10-01,BU10,Clinical,IC3,1.232,0.407,3.7,0.6,0.607,0,0.729559
E00033,2024-10-01,BU07,Admin,M1,8.241,0.589,3.48,0.6,0.49,0,0.730307
E00034,2024-10-01,BU05,Operations,IC2,4.047,0.539,3.85,0.759,0.678,0,0.676557
E00035,2024-10-01,BU07,IT,M2,7.513,0.682,2.77,0.6,0.572,0,0.8479
E00036,2024-10-01,BU09,Education,IC1,2.078,0.583,3.38,0.6,0.637,0,0.766591
E00037,2024-10-01,BU03,IT,IC1,8.695,0.721,3.16,1.6,0.577,0,0.460496
E00038,2024-10-01,BU08,Education,IC3,6.738,0.582,3.31,0.6,0.549,0,0.710183
E00039,2024-10-01,BU02,Finance,M2,8.49,0.576,3.38,0.6,0.324,0,0.722225
E00040,2024-10-01,BU07,IT,M1,4.033,0.552,3.33,0.6,0.469,0,0.738851
E00041,2024-10-01,BU02,Operations,IC1,6.264,0.634,3.38,1.6,0.787,0,0.572908
E00042,2024-10-01,BU04,Operations,IC2,1.881,0.506,3.84,0.6,0.68,0,0.718
E00043,2024-10-01,BU07,IT,M2,4.517,0.585,3.31,0.651,0.505,0,0.70509
E00044,2024-10-01,BU03,Operations,IC2,9.741,0.548,2.9,0.761,0.553,0,0.781698
E00045,2024-10-01,BU02,Finance,M1,7.436,0.556,3.46,0.6,0.648,0,0.733375
E00046,2024-10-01,BU10,Clinical,M1,1.802,0.608,3.15,0.688,0.766,0,0.765374
E00047,2024-10-01,BU07,Finance,IC2,9.06,0.635,3.42,0.6,0.482,0,0.744167
E00048,2024-10-01,BU01,Education,IC2,1.522,0.577,2.77,0.6,0.619,0,0.807544
E00049,2024-10-01,BU08,Finance,IC2,1.788,0.515,3.5,0.613,0.356,0,0.735833
E00050,2024-10-01,BU03,Education,IC1,1.065,0.384,3.69,0.6,0.728,0,0.80456
E00051,2024-10-01,BU02,Operations,M1,6.234,0.571,3.57,0.6,0.437,0,0.739413
E00052,2024-10-01,BU03,Clinical,IC2,8.819,0.606,3.61,1.018,0.637,0,0.634035
E00053,2024-10-01,BU05,Operations,M1,7.483,0.61,2.97,0.6,0.568,0,0.780254
E00054,2024-10-01,BU08,Admin,IC1,4.55,0.542,3.33,1.472,0.411,0,0.556498
E00055,2024-10-01,BU10,Operations,M2,2.951,0.627,3.06,0.6,0.632,0,0.796498
E00056,2024-10-01,BU07,Education,IC2,8.405,0.68,3.31,1.079,0.323,0,0.585574
E00057,2024-10-01,BU07,Operations,IC1,10.42,0.709,3.52,0.832,0.664,0,0.605414
E00058,2024-10-01,BU07,Operations,IC1,7.526,0.526,3.06,0.741,0.624,0,0.75348
E00059,2024-10-01,BU08,Clinical,IC3,8.797,0.693,4.17,1.014,0.807,0,0.514646
E00060,2024-10-01,BU01,Operations,IC3,3.083,0.574,3.72,0.6,0.465,0,0.686025
E00061,2024-10-01,BU04,Clinical,M1,7.436,0.645,2.8,0.619,0.546,0,0.804098
E00062,2024-10-01,BU06,IT,IC1,8.873,0.427,3.28,1.24,0.422,0,0.651061
E00063,2024-10-01,BU09,Admin,IC1,5.421,0.682,3.31,1.226,0.437,0,0.525979
E00064,2024-10-01,BU02,Clinical,IC2,5.465,0.605,3.76,0.6,0.603,0,0.66838
E00065,2024-10-01,BU01,Education,IC2,1.361,0.477,3.17,1.113,0.242,0,0.593238
E00066,2024-10-01,BU10,IT,IC2,7.25,0.486,3.51,0.6,0.478,0,0.754279
E00067,2024-10-01,BU02,Clinical,M2,5.049,0.616,3.14,0.6,0.544,0,0.757219
E00068,2024-10-01,BU07,Clinical,M2,9.199,0.78,3.06,0.6,0.939,0,0.818336
E00069,2024-10-01,BU03,Admin,M2,1.402,0.423,3.24,0.6,0.669,0,0.817669
E00070,2024-10-01,BU10,Education,M1,8.983,0.781,3.88,0.6,0.303,0,0.500901
E00071,2024-10-01,BU02,Finance,IC2,0.953,0.403,3.23,0.913,0.45,0,0.751719
E00072,2024-10-01,BU07,Finance,IC2,7.236,0.814,3.16,1.128,0.636,0,0.566908
E00073,2024-10-01,BU02,Clinical,IC2,2.951,0.569,3.57,0.815,0.859,0,0.698809
E00074,2024-10-01,BU03,Operations,M1,4.405,0.7,3.62,0.6,0.581,0,0.693573
E00075,2024-10-01,BU07,Education,IC1,2.574,0.418,3.19,1.294,0.556,0,0.672798
E00076,2024-10-01,BU04,IT,IC2,3.247,0.657,3.52,0.808,0.488,0,0.606236
E00077,2024-10-01,BU01,Operations,IC1,5.9,0.704,3.37,0.6,0.607,0,0.718273
E00078,2024-10-01,BU05,Operations,IC2,8.868,0.542,3.59,0.6,0.72,0,0.772129
E00079,2024-10-01,BU09,Education,M1,6.645,0.546,3.06,0.6,0.331,0,0.722549
E00080,2024-10-01,BU08,Clinical,M1,2.809,0.665,3.63,0.962,0.641,0,0.579116
E00081,2024-10-01,BU09,Clinical,IC1,1.032,0.411,3.44,1.518,0.693,0,0.682343
E00082,2024-10-01,BU10,Clinical,M2,1.963,0.645,3.68,0.743,0.656,0,0.683951
E00083,2024-10-01,BU09,Clinical,IC3,1.963,0.638,3.33,0.7,0.598,0,0.732112
E00084,2024-10-01,BU07,Finance,IC1,9.834,0.638,3.67,1.281,0.468,0,0.520719
E00085,2024-10-01,BU04,Clinical,IC2,2.697,0.548,2.57,0.6,0.765,0,0.857915
E00086,2024-10-01,BU05,Finance,IC2,4.318,0.559,2.63,0.805,0.346,0,0.792024
E00087,2024-10-01,BU01,Finance,IC1,2.182,0.581,3.38,1.074,0.369,0,0.550454
E00088,2024-10-01,BU01,Clinical,M2,3.159,0.424,3.15,0.6,0.643,0,0.845766
E00089,2024-10-01,BU03,Admin,IC2,9.988,0.69,3.26,0.766,0.504,0,0.66221
E00090,2024-10-01,BU08,IT,M1,3.017,0.572,2.89,0.875,0.458,0,0.718853
E00091,2024-10-01,BU02,Operations,IC2,3.663,0.615,3.35,0.9,0.396,0,0.698109
E00092,2024-10-01,BU04,Finance,IC1,0.0,0.484,3.6,1.29,0.468,0,0.573404
E00093,2024-10-01,BU02,Education,IC2,7.929,0.585,3.22,0.6,0.652,0,0.730709
E00094,2024-10-01,BU05,Education,IC1,10.604,0.643,3.27,1.547,0.548,0,0.513924
E00095,2024-10-01,BU09,IT,IC2,3.42,0.58,3.05,0.658,0.528,0,0.781914
E00096,2024-10-01,BU01,Education,M1,8.411,0.605,2.46,0.6,0.544,1,0.90871
E00097,2024-10-01,BU05,Admin,IC2,8.277,0.589,3.33,0.722,0.622,0,0.746702
E00098,2024-10-01,BU09,Education,IC3,10.585,0.708,3.29,0.6,0.619,0,0.707503
E00099,2024-10-01,BU01,Operations,IC1,0.142,0.554,3.15,1.349,0.58,0,0.645876
E00100,2024-10-01,BU09,Operations,IC1,6.738,0.514,3.52,0.845,0.397,0,0.678668
E00101,2024-10-01,BU08,Finance,IC1,1.265,0.553,3.53,0.678,0.552,0,0.717219
E00102,2024-10-01,BU04,Clinical,IC3,4.476,0.466,3.67,0.626,0.627,0,0.7728
E00103,2024-10-01,BU10,Admin,IC1,1.749,0.575,3.53,1.357,0.553,0,0.492049
E00104,2024-10-01,BU05,Finance,IC2,2.196,0.585,3.45,0.768,0.511,0,0.667537
E00105,2024-10-01,BU05,Admin,IC3,4.068,0.511,3.2,0.6,0.601,0,0.819363
E00106,2024-10-01,BU06,Clinical,IC2,2.47,0.479,2.59,0.905,0.718,1,0.951409
E00107,2024-10-01,BU07,Education,IC1,3.463,0.537,3.75,0.719,0.492,0,0.602495
E00108,2024-10-01,BU08,Education,IC2,9.328,0.606,3.26,0.6,0.452,0,0.767184
E00109,2024-10-01,BU08,Clinical,M1,9.802,0.608,3.26,0.84,0.603,0,0.765101
E00110,2024-10-01,BU02,Finance,IC3,4.523,0.433,3.59,0.696,0.444,0,0.734776
E00111,2024-10-01,BU09,Clinical,IC2,3.781,0.503,3.72,0.71,0.745,0,0.732431
E00112,2024-10-01,BU07,IT,IC1,3.272,0.468,2.97,0.797,0.496,0,0.775456
E00113,2024-10-01,BU04,Operations,M2,6.215,0.648,3.31,0.709,0.578,0,0.689277
E00114,2024-10-01,BU04,Finance,IC3,7.896,0.375,3.08,1.6,0.497,0,0.636662
E00115,2024-10-01,BU08,Admin,IC2,2.99,0.556,3.85,0.884,0.581,0,0.643923
E00116,2024-10-01,BU04,IT,M1,4.964,0.576,3.64,0.6,0.574,0,0.708818
E00117,2024-10-01,BU06,Finance,IC2,0.578,0.502,3.77,0.718,0.505,0,0.620531
E00118,2024-10-01,BU05,Clinical,IC2,8.222,0.624,3.39,0.852,0.628,0,0.670493
E00119,2024-10-01,BU03,Clinical,IC3,10.554,0.635,2.95,0.6,0.6,0,0.766729
E00120,2024-10-01,BU10,Clinical,IC1,8.663,0.496,3.41,0.989,0.646,0,0.692895
E00121,2024-10-01,BU02,Clinical,M2,5.763,0.692,2.8,0.6,0.784,0,0.871899
E00122,2024-10-01,BU09,Admin,IC3,7.951,0.596,3.33,1.007,0.486,0,0.64737
E00123,2024-10-01,BU10,IT,IC3,10.453,0.46,3.31,0.917,0.519,0,0.708117
E00124,2024-10-01,BU09,Education,IC1,5.826,0.627,3.38,0.977,0.36,0,0.623977
E00125,2024-10-01,BU01,Operations,IC1,1.161,0.551,3.61,1.548,0.636,0,0.525866
E00126,2024-10-01,BU10,Admin,IC2,4.014,0.694,3.51,1.489,0.541,0,0.514374
E00127,2024-10-01,BU03,Admin,M1,4.225,0.516,3.0,0.6,0.418,0,0.795719
E00128,2024-10-01,BU08,Education,IC2,0.679,0.546,3.95,0.947,0.601,0,0.588659
E00129,2024-10-01,BU06,Education,IC2,2.576,0.589,3.97,0.6,0.564,0,0.694273
E00130,2024-10-01,BU05,Operations,IC3,0.783,0.75,3.38,0.6,0.619,0,0.710586
E00131,2024-10-01,BU05,Operations,IC1,1.057,0.565,3.48,0.725,0.61,0,0.680337
E00132,2024-10-01,BU06,Education,IC3,7.808,0.553,3.47,0.6,0.662,0,0.774249
E00133,2024-10-01,BU07,Clinical,IC1,4.731,0.599,3.16,0.609,0.795,0,0.80902
E00134,2024-10-01,BU01,Admin,M2,10.07,0.702,3.13,0.6,0.42,0,0.716068
E00135,2024-10-01,BU09,Finance,IC2,7.154,0.539,3.84,0.729,0.457,0,0.644697
E00136,2024-10-01,BU03,Operations,IC1,7.729,0.598,3.38,1.259,0.635,0,0.587851
E00137,2024-10-01,BU04,Operations,IC2,6.275,0.495,2.99,0.617,0.583,0,0.831414
E00138,2024-10-01,BU10,Education,IC2,4.381,0.663,3.87,0.6,0.537,0,0.613837
E00139,2024-10-01,BU01,IT,M1,4.266,0.559,2.73,0.6,0.495,0,0.861232
E00140,2024-10-01,BU10,Finance,IC3,0.0,0.636,3.55,0.6,0.395,0,0.633323
E00141,2024-10-01,BU03,Finance,IC3,6.806,0.686,3.91,0.6,0.405,0,0.581131
E00142,2024-10-01,BU02,Operations,IC1,4.389,0.7,3.57,0.915,0.775,0,0.679281
E00143,2024-10-01,BU02,Clinical,IC1,0.266,0.514,3.82,0.649,0.769,0,0.726578
E00144,2024-10-01,BU01,IT,IC1,8.386,0.63,3.97,1.014,0.52,0,0.510774
E00145,2024-10-01,BU08,Finance,IC3,4.898,0.652,3.08,1.6,0.582,0,0.542367
E00146,2024-10-01,BU03,Operations,M1,8.789,0.712,2.38,0.6,0.663,0,0.872856
E00147,2024-10-01,BU03,Finance,IC2,1.355,0.573,3.44,0.624,0.471,0,0.747631
E00148,2024-10-01,BU06,IT,IC1,2.502,0.509,3.34,0.715,0.645,0,0.738001
E00149,2024-10-01,BU08,IT,IC3,6.549,0.484,3.24,0.6,0.589,0,0.746803
E00150,2024-10-01,BU09,Admin,M1,5.569,0.643,3.3,0.753,0.431,0,0.611158
E00151,2024-10-01,BU09,Education,IC3,7.428,0.54,3.61,0.825,0.314,0,0.579952
E00152,2024-10-01,BU04,Education,M1,0.055,0.705,3.09,0.754,0.606,0,0.737446
E00153,2024-10-01,BU05,Operations,IC2,1.634,0.415,3.54,0.753,0.721,0,0.794195
E00154,2024-10-01,BU02,IT,IC1,4.052,0.61,3.04,0.6,0.474,0,0.739462
E00155,2024-10-01,BU09,Admin,M1,2.741,0.556,3.27,0.6,0.43,0,0.674714
E00156,2024-10-01,BU08,Admin,IC3,4.709,0.578,3.52,0.809,0.464,0,0.689655
E00157,2024-10-01,BU03,Finance,IC2,10.412,0.522,3.24,0.734,0.593,0,0.705748
E00158,2024-10-01,BU09,Finance,IC3,10.324,0.608,3.66,1.001,0.369,0,0.558539
E00159,2024-10-01,BU03,Admin,M1,2.272,0.561,3.04,0.6,0.468,0,0.80609
E00160,2024-10-01,BU09,Finance,IC3,0.575,0.571,2.99,0.6,0.376,0,0.6922
E00161,2024-10-01,BU02,IT,IC3,2.234,0.587,3.45,0.6,0.607,0,0.745024
E00162,2024-10-01,BU10,Clinical,IC2,7.058,0.553,3.87,0.897,0.576,0,0.63387
E00163,2024-10-01,BU09,IT,IC2,1.873,0.608,3.78,0.967,0.508,0,0.608226
E00164,2024-10-01,BU08,Admin,IC2,7.759,0.494,3.45,1.008,0.449,0,0.695334
E00165,2024-10-01,BU09,Admin,M1,3.932,0.483,3.45,0.6,0.285,0,0.691994
E00166,2024-10-01,BU05,IT,M1,5.147,0.638,3.87,0.6,0.599,0,0.630415
E00167,2024-10-01,BU02,Finance,M1,3.277,0.461,3.73,0.6,0.615,0,0.734061
E00168,2024-10-01,BU08,Finance,IC1,0.0,0.577,3.22,1.471,0.469,0,0.54363
E00169,2024-10-01,BU06,Education,IC3,2.133,0.418,3.35,0.6,0.591,0,0.86015
E00170,2024-10-01,BU08,Admin,M1,5.815,0.558,3.46,0.6,0.47,0,0.732951
E00171,2024-10-01,BU05,Operations,IC3,10.398,0.664,3.11,0.73,0.401,0,0.776734
E00172,2024-10-01,BU10,Education,M1,8.11,0.407,3.82,0.692,0.509,0,0.74925
E00173,2024-10-01,BU02,Finance,M1,0.975,0.506,3.47,0.893,0.42,0,0.646638
E00174,2024-10-01,BU06,IT,IC2,2.773,0.575,3.14,1.298,0.711,0,0.705107
E00175,2024-10-01,BU05,Finance,IC2,0.501,0.571,3.33,0.628,0.567,0,0.724685
E00176,2024-10-01,BU05,IT,IC1,4.966,0.412,3.45,0.6,0.641,0,0.857164
E00177,2024-10-01,BU01,Education,IC2,3.157,0.529,2.8,0.6,0.542,0,0.825001
E00178,2024-10-01,BU02,Admin,IC3,1.947,0.57,3.13,0.604,0.531,0,0.746403
E00179,2024-10-01,BU08,Finance,M1,6.765,0.458,3.27,0.6,0.532,0,0.793133
E00180,2024-10-01,BU03,IT,IC1,10.628,0.624,3.37,1.6,0.603,0,0.529726
E00181,2024-10-01,BU10,Admin,IC1,9.826,0.605,3.71,0.878,0.334,0,0.602469
E00182,2024-10-01,BU03,Operations,IC3,0.778,0.603,3.03,0.771,0.524,0,0.782504
E00183,2024-10-01,BU08,IT,IC1,7.359,0.558,3.29,0.93,0.471,0,0.717156
E00184,2024-10-01,BU08,Education,IC1,4.016,0.647,4.0,0.753,0.412,0,0.54809
E00185,2024-10-01,BU02,Operations,IC1,9.503,0.54,3.37,0.6,0.553,0,0.775908
E00186,2024-10-01,BU08,Operations,IC1,7.858,0.625,3.21,0.915,0.62,0,0.745339
E00187,2024-10-01,BU01,Clinical,IC1,10.275,0.584,2.84,1.6,0.664,0,0.599723
E00188,2024-10-01,BU06,Finance,IC2,6.7,0.584,3.67,0.6,0.531,0,0.781537
E00189,2024-10-01,BU08,IT,IC2,10.064,0.74,3.68,0.6,0.632,0,0.670719
E00190,2024-10-01,BU03,Operations,M1,3.71,0.567,3.38,0.959,0.567,0,0.653701
E00191,2024-10-01,BU08,Clinical,IC2,10.366,0.513,4.05,0.96,0.488,0,0.567902
E00192,2024-10-01,BU01,Education,IC3,0.463,0.498,3.36,0.657,0.532,0,0.72707
E00193,2024-10-01,BU09,Admin,IC1,9.812,0.694,3.49,1.438,0.658,0,0.517119
E00194,2024-10-01,BU09,IT,IC1,9.533,0.556,3.8,0.707,0.62,0,0.689184
E00195,2024-10-01,BU05,Operations,IC3,9.314,0.534,3.98,0.622,0.695,0,0.729177
E00196,2024-10-01,BU10,Finance,IC1,5.64,0.663,2.54,1.277,0.489,0,0.719673
E00197,2024-10-01,BU04,Clinical,IC2,4.534,0.542,3.31,1.541,0.698,0,0.559537
E00198,2024-10-01,BU06,Operations,IC3,6.355,0.556,4.31,0.6,0.671,0,0.592816
E00199,2024-10-01,BU07,Finance,IC3,10.029,0.57,3.76,0.941,0.547,0,0.612246
E00200,2024-10-01,BU05,Operations,IC1,10.595,0.559,3.56,1.092,0.557,0,0.646933
E00201,2024-10-01,BU10,IT,IC2,7.978,0.515,3.76,0.756,0.458,0,0.658206
E00202,2024-10-01,BU09,IT,IC3,9.164,0.73,3.8,0.605,0.366,0,0.556752
E00203,2024-10-01,BU03,IT,IC1,6.612,0.755,3.26,0.6,0.384,0,0.684599
E00204,2024-10-01,BU07,Education,IC3,0.851,0.566,3.6,0.872,0.537,0,0.701698
E00205,2024-10-01,BU10,Education,IC3,5.352,0.661,2.89,0.6,0.522,0,0.783448
E00206,2024-10-01,BU10,Clinical,M2,4.225,0.681,3.62,0.6,0.555,0,0.659079
E00207,2024-10-01,BU05,IT,IC1,7.154,0.612,3.17,1.249,0.261,0,0.530949
E00208,2024-10-01,BU07,Finance,M1,4.747,0.482,3.6,0.646,0.494,0,0.699265
E00209,2024-10-01,BU02,Operations,IC2,0.318,0.475,3.14,0.793,0.794,0,0.843085
E00210,2024-10-01,BU04,Admin,IC2,3.702,0.523,3.08,1.078,0.425,0,0.673646
E00211,2024-10-01,BU02,Finance,IC1,0.594,0.574,2.75,1.488,0.356,0,0.690328
E00212,2024-10-01,BU07,Education,IC3,10.746,0.6,3.29,0.986,0.649,0,0.688664
E00213,2024-10-01,BU02,Education,IC1,4.846,0.662,3.35,0.764,0.542,0,0.69016
E00214,2024-10-01,BU01,Finance,IC2,3.376,0.65,3.2,1.037,0.461,0,0.592273
E00215,2024-10-01,BU09,Education,IC1,5.974,0.683,3.69,1.049,0.227,0,0.504892
E00216,2024-10-01,BU01,IT,M1,7.012,0.654,3.63,1.008,0.496,0,0.593182
E00217,2024-10-01,BU08,Clinical,M1,9.306,0.706,3.21,0.6,0.751,0,0.779076
E00218,2024-10-01,BU02,Operations,IC3,4.846,0.587,3.17,0.6,0.655,0,0.787669
E00219,2024-10-01,BU08,Clinical,IC2,4.868,0.577,3.43,0.6,0.764,0,0.855553
E00220,2024-10-01,BU03,Operations,IC1,0.693,0.595,3.08,1.02,0.7,0,0.715654
E00221,2024-10-01,BU06,Operations,IC3,10.686,0.525,3.52,0.747,0.67,0,0.749792
E00222,2024-10-01,BU03,Clinical,IC2,2.598,0.668,3.22,0.772,0.713,0,0.774973
E00223,2024-10-01,BU07,Finance,IC1,0.066,0.405,3.98,1.034,0.43,0,0.635376
E00224,2024-10-01,BU10,Operations,IC3,5.536,0.512,3.38,0.826,0.459,0,0.746787
E00225,2024-10-01,BU09,Clinical,M2,8.736,0.688,2.96,0.6,0.802,0,0.823302
E00226,2024-10-01,BU02,Operations,IC3,7.365,0.571,3.69,0.6,0.32,0,0.622519
E00227,2024-10-01,BU05,Admin,IC3,0.189,0.499,3.24,0.6,0.515,0,0.775448
E00228,2024-10-01,BU06,Finance,M2,7.335,0.424,3.61,0.619,0.449,0,0.74906
E00229,2024-10-01,BU04,IT,IC1,7.789,0.565,3.07,1.168,0.397,0,0.647323
E00230,2024-10-01,BU04,Operations,IC3,1.722,0.484,3.32,0.6,0.56,0,0.77419
E00231,2024-10-01,BU04,Admin,M2,8.361,0.575,3.12,0.635,0.537,0,0.73547
E00232,2024-10-01,BU02,IT,IC1,8.35,0.605,3.64,1.6,0.513,0,0.40653
E00233,2024-10-01,BU04,IT,IC3,7.261,0.607,2.99,0.6,0.419,0,0.758483
E00234,2024-10-01,BU01,Operations,IC3,4.539,0.492,3.46,0.747,0.593,0,0.769022
E00235,2024-10-01,BU06,Clinical,IC3,7.365,0.625,3.45,0.6,0.768,0,0.7938
E00236,2024-10-01,BU01,Operations,IC3,2.209,0.543,2.97,0.813,0.642,0,0.816047
E00237,2024-10-01,BU10,Admin,M1,10.404,0.595,3.54,0.6,0.541,0,0.697398
E00238,2024-10-01,BU06,IT,M1,3.376,0.593,3.98,0.6,0.56,0,0.670944
E00239,2024-10-01,BU01,Operations,IC1,4.367,0.704,3.22,1.361,0.697,0,0.598846
E00240,2024-10-01,BU06,Clinical,M1,8.98,0.495,3.56,0.735,0.627,0,0.727023
E00241,2024-10-01,BU10,Operations,IC1,2.957,0.701,3.16,0.984,0.617,0,0.654023
E00242,2024-10-01,BU08,Finance,IC2,10.535,0.668,2.95,0.65,0.572,0,0.76188
E00243,2024-10-01,BU02,Clinical,IC2,0.693,0.454,3.13,0.6,0.617,0,0.852651
E00244,2024-10-01,BU02,Admin,IC2,2.363,0.647,3.31,0.6,0.371,0,0.677018
E00245,2024-10-01,BU04,IT,IC2,2.01,0.593,3.13,0.6,0.527,0,0.761085
E00246,2024-10-01,BU03,Operations,M2,9.73,0.689,2.48,0.6,0.573,0,0.796546
E00247,2024-10-01,BU04,Clinical,IC3,4.542,0.739,3.74,0.611,0.674,0,0.685529
E00248,2024-10-01,BU07,Finance,IC3,1.487,0.519,3.1,0.6,0.332,0,0.739863
E00249,2024-10-01,BU01,Clinical,IC1,8.75,0.585,2.97,1.019,0.598,0,0.733027
E00250,2024-10-01,BU06,Education,M1,4.717,0.717,3.05,0.828,0.628,0,0.724638
E00251,2024-10-01,BU03,Finance,M1,1.109,0.609,3.6,0.6,0.471,0,0.686485
E00252,2024-10-01,BU10,Admin,M1,2.615,0.464,3.9,0.6,0.465,0,0.615682
E00253,2024-10-01,BU07,IT,IC1,6.762,0.638,3.23,0.658,0.507,0,0.740932
E00254,2024-10-01,BU10,Admin,IC1,10.105,0.46,3.7,1.122,0.468,0,0.681078
E00255,2024-10-01,BU02,Operations,IC1,9.205,0.659,3.28,1.119,0.644,0,0.584187
E00256,2024-10-01,BU02,Clinical,IC1,9.958,0.598,2.64,1.063,0.814,0,0.794011
E00257,2024-10-01,BU04,Education,IC2,5.969,0.708,3.65,1.181,0.609,0,0.513104
E00258,2024-10-01,BU01,Finance,M1,6.623,0.504,3.28,0.6,0.313,0,0.724383
E00259,2024-10-01,BU03,Finance,IC2,0.315,0.447,3.43,1.6,0.61,0,0.561224
E00260,2024-10-01,BU09,Clinical,IC1,4.285,0.599,2.98,1.154,0.651,0,0.689419
E00261,2024-10-01,BU07,Education,IC2,2.541,0.551,3.33,0.6,0.56,0,0.807441
E00262,2024-10-01,BU07,Clinical,IC1,1.916,0.682,4.19,1.6,0.382,0,0.323575
E00263,2024-10-01,BU04,Operations,IC1,8.63,0.611,3.51,0.767,0.583,0,0.684522
E00264,2024-10-01,BU02,Admin,IC2,7.784,0.544,3.5,0.6,0.345,0,0.695593
E00265,2024-10-01,BU04,Finance,IC2,8.712,0.594,3.3,0.857,0.496,0,0.739167
E00266,2024-10-01,BU06,Operations,M1,7.288,0.596,3.66,0.6,0.578,0,0.732897
E00267,2024-10-01,BU03,Admin,M2,2.831,0.555,3.54,0.6,0.445,0,0.670067
E00268,2024-10-01,BU01,Operations,IC2,5.363,0.659,3.15,1.363,0.603,0,0.605294
E00269,2024-10-01,BU08,Education,IC2,2.842,0.571,3.48,0.853,0.491,0,0.639663
E00270,2024-10-01,BU05,Finance,M1,10.04,0.63,3.22,0.653,0.485,0,0.750137
E00271,2024-10-01,BU05,Clinical,IC2,3.702,0.512,3.57,0.602,0.704,0,0.772885
E00272,2024-10-01,BU04,Clinical,IC1,7.239,0.634,3.51,0.6,1.0,0,0.826277
E00273,2024-10-01,BU06,Admin,M1,0.37,0.517,2.92,0.681,0.448,0,0.847922
E00274,2024-10-01,BU03,IT,IC1,10.412,0.542,3.68,1.284,0.553,0,0.596703
E00275,2024-10-01,BU09,Education,IC3,3.663,0.561,3.2,0.877,0.556,0,0.667908
E00276,2024-10-01,BU05,Admin,IC3,6.897,0.623,3.24,0.734,0.386,0,0.686643
E00277,2024-10-01,BU03,IT,IC2,5.528,0.573,3.1,0.6,0.438,0,0.741918
E00278,2024-10-01,BU01,Operations,IC2,3.236,0.533,3.17,1.6,0.634,0,0.638839
E00279,2024-10-01,BU10,Education,M1,7.329,0.525,3.85,0.6,0.679,0,0.743001
E00280,2024-10-01,BU06,Operations,IC1,7.808,0.598,3.41,0.867,0.807,0,0.764536
E00281,2024-10-01,BU02,Finance,IC1,2.639,0.553,3.71,0.908,0.646,0,0.649569
E00282,2024-10-01,BU03,Education,IC3,8.285,0.638,3.46,0.635,0.399,0,0.703779
E00283,2024-10-01,BU01,IT,IC2,2.628,0.503,3.45,1.137,0.551,0,0.628309
E00284,2024-10-01,BU09,Finance,IC1,9.662,0.61,3.62,1.005,0.388,0,0.562437
E00285,2024-10-01,BU08,Clinical,M1,9.591,0.663,3.47,0.685,0.503,0,0.658808
E00286,2024-10-01,BU02,IT,IC2,8.917,0.754,3.5,0.793,0.33,0,0.569121
E00287,2024-10-01,BU08,Admin,M1,5.528,0.659,3.09,0.6,0.466,0,0.77126
E00288,2024-10-01,BU09,Clinical,M1,8.605,0.528,4.14,0.62,0.822,0,0.685972
E00289,2024-10-01,BU01,Clinical,IC3,2.428,0.706,3.18,0.774,0.631,0,0.721205
E00290,2024-10-01,BU05,Admin,IC2,7.036,0.562,3.19,0.721,0.542,0,0.794743
E00291,2024-10-01,BU08,Education,M2,10.319,0.493,3.37,0.6,0.692,0,0.85582
E00292,2024-10-01,BU02,Clinical,IC1,7.729,0.623,2.54,1.005,0.644,0,0.765117
E00293,2024-10-01,BU04,IT,IC3,10.168,0.625,3.02,0.6,0.409,0,0.754462
E00294,2024-10-01,BU07,Finance,IC1,5.769,0.487,3.34,0.664,0.435,0,0.714497
E00295,2024-10-01,BU03,Clinical,IC2,7.192,0.502,2.65,0.6,0.64,0,0.930314
E00296,2024-10-01,BU05,IT,IC2,2.995,0.583,3.01,0.869,0.644,0,0.734659
E00297,2024-10-01,BU08,Operations,M2,3.524,0.484,3.92,0.6,0.576,0,0.671558
E00298,2024-10-01,BU10,IT,M2,4.69,0.709,3.88,0.6,0.526,0,0.646129
E00299,2024-10-01,BU03,Finance,IC1,8.348,0.564,3.25,0.759,0.525,0,0.743628
E00300,2024-10-01,BU04,IT,IC1,10.483,0.532,3.83,0.697,0.466,0,0.636455
E00301,2024-10-01,BU09,Admin,IC3,9.944,0.714,3.14,0.719,0.38,0,0.624798
E00302,2024-10-01,BU07,Finance,IC2,0.101,0.597,3.35,0.6,0.454,0,0.727486
E00303,2024-10-01,BU01,Education,IC1,8.712,0.592,3.73,1.6,0.452,0,0.387575
E00304,2024-10-01,BU04,Operations,IC3,4.991,0.542,3.17,0.6,0.366,0,0.754047
E00305,2024-10-01,BU04,Admin,IC2,4.745,0.588,3.52,0.6,0.421,0,0.65371
E00306,2024-10-01,BU09,Education,M2,4.786,0.605,3.44,0.6,0.433,0,0.705656
E00307,2024-10-01,BU06,IT,IC1,5.503,0.585,3.13,0.92,0.625,0,0.670769
E00308,2024-10-01,BU09,Finance,IC2,5.095,0.52,3.26,1.157,0.488,0,0.695878
E00309,2024-10-01,BU06,Operations,IC2,8.381,0.408,3.08,0.824,0.657,0,0.878989
E00310,2024-10-01,BU06,Admin,M1,5.645,0.475,3.21,0.6,0.386,0,0.782678
E00311,2024-10-01,BU05,Education,IC2,3.332,0.474,3.04,0.69,0.525,0,0.858754
E00312,2024-10-01,BU05,Education,IC3,0.413,0.38,3.27,0.724,0.577,0,0.770478
E00313,2024-10-01,BU02,Operations,IC1,0.602,0.531,2.99,0.6,0.678,0,0.842556
E00314,2024-10-01,BU08,IT,M1,8.882,0.384,2.96,0.783,0.556,0,0.82368
E00315,2024-10-01,BU08,Operations,IC2,5.854,0.572,3.12,0.6,0.517,0,0.805072
E00316,2024-10-01,BU01,Education,IC1,9.881,0.634,3.07,1.512,0.662,0,0.659004
E00317,2024-10-01,BU08,Clinical,IC3,10.56,0.673,2.98,0.708,0.757,0,0.813338
E00318,2024-10-01,BU05,Admin,IC1,6.042,0.549,3.96,1.136,0.327,0,0.510609
E00319,2024-10-01,BU02,Operations,IC1,8.244,0.584,3.14,1.346,0.668,0,0.656623
E00320,2024-10-01,BU02,Education,M1,7.201,0.466,2.95,0.672,0.67,0,0.814668
E00321,2024-10-01,BU06,IT,IC2,7.904,0.615,3.25,0.917,0.372,0,0.700986
E00322,2024-10-01,BU09,Education,IC3,10.278,0.63,3.66,0.6,0.394,0,0.694219
E00323,2024-10-01,BU01,IT,IC2,10.114,0.496,4.01,0.844,0.477,0,0.593855
E00324,2024-10-01,BU06,Operations,M1,6.467,0.526,3.3,0.6,0.736,0,0.768891
E00325,2024-10-01,BU09,IT,IC1,5.109,0.533,3.78,0.811,0.512,0,0.726192
E00326,2024-10-01,BU08,Finance,IC2,8.46,0.658,3.02,1.467,0.354,0,0.491812
E00327,2024-10-01,BU06,Finance,M2,2.122,0.637,3.1,0.6,0.619,0,0.805187
E00328,2024-10-01,BU03,Finance,M1,6.067,0.597,3.4,0.6,0.643,0,0.809216
E00329,2024-10-01,BU08,Clinical,IC2,3.562,0.611,3.84,0.848,0.565,0,0.630839
E00330,2024-10-01,BU09,Operations,IC2,10.571,0.602,3.36,0.76,0.738,0,0.800364
E00331,2024-10-01,BU01,Education,M1,5.916,0.735,3.41,0.604,0.626,1,0.761099
E00332,2024-10-01,BU09,Education,IC2,8.605,0.834,3.51,0.899,0.526,0,0.5687
E00333,2024-10-01,BU06,Clinical,M1,9.947,0.566,3.5,0.6,0.808,0,0.778194
E00334,2024-10-01,BU06,IT,M1,7.537,0.581,2.96,0.6,0.415,0,0.705305
E00335,2024-10-01,BU04,Clinical,IC1,6.546,0.491,3.5,0.645,0.593,0,0.730074
E00336,2024-10-01,BU01,IT,IC1,4.37,0.554,3.24,1.186,0.428,0,0.606662
E00337,2024-10-01,BU10,IT,IC3,10.412,0.654,3.57,0.707,0.508,0,0.630525
E00338,2024-10-01,BU08,Admin,IC1,8.591,0.777,3.55,0.956,0.355,0,0.52642
E00339,2024-10-01,BU02,Education,IC2,8.789,0.59,3.44,0.95,0.731,0,0.673547
E00340,2024-10-01,BU01,Finance,M2,1.999,0.514,3.51,0.6,0.578,0,0.730851
E00341,2024-10-01,BU02,IT,IC3,1.336,0.713,3.54,0.794,0.479,0,0.587286
E00342,2024-10-01,BU01,Admin,M1,5.383,0.787,3.79,0.6,0.414,0,0.559898
E00343,2024-10-01,BU01,Education,IC3,1.325,0.567,3.16,1.02,0.585,0,0.722149
E00344,2024-10-01,BU09,Finance,IC3,8.698,0.615,3.74,0.6,0.557,0,0.685207
E00345,2024-10-01,BU01,IT,IC1,3.392,0.6,3.29,0.6,0.513,0,0.762479
E00346,2024-10-01,BU04,IT,IC2,3.058,0.565,2.73,0.724,0.644,0,0.802749
E00347,2024-10-01,BU10,Clinical,IC2,8.832,0.549,3.91,0.6,0.726,0,0.712891
E00348,2024-10-01,BU06,Clinical,IC2,4.997,0.645,2.87,0.631,0.75,0,0.803386
E00349,2024-10-01,BU07,Education,M1,4.605,0.642,3.04,0.6,0.585,0,0.745824
E00350,2024-10-01,BU02,Finance,IC2,9.689,0.592,2.84,1.127,0.491,0,0.69494
E00351,2024-10-01,BU06,IT,IC2,0.0,0.502,3.2,0.723,0.554,0,0.762222
E00352,2024-10-01,BU07,Education,IC2,0.865,0.436,2.91,0.6,0.459,0,0.803554
E00353,2024-10-01,BU10,Education,IC1,9.073,0.628,3.09,0.6,0.382,0,0.767173
E00354,2024-10-01,BU10,Operations,IC2,0.991,0.446,3.61,0.612,0.519,0,0.715511
E00355,2024-10-01,BU02,Clinical,IC1,10.07,0.692,3.45,0.6,0.697,0,0.771703
E00356,2024-10-01,BU02,Finance,IC1,3.061,0.401,3.34,0.668,0.331,0,0.751172
E00357,2024-10-01,BU10,IT,IC1,10.333,0.723,3.22,1.489,0.579,0,0.503585
E00358,2024-10-01,BU07,Education,IC2,2.114,0.538,3.63,0.6,0.465,0,0.708468
E00359,2024-10-01,BU01,IT,M1,0.0,0.592,3.7,0.608,0.544,0,0.700443
E00360,2024-10-01,BU08,Operations,IC2,5.744,0.485,4.09,0.6,0.719,0,0.721047
E00361,2024-10-01,BU03,Finance,IC2,3.948,0.528,3.53,1.4,0.492,0,0.52567
E00362,2024-10-01,BU06,Education,IC3,1.435,0.509,3.23,1.203,0.474,0,0.667391
E00363,2024-10-01,BU09,IT,IC1,4.693,0.747,3.06,1.125,0.34,0,0.602371
E00364,2024-10-01,BU06,Clinical,M1,1.139,0.534,3.22,1.054,0.817,0,0.799503
E00365,2024-10-01,BU09,Operations,IC2,8.687,0.563,3.39,0.769,0.555,0,0.70529
E00366,2024-10-01,BU07,Finance,IC2,9.544,0.758,3.67,1.008,0.409,0,0.494216
E00367,2024-10-01,BU09,Operations,IC3,2.478,0.652,2.96,1.038,0.46,0,0.690798
E00368,2024-10-01,BU02,Clinical,IC1,3.105,0.592,2.98,1.043,0.905,0,0.773269
E00369,2024-10-01,BU08,Finance,IC3,1.265,0.658,3.33,0.6,0.439,0,0.714906
E00370,2024-10-01,BU08,Operations,IC2,3.964,0.509,3.21,0.959,0.666,0,0.753431
E00371,2024-10-01,BU02,Admin,M1,1.774,0.554,3.63,0.6,0.356,0,0.611167
E00372,2024-10-01,BU04,Clinical,IC1,7.209,0.627,3.58,0.753,0.632,0,0.689569
E00373,2024-10-01,BU07,Clinical,IC2,7.121,0.651,3.32,0.903,0.759,0,0.708174
E00374,2024-10-01,BU04,Clinical,IC3,10.615,0.619,3.92,0.765,0.533,0,0.636994
E00375,2024-10-01,BU04,Admin,IC1,2.957,0.581,4.07,0.965,0.656,0,0.573695
E00376,2024-10-01,BU06,Admin,IC2,7.88,0.646,3.1,0.982,0.515,0,0.673267
E00377,2024-10-01,BU10,IT,IC3,4.145,0.526,3.91,0.6,0.603,0,0.695828
E00378,2024-10-01,BU06,Education,M1,9.569,0.536,3.23,0.6,0.391,0,0.72244
E00379,2024-10-01,BU10,Operations,IC2,9.251,0.541,3.16,1.057,0.477,0,0.666831
E00380,2024-10-01,BU03,IT,M1,4.553,0.654,3.68,1.038,0.582,0,0.591492
E00381,2024-10-01,BU09,Operations,M2,5.188,0.676,3.66,0.952,0.642,0,0.600141
E00382,2024-10-01,BU10,Education,M1,7.899,0.601,3.61,0.619,0.401,0,0.649234
E00383,2024-10-01,BU02,Admin,IC1,1.812,0.618,4.24,1.231,0.52,0,0.451645
E00384,2024-10-01,BU06,Education,IC3,1.607,0.531,3.04,1.366,0.59,0,0.612485
E00385,2024-10-01,BU07,Admin,IC2,4.945,0.612,3.6,0.613,0.523,0,0.673069
E00386,2024-10-01,BU09,Education,M2,1.309,0.474,3.34,0.6,0.59,0,0.856182
E00387,2024-10-01,BU03,IT,IC2,1.552,0.449,3.08,0.997,0.391,0,0.685823
E00388,2024-10-01,BU10,Finance,IC1,5.58,0.554,3.87,1.592,0.395,0,0.39121
E00389,2024-10-01,BU03,IT,IC3,10.015,0.637,3.27,0.6,0.459,0,0.738435
E00390,2024-10-01,BU07,Operations,IC2,7.184,0.617,3.44,0.6,0.751,0,0.766461
E00391,2024-10-01,BU04,IT,M2,1.388,0.459,3.37,0.6,0.463,0,0.776717
E00392,2024-10-01,BU08,Clinical,M2,4.832,0.546,3.14,0.6,0.578,0,0.803251
E00393,2024-10-01,BU07,Operations,IC3,4.942,0.623,3.16,0.893,0.532,0,0.659387
E00394,2024-10-01,BU05,Education,IC1,0.241,0.544,2.65,1.051,0.5,0,0.740098
E00395,2024-10-01,BU07,Operations,IC3,6.056,0.553,3.79,0.6,0.73,0,0.741347
E00396,2024-10-01,BU03,Finance,IC1,10.735,0.498,3.4,1.12,0.411,0,0.631242
E00397,2024-10-01,BU02,Admin,IC1,3.206,0.576,2.67,1.037,0.401,0,0.682059
E00398,2024-10-01,BU06,Education,M1,6.281,0.524,3.57,1.062,0.475,0,0.57619
E00399,2024-10-01,BU02,Operations,IC1,5.977,0.672,4.11,1.024,0.541,0,0.488725
E00400,2024-10-01,BU03,Education,IC2,3.825,0.639,3.76,0.692,0.598,0,0.634977
E00401,2024-10-01,BU06,Education,M2,7.061,0.576,3.35,0.6,0.485,0,0.776433
E00402,2024-10-01,BU05,Education,IC2,5.736,0.629,3.22,0.783,0.575,0,0.729757
E00403,2024-10-01,BU08,Admin,IC2,7.499,0.676,3.75,0.6,0.478,0,0.630336
E00404,2024-10-01,BU09,IT,M1,8.038,0.572,2.99,0.6,0.558,0,0.843034
E00405,2024-10-01,BU03,Education,IC1,4.49,0.625,2.67,0.863,0.53,0,0.722779
E00406,2024-10-01,BU10,Clinical,M1,2.935,0.565,3.34,0.6,0.631,0,0.80955
E00407,2024-10-01,BU03,Finance,M2,7.573,0.695,3.18,0.632,0.386,0,0.689954
E00408,2024-10-01,BU03,Admin,M1,9.016,0.639,3.63,0.6,0.612,0,0.679023
E00409,2024-10-01,BU06,Operations,IC3,1.634,0.487,3.58,0.795,0.506,0,0.687192
E00410,2024-10-01,BU01,Admin,IC2,8.441,0.628,2.82,0.681,0.451,0,0.767749
E00411,2024-10-01,BU07,Operations,IC2,10.281,0.526,3.89,0.779,0.463,0,0.67293
E00412,2024-10-01,BU01,Admin,M1,3.639,0.514,2.88,0.641,0.343,1,0.87642
E00413,2024-10-01,BU05,Operations,M1,8.11,0.587,3.56,0.6,0.405,0,0.683703
E00414,2024-10-01,BU10,Education,IC2,1.114,0.399,3.47,0.847,0.776,0,0.781837
E00415,2024-10-01,BU08,IT,IC1,4.679,0.677,3.95,1.6,0.379,0,0.292757
E00416,2024-10-01,BU04,Operations,IC1,0.769,0.501,2.71,0.6,0.773,0,0.878315
E00417,2024-10-01,BU05,Operations,IC1,6.574,0.541,3.09,0.908,0.638,0,0.780894
E00418,2024-10-01,BU04,Clinical,IC3,0.931,0.694,3.28,0.929,0.588,0,0.690103
E00419,2024-10-01,BU04,Operations,IC2,6.064,0.559,3.38,0.867,0.541,0,0.676627
E00420,2024-10-01,BU08,Clinical,M1,4.416,0.642,3.41,0.671,0.757,0,0.740746
E00421,2024-10-01,BU02,Finance,IC3,2.305,0.595,3.27,0.6,0.397,0,0.73136
E00422,2024-10-01,BU01,Education,IC1,6.47,0.669,2.95,1.094,0.718,0,0.722052
E00423,2024-10-01,BU03,Clinical,IC3,9.936,0.647,2.96,0.6,0.639,0,0.758559
E00424,2024-10-01,BU09,IT,IC2,1.61,0.646,3.72,0.847,0.623,0,0.669294
E00425,2024-10-01,BU04,Education,IC3,0.901,0.411,3.31,0.644,0.649,0,0.818405
E00426,2024-10-01,BU10,Clinical,IC3,10.144,0.456,3.6,1.389,0.593,0,0.627864
E00427,2024-10-01,BU05,Education,M1,8.884,0.591,3.25,0.6,0.444,0,0.751599
E00428,2024-10-01,BU02,Education,M1,5.292,0.63,2.85,0.6,0.528,0,0.805044
E00429,2024-10-01,BU04,Education,IC2,2.352,0.675,3.24,0.6,0.537,0,0.7175
E00430,2024-10-01,BU02,Finance,IC1,3.028,0.438,4.12,0.958,0.527,0,0.553856
E00431,2024-10-01,BU02,IT,IC3,6.675,0.535,4.0,0.831,0.495,0,0.647921
E00432,2024-10-01,BU04,Admin,IC1,10.352,0.386,2.56,0.9,0.361,0,0.843756
E00433,2024-10-01,BU06,Admin,IC2,4.298,0.554,2.91,0.648,0.333,0,0.75398
E00434,2024-10-01,BU07,Clinical,IC1,6.418,0.412,3.78,0.744,0.687,0,0.737896
E00435,2024-10-01,BU10,Education,IC3,5.262,0.641,3.4,0.738,0.447,0,0.68264
E00436,2024-10-01,BU03,Clinical,IC1,4.277,0.594,3.65,1.213,0.652,0,0.61441
E00437,2024-10-01,BU03,Finance,IC3,8.225,0.646,2.77,1.027,0.402,0,0.718289
E00438,2024-10-01,BU10,Finance,M2,1.503,0.641,3.66,0.6,0.677,0,0.790158
E00439,2024-10-01,BU06,Operations,IC1,7.866,0.671,2.43,1.168,0.603,0,0.773176
E00440,2024-10-01,BU03,Finance,IC1,6.114,0.658,3.19,0.915,0.544,0,0.661675
E00441,2024-10-01,BU02,Operations,IC2,5.246,0.56,2.79,0.739,0.59,1,0.853754
E00442,2024-10-01,BU08,IT,M1,2.034,0.505,3.64,0.651,0.411,0,0.682882
E00443,2024-10-01,BU05,Clinical,IC1,6.185,0.539,3.83,1.154,0.581,0,0.563651
E00444,2024-10-01,BU01,IT,IC2,10.533,0.471,3.1,0.824,0.502,0,0.828625
E00445,2024-10-01,BU03,Finance,IC1,7.559,0.427,3.62,0.622,0.633,0,0.784474
E00446,2024-10-01,BU10,IT,M1,6.149,0.68,3.67,0.6,0.646,0,0.721824
E00447,2024-10-01,BU08,IT,IC2,1.394,0.4,3.4,1.221,0.538,0,0.694934
E00448,2024-10-01,BU04,IT,M1,1.495,0.251,3.86,0.6,0.679,0,0.81013
E00449,2024-10-01,BU07,Finance,M1,6.125,0.556,3.67,0.6,0.403,0,0.668169
E00450,2024-10-01,BU10,Education,IC1,4.263,0.682,3.91,1.307,0.612,0,0.465633
E00451,2024-10-01,BU02,IT,M1,7.647,0.689,3.13,0.6,0.434,0,0.779718
E00452,2024-10-01,BU07,Operations,IC1,10.483,0.695,2.9,1.131,0.768,0,0.731315
E00453,2024-10-01,BU05,Finance,M1,5.829,0.639,2.9,0.73,0.535,0,0.739824
E00454,2024-10-01,BU05,IT,IC3,3.858,0.556,3.2,0.6,0.408,0,0.706189
E00455,2024-10-01,BU06,Education,M1,1.5,0.503,3.06,0.6,0.396,0,0.780044
E00456,2024-10-01,BU09,Finance,IC1,1.276,0.568,3.48,1.09,0.52,0,0.641689
E00457,2024-10-01,BU06,Admin,IC1,5.298,0.441,3.39,1.457,0.388,0,0.562144
E00458,2024-10-01,BU08,Education,IC2,6.686,0.519,3.45,0.769,0.41,0,0.715355
E00459,2024-10-01,BU07,Operations,IC2,7.11,0.597,2.76,0.637,0.621,0,0.823026
E00460,2024-10-01,BU09,IT,IC1,9.279,0.618,3.51,0.719,0.514,0,0.674025
E00461,2024-10-01,BU04,Admin,IC2,7.576,0.642,3.76,0.932,0.527,0,0.58976
E00462,2024-10-01,BU02,Admin,IC1,1.021,0.36,3.63,0.885,0.463,0,0.725939
E00463,2024-10-01,BU07,Finance,IC2,1.665,0.55,3.61,0.774,0.606,0,0.729077
E00464,2024-10-01,BU06,Admin,M1,7.847,0.615,4.28,0.642,0.281,0,0.509017
E00465,2024-10-01,BU01,Operations,IC2,1.161,0.41,3.23,0.6,0.565,0,0.750951
E00466,2024-10-01,BU09,Operations,IC1,9.963,0.637,2.75,1.6,0.584,0,0.598751
E00467,2024-10-01,BU09,Clinical,IC2,3.535,0.563,3.27,0.6,0.621,0,0.810149
E00468,2024-10-01,BU02,Operations,IC1,5.785,0.556,3.79,1.041,0.702,0,0.632395
E00469,2024-10-01,BU03,Education,M2,7.414,0.537,3.23,0.6,0.418,0,0.76318
E00470,2024-10-01,BU05,Admin,IC1,3.283,0.498,3.19,0.807,0.496,0,0.754321
E00471,2024-10-01,BU05,Operations,IC3,3.973,0.618,3.11,0.927,0.53,0,0.674285
E00472,2024-10-01,BU01,Finance,M2,9.292,0.579,3.05,0.6,0.252,0,0.719307
E00473,2024-10-01,BU08,Clinical,M1,10.431,0.799,3.59,0.71,0.67,0,0.654519
E00474,2024-10-01,BU08,Admin,IC3,0.553,0.473,2.95,0.6,0.592,0,0.813739
E00475,2024-10-01,BU04,Clinical,M1,7.474,0.715,2.96,0.6,0.847,0,0.74989
E00476,2024-10-01,BU07,Admin,M2,3.745,0.545,3.03,0.6,0.549,0,0.823926
E00477,2024-10-01,BU10,Finance,IC3,9.481,0.634,3.09,0.738,0.502,0,0.756078
E00478,2024-10-01,BU03,Clinical,IC3,8.682,0.584,2.93,0.6,0.574,0,0.847914
E00479,2024-10-01,BU06,IT,IC3,9.832,0.727,3.15,0.6,0.389,0,0.663292
E00480,2024-10-01,BU10,Education,IC2,10.694,0.651,2.86,0.6,0.537,0,0.784034
E00481,2024-10-01,BU10,Education,IC3,7.978,0.582,3.72,0.686,0.509,0,0.695468
E00482,2024-10-01,BU09,Admin,IC2,0.312,0.575,3.43,1.367,0.445,0,0.570858
E00483,2024-10-01,BU01,IT,IC1,6.401,0.632,3.28,0.6,0.505,0,0.713053
E00484,2024-10-01,BU05,Clinical,IC1,7.871,0.522,3.27,0.693,0.766,0,0.775646
E00485,2024-10-01,BU04,IT,IC1,10.502,0.585,3.12,0.862,0.465,0,0.686928
E00486,2024-10-01,BU08,IT,IC2,9.851,0.596,3.69,0.834,0.614,0,0.664715
E00487,2024-10-01,BU01,Clinical,IC1,3.559,0.517,3.33,1.245,0.576,0,0.65738
E00488,2024-10-01,BU09,Finance,IC3,1.73,0.467,3.86,0.64,0.436,0,0.654176
E00489,2024-10-01,BU06,IT,IC2,0.309,0.63,4.06,0.6,0.523,0,0.592657
E00490,2024-10-01,BU04,IT,M1,9.599,0.528,3.01,0.835,0.526,0,0.7945
E00491,2024-10-01,BU09,Finance,IC1,8.151,0.483,3.62,1.177,0.469,0,0.522711
E00492,2024-10-01,BU05,IT,IC1,8.997,0.633,3.44,1.165,0.567,0,0.518695
E00493,2024-10-01,BU05,IT,IC3,8.413,0.593,3.49,0.708,0.526,0,0.691601
E00494,2024-10-01,BU05,IT,IC3,4.205,0.517,3.75,0.834,0.635,0,0.712259
E00495,2024-10-01,BU01,Education,IC1,9.99,0.647,3.24,0.692,0.543,0,0.722531
E00496,2024-10-01,BU01,Operations,M1,0.805,0.505,3.4,0.6,0.626,0,0.7851
E00497,2024-10-01,BU08,Finance,M1,3.633,0.524,2.82,0.654,0.464,0,0.781014
E00498,2024-10-01,BU08,IT,IC2,1.12,0.56,3.34,0.6,0.567,0,0.76874
E00499,2024-10-01,BU06,Education,IC2,1.651,0.387,3.44,0.82,0.571,0,0.822951
E00500,2024-10-01,BU04,Finance,M2,1.5,0.568,2.95,0.6,0.506,0,0.798604
E00001,2024-11-01,BU03,Operations,IC2,4.75,0.751,3.44,0.899,0.53,0,0.57189
E00002,2024-11-01,BU05,Education,IC2,7.661,0.581,2.97,1.6,0.606,0,0.619943
E00003,2024-11-01,BU01,Operations,IC2,0.145,0.553,3.37,0.6,0.609,0,0.766674
E00004,2024-11-01,BU01,Clinical,IC1,3.294,0.513,3.53,1.127,0.72,0,0.684859
E00005,2024-11-01,BU10,Finance,IC2,6.565,0.578,3.51,0.6,0.311,1,0.741466
E00006,2024-11-01,BU09,IT,M2,4.057,0.571,3.89,0.6,0.552,0,0.717889
E00007,2024-11-01,BU07,Operations,IC1,1.467,0.506,3.31,1.07,0.773,0,0.722627
E00008,2024-11-01,BU01,Finance,IC1,8.687,0.655,3.2,1.471,0.579,0,0.511228
E00009,2024-11-01,BU08,Clinical,IC2,3.986,0.639,4.05,0.6,0.661,0,0.649356
E00010,2024-11-01,BU03,Admin,M1,0.192,0.358,2.62,0.708,0.359,0,0.824011
E00011,2024-11-01,BU08,Education,IC3,0.58,0.456,3.5,0.6,0.597,0,0.788186
E00012,2024-11-01,BU05,Finance,IC3,3.124,0.582,3.47,0.6,0.509,0,0.751834
E00013,2024-11-01,BU01,Finance,IC1,6.494,0.519,3.25,0.975,0.512,0,0.74215
E00014,2024-11-01,BU07,Admin,IC3,7.094,0.559,3.36,1.113,0.667,0,0.635298
E00015,2024-11-01,BU05,Finance,IC2,3.556,0.594,3.35,0.6,0.307,0,0.677983
E00016,2024-11-01,BU06,Clinical,M1,3.039,0.583,3.94,0.6,0.719,0,0.680899
E00017,2024-11-01,BU06,Clinical,IC3,8.468,0.727,3.76,0.6,0.659,0,0.720432
E00018,2024-11-01,BU08,Admin,IC1,5.114,0.695,3.24,0.84,0.581,0,0.66477
E00019,2024-11-01,BU09,Education,IC1,6.19,0.582,3.8,1.6,0.555,0,0.493296
E00020,2024-11-01,BU02,IT,IC1,9.645,0.665,3.26,0.796,0.592,0,0.647816
E00021,2024-11-01,BU09,Operations,IC2,3.811,0.52,3.64,1.265,0.703,0,0.607189
E00022,2024-11-01,BU10,IT,IC2,5.67,0.667,2.87,1.098,0.607,0,0.725482
E00023,2024-11-01,BU09,Finance,IC3,9.558,0.515,3.12,0.6,0.519,0,0.801702
E00024,2024-11-01,BU10,Operations,IC2,6.743,0.661,3.34,0.693,0.589,0,0.681592
E00025,2024-11-01,BU10,Admin,IC2,10.828,0.573,3.06,0.6,0.366,0,0.752472
E00026,2024-11-01,BU07,Admin,IC1,1.339,0.348,3.76,0.618,0.735,0,0.782886
E00027,2024-11-01,BU01,Education,IC1,5.235,0.592,3.45,1.095,0.498,0,0.621984
E00028,2024-11-01,BU07,Operations,M1,2.281,0.562,2.86,0.6,0.624,0,0.817812
E00029,2024-11-01,BU10,Clinical,IC1,10.431,0.578,3.68,0.705,0.661,0,0.734058
E00030,2024-11-01,BU05,Operations,IC3,0.0,0.508,3.24,0.6,0.796,0,0.84313
E00031,2024-11-01,BU06,Finance,M1,0.808,0.545,3.35,0.6,0.652,0,0.782792
E00032,2024-11-01,BU10,Clinical,IC3,1.317,0.727,2.86,0.6,0.688,0,0.772351
E00033,2024-11-01,BU07,Admin,M1,8.326,0.489,3.15,0.6,0.627,0,0.859209
E00034,2024-11-01,BU05,Operations,IC2,4.131,0.648,2.94,0.785,0.658,0,0.793206
E00035,2024-11-01,BU07,IT,M2,7.598,0.551,3.75,0.6,0.607,0,0.668459
E00036,2024-11-01,BU09,Education,IC1,2.163,0.468,3.23,0.6,0.774,0,0.853085
E00037,2024-11-01,BU03,IT,IC1,8.78,0.61,3.24,1.6,0.45,0,0.55293
E00038,2024-11-01,BU08,Education,IC3,6.823,0.651,3.34,0.6,0.649,0,0.770049
E00039,2024-11-01,BU02,Finance,M2,8.575,0.755,3.29,0.6,0.473,0,0.689424
E00040,2024-11-01,BU07,IT,M1,4.118,0.647,3.14,0.6,0.417,0,0.720133
E00041,2024-11-01,BU02,Operations,IC1,6.349,0.665,3.35,1.6,0.517,0,0.469817
E00042,2024-11-01,BU04,Operations,IC2,1.966,0.664,2.57,0.62,0.588,0,0.8464
E00043,2024-11-01,BU07,IT,M2,4.602,0.583,3.63,0.657,0.496,0,0.676816
E00044,2024-11-01,BU03,Operations,IC2,9.826,0.469,3.31,0.753,0.582,0,0.766926
E00045,2024-11-01,BU02,Finance,M1,7.521,0.689,3.45,0.6,0.563,0,0.689639
E00046,2024-11-01,BU10,Clinical,M1,1.886,0.443,4.34,0.754,0.757,0,0.685537
E00047,2024-11-01,BU07,Finance,IC2,9.144,0.588,3.25,0.6,0.774,0,0.747462
E00048,2024-11-01,BU01,Education,IC2,1.607,0.424,2.98,0.6,0.699,0,0.848306
E00049,2024-11-01,BU08,Finance,IC2,1.873,0.598,3.47,0.6,0.563,0,0.71818
E00050,2024-11-01,BU03,Education,IC1,1.15,0.384,4.46,0.6,0.584,0,0.647069
E00051,2024-11-01,BU02,Operations,M1,6.319,0.513,3.45,0.6,0.646,0,0.762011
E00052,2024-11-01,BU03,Clinical,IC2,8.903,0.628,3.66,0.981,0.77,0,0.654623
E00053,2024-11-01,BU05,Operations,M1,7.567,0.64,3.42,0.6,0.63,0,0.75649
E00054,2024-11-01,BU08,Admin,IC1,4.635,0.368,2.78,1.489,0.454,0,0.667902
E00055,2024-11-01,BU10,Operations,M2,3.036,0.662,3.39,0.6,0.584,0,0.722972
E00056,2024-11-01,BU07,Education,IC2,8.49,0.727,3.84,0.996,0.529,0,0.488904
E00057,2024-11-01,BU07,Operations,IC1,10.505,0.629,3.32,0.937,0.856,0,0.752704
E00058,2024-11-01,BU07,Operations,IC1,7.611,0.726,3.18,0.792,0.657,0,0.715106
E00059,2024-11-01,BU08,Clinical,IC3,8.882,0.595,3.53,1.054,0.632,0,0.625598
E00060,2024-11-01,BU01,Operations,IC3,3.168,0.546,3.15,0.6,0.627,0,0.802848
E00061,2024-11-01,BU04,Clinical,M1,7.521,0.554,2.78,0.609,0.736,0,0.858984
E00062,2024-11-01,BU06,IT,IC1,8.958,0.522,3.1,1.182,0.424,0,0.677472
E00063,2024-11-01,BU09,Admin,IC1,5.506,0.556,3.32,1.237,0.452,0,0.606763
E00064,2024-11-01,BU02,Clinical,IC2,5.55,0.776,3.48,0.6,0.573,0,0.675071
E00065,2024-11-01,BU01,Education,IC2,1.446,0.568,3.15,1.177,0.66,0,0.664609
E00066,2024-11-01,BU10,IT,IC2,7.335,0.554,2.66,0.6,0.476,0,0.830368
E00067,2024-11-01,BU02,Clinical,M2,5.133,0.561,2.68,0.6,0.611,0,0.866709
E00068,2024-11-01,BU07,Clinical,M2,9.284,0.544,3.4,0.6,0.619,0,0.778626
E00069,2024-11-01,BU03,Admin,M2,1.487,0.583,3.58,0.6,0.342,0,0.685847
E00070,2024-11-01,BU10,Education,M1,9.068,0.655,3.23,0.6,0.5,0,0.743969
E00071,2024-11-01,BU02,Finance,IC2,1.038,0.489,3.28,0.912,0.544,0,0.720782
E00072,2024-11-01,BU07,Finance,IC2,7.321,0.696,2.73,1.06,0.452,0,0.626331
E00073,2024-11-01,BU02,Clinical,IC2,3.036,0.573,3.5,0.855,0.649,0,0.714722
E00074,2024-11-01,BU03,Operations,M1,4.49,0.63,3.16,0.6,0.771,0,0.782592
E00075,2024-11-01,BU07,Education,IC1,2.658,0.599,3.33,1.203,0.511,0,0.639613
E00076,2024-11-01,BU04,IT,IC2,3.332,0.51,3.45,0.799,0.485,0,0.682505
E00077,2024-11-01,BU01,Operations,IC1,5.985,0.461,3.03,0.6,0.587,0,0.820796
E00078,2024-11-01,BU05,Operations,IC2,8.953,0.527,3.33,0.6,0.762,0,0.784507
E00079,2024-11-01,BU09,Education,M1,6.73,0.6,3.48,0.6,0.511,0,0.73105
E00080,2024-11-01,BU08,Clinical,M1,2.894,0.577,3.32,0.885,0.715,0,0.743456
E00081,2024-11-01,BU09,Clinical,IC1,1.117,0.551,3.63,1.453,0.636,0,0.571435
E00082,2024-11-01,BU10,Clinical,M2,2.048,0.684,2.9,0.693,0.66,0,0.787996
E00083,2024-11-01,BU09,Clinical,IC3,2.048,0.547,3.42,0.701,0.538,0,0.721551
E00084,2024-11-01,BU07,Finance,IC1,9.919,0.574,3.53,1.274,0.483,0,0.521901
E00085,2024-11-01,BU04,Clinical,IC2,2.782,0.616,2.94,0.6,0.57,0,0.837876
E00086,2024-11-01,BU05,Finance,IC2,4.402,0.573,3.39,0.778,0.598,0,0.704105
E00087,2024-11-01,BU01,Finance,IC1,2.267,0.558,2.89,1.12,0.543,0,0.664894
E00088,2024-11-01,BU01,Clinical,M2,3.244,0.549,3.96,0.6,0.897,0,0.753178
E00089,2024-11-01,BU03,Admin,IC2,10.073,0.63,3.27,0.716,0.363,0,0.605196
E00090,2024-11-01,BU08,IT,M1,3.102,0.5,2.96,0.999,0.588,0,0.767961
E00091,2024-11-01,BU02,Operations,IC2,3.748,0.55,3.24,0.977,0.546,0,0.663197
E00092,2024-11-01,BU04,Finance,IC1,0.0,0.462,3.44,1.224,0.57,0,0.618848
E00093,2024-11-01,BU02,Education,IC2,8.014,0.498,2.98,0.6,0.52,0,0.797472
E00094,2024-11-01,BU05,Education,IC1,10.689,0.653,3.33,1.6,0.77,0,0.508077
E00095,2024-11-01,BU09,IT,IC2,3.504,0.672,3.1,0.709,0.426,0,0.723092
E00096,2024-11-01,BU01,Education,M1,8.496,0.682,3.74,0.6,0.597,0,0.636941
E00097,2024-11-01,BU05,Admin,IC2,8.361,0.58,3.14,0.641,0.452,0,0.732986
E00098,2024-11-01,BU09,Education,IC3,10.669,0.628,2.77,0.6,0.604,0,0.807085
E00099,2024-11-01,BU01,Operations,IC1,0.227,0.371,2.33,1.275,0.659,0,0.846727
E00100,2024-11-01,BU09,Operations,IC1,6.823,0.637,3.65,0.805,0.512,0,0.609505
E00101,2024-11-01,BU08,Finance,IC1,1.35,0.479,3.17,0.715,0.527,0,0.743103
E00102,2024-11-01,BU04,Clinical,IC3,4.561,0.581,2.73,0.638,0.607,0,0.809809
E00103,2024-11-01,BU10,Admin,IC1,1.834,0.577,2.59,1.382,0.573,0,0.732629
E00104,2024-11-01,BU05,Finance,IC2,2.281,0.534,3.14,0.816,0.476,0,0.701534
E00105,2024-11-01,BU05,Admin,IC3,4.153,0.643,4.4,0.6,0.466,0,0.55914
E00106,2024-11-01,BU06,Clinical,IC2,2.554,0.478,3.22,0.925,0.61,0,0.810783
E00107,2024-11-01,BU07,Education,IC1,3.548,0.628,3.23,0.68,0.369,0,0.618361
E00108,2024-11-01,BU08,Education,IC2,9.413,0.593,3.47,0.6,0.54,0,0.768142
E00109,2024-11-01,BU08,Clinical,M1,9.886,0.63,3.9,0.926,0.662,0,0.633337
E00110,2024-11-01,BU02,Finance,IC3,4.608,0.448,3.23,0.784,0.784,1,0.904148
E00111,2024-11-01,BU09,Clinical,IC2,3.866,0.593,3.36,0.738,0.679,0,0.73446
E00112,2024-11-01,BU07,IT,IC1,3.357,0.481,3.64,0.758,0.468,0,0.739967
E00113,2024-11-01,BU04,Operations,M2,6.3,0.525,3.56,0.733,0.696,0,0.751405
E00114,2024-11-01,BU04,Finance,IC3,7.981,0.595,2.92,1.6,0.54,0,0.587787
E00115,2024-11-01,BU08,Admin,IC2,3.075,0.524,3.09,0.876,0.712,0,0.764144
E00116,2024-11-01,BU04,IT,M1,5.049,0.561,3.45,0.6,0.594,0,0.721754
E00117,2024-11-01,BU06,Finance,IC2,0.663,0.552,3.12,0.781,0.453,0,0.743182
E00118,2024-11-01,BU05,Clinical,IC2,8.307,0.571,3.25,0.837,0.689,0,0.717201
E00119,2024-11-01,BU03,Clinical,IC3,10.639,0.645,3.69,0.6,0.695,0,0.708731
E00120,2024-11-01,BU10,Clinical,IC1,8.747,0.635,3.34,1.032,0.59,0,0.704017
E00121,2024-11-01,BU02,Clinical,M2,5.848,0.714,3.44,0.6,0.487,0,0.66203
E00122,2024-11-01,BU09,Admin,IC3,8.036,0.62,3.21,1.026,0.494,0,0.653249
E00123,2024-11-01,BU10,IT,IC3,10.538,0.514,3.44,1.024,0.354,0,0.623455
E00124,2024-11-01,BU09,Education,IC1,5.911,0.619,3.27,0.934,0.538,0,0.654308
E00125,2024-11-01,BU01,Operations,IC1,1.246,0.452,2.91,1.545,0.715,0,0.662408
E00126,2024-11-01,BU10,Admin,IC2,4.099,0.539,3.5,1.475,0.538,0,0.571587
E00127,2024-11-01,BU03,Admin,M1,4.309,0.654,2.95,0.6,0.506,1,0.823246
E00128,2024-11-01,BU08,Education,IC2,0.764,0.605,3.42,0.869,0.529,0,0.70181
E00129,2024-11-01,BU06,Education,IC2,2.661,0.488,3.49,0.6,0.498,0,0.694695
E00130,2024-11-01,BU05,Operations,IC3,0.868,0.696,3.46,0.6,0.654,0,0.774803
E00131,2024-11-01,BU05,Operations,IC1,1.142,0.575,2.95,0.671,0.719,0,0.832613
E00132,2024-11-01,BU06,Education,IC3,7.893,0.674,3.18,0.6,0.528,0,0.760763
E00133,2024-11-01,BU07,Clinical,IC1,4.816,0.635,3.28,0.6,0.619,0,0.740372
E00134,2024-11-01,BU01,Admin,M2,10.155,0.7,2.75,0.6,0.562,0,0.831751
E00135,2024-11-01,BU09,Finance,IC2,7.239,0.517,3.6,0.656,0.592,0,0.750738
E00136,2024-11-01,BU03,Operations,IC1,7.814,0.552,2.86,1.341,0.866,0,0.772307
E00137,2024-11-01,BU04,Operations,IC2,6.36,0.621,2.95,0.6,0.612,0,0.822675
E00138,2024-11-01,BU10,Education,IC2,4.465,0.638,3.59,0.6,0.301,0,0.640242
E00139,2024-11-01,BU01,IT,M1,4.35,0.658,4.01,0.614,0.629,0,0.613376
E00140,2024-11-01,BU10,Finance,IC3,0.049,0.565,4.18,0.612,0.517,0,0.593764
E00141,2024-11-01,BU03,Finance,IC3,6.891,0.669,3.68,0.6,0.572,0,0.594556
E00142,2024-11-01,BU02,Operations,IC1,4.474,0.562,3.69,0.934,0.498,0,0.641904
E00143,2024-11-01,BU02,Clinical,IC1,0.35,0.572,3.11,0.685,0.818,0,0.855174
E00144,2024-11-01,BU01,IT,IC1,8.471,0.597,3.33,1.035,0.411,0,0.669439
E00145,2024-11-01,BU08,Finance,IC3,4.983,0.7,3.44,1.599,0.609,0,0.454952
E00146,2024-11-01,BU03,Operations,M1,8.873,0.588,3.69,0.6,0.543,0,0.707058
E00147,2024-11-01,BU03,Finance,IC2,1.44,0.515,3.03,0.716,0.411,0,0.749589
E00148,2024-11-01,BU06,IT,IC1,2.587,0.593,3.36,0.747,0.436,0,0.682361
E00149,2024-11-01,BU08,IT,IC3,6.634,0.611,3.44,0.6,0.4,0,0.725469
E00150,2024-11-01,BU09,Admin,M1,5.654,0.597,3.34,0.722,0.416,0,0.700092
E00151,2024-11-01,BU09,Education,IC3,7.513,0.674,3.29,0.72,0.653,0,0.729624
E00152,2024-11-01,BU04,Education,M1,0.14,0.572,3.18,0.696,0.582,0,0.733241
E00153,2024-11-01,BU05,Operations,IC2,1.719,0.597,3.51,0.722,0.606,0,0.722022
E00154,2024-11-01,BU02,IT,IC1,4.137,0.584,3.03,0.623,0.378,0,0.74433
E00155,2024-11-01,BU09,Admin,M1,2.825,0.628,3.99,0.6,0.418,0,0.590803
E00156,2024-11-01,BU08,Admin,IC3,4.794,0.502,3.79,0.862,0.611,0,0.644484
E00157,2024-11-01,BU03,Finance,IC2,10.497,0.681,2.89,0.773,0.439,0,0.759936
E00158,2024-11-01,BU09,Finance,IC3,10.409,0.563,3.51,0.985,0.606,0,0.668235
E00159,2024-11-01,BU03,Admin,M1,2.357,0.504,3.28,0.6,0.567,0,0.796257
E00160,2024-11-01,BU09,Finance,IC3,0.66,0.425,3.55,0.6,0.398,0,0.764803
E00161,2024-11-01,BU02,IT,IC3,2.319,0.561,3.21,0.6,0.525,0,0.791263
E00162,2024-11-01,BU10,Clinical,IC2,7.143,0.513,3.83,0.944,0.698,0,0.688628
E00163,2024-11-01,BU09,IT,IC2,1.958,0.532,2.99,0.99,0.574,0,0.70629
E00164,2024-11-01,BU08,Admin,IC2,7.844,0.716,2.94,1.042,0.438,0,0.654271
E00165,2024-11-01,BU09,Admin,M1,4.016,0.615,3.68,0.6,0.283,0,0.649542
E00166,2024-11-01,BU05,IT,M1,5.232,0.616,3.32,0.6,0.313,0,0.700601
E00167,2024-11-01,BU02,Finance,M1,3.362,0.607,2.9,0.6,0.494,0,0.83399
E00168,2024-11-01,BU08,Finance,IC1,0.0,0.361,3.13,1.478,0.577,0,0.70064
E00169,2024-11-01,BU06,Education,IC3,2.218,0.575,4.07,0.6,0.455,0,0.590845
E00170,2024-11-01,BU08,Admin,M1,5.9,0.611,3.63,0.6,0.443,0,0.66849
E00171,2024-11-01,BU05,Operations,IC3,10.483,0.549,3.89,0.77,0.671,0,0.690007
E00172,2024-11-01,BU10,Education,M1,8.194,0.487,3.7,0.664,0.516,0,0.73511
E00173,2024-11-01,BU02,Finance,M1,1.06,0.537,3.6,0.967,0.562,0,0.678067
E00174,2024-11-01,BU06,IT,IC2,2.858,0.566,3.01,1.308,0.374,0,0.646591
E00175,2024-11-01,BU05,Finance,IC2,0.586,0.497,3.62,0.621,0.495,0,0.724771
E00176,2024-11-01,BU05,IT,IC1,5.051,0.619,3.45,0.6,0.502,0,0.740766
E00177,2024-11-01,BU01,Education,IC2,3.242,0.507,2.72,0.6,0.474,0,0.814961
E00178,2024-11-01,BU02,Admin,IC3,2.031,0.615,3.35,0.672,0.521,0,0.710658
E00179,2024-11-01,BU08,Finance,M1,6.85,0.673,2.73,0.6,0.506,0,0.780236
E00180,2024-11-01,BU03,IT,IC1,10.713,0.716,3.4,1.6,0.504,0,0.465861
E00181,2024-11-01,BU10,Admin,IC1,9.911,0.672,3.66,0.94,0.333,0,0.529035
E00182,2024-11-01,BU03,Operations,IC3,0.862,0.419,3.71,0.787,0.557,0,0.744337
E00183,2024-11-01,BU08,IT,IC1,7.444,0.674,3.74,0.98,0.405,0,0.522447
E00184,2024-11-01,BU08,Education,IC1,4.101,0.525,3.86,0.842,0.437,0,0.663844
E00185,2024-11-01,BU02,Operations,IC1,9.588,0.599,3.04,0.6,0.634,0,0.793895
E00186,2024-11-01,BU08,Operations,IC1,7.943,0.481,3.94,0.881,0.729,0,0.687337
E00187,2024-11-01,BU01,Clinical,IC1,10.36,0.577,3.58,1.6,0.886,0,0.566207
E00188,2024-11-01,BU06,Finance,IC2,6.784,0.469,3.52,0.6,0.631,0,0.813119
E00189,2024-11-01,BU08,IT,IC2,10.149,0.485,3.0,0.6,0.66,0,0.834675
E00190,2024-11-01,BU03,Operations,M1,3.795,0.608,2.7,1.031,0.681,0,0.759462
E00191,2024-11-01,BU08,Clinical,IC2,10.45,0.619,3.64,0.998,0.691,0,0.600912
E00192,2024-11-01,BU01,Education,IC3,0.548,0.49,3.34,0.655,0.52,0,0.737821
E00193,2024-11-01,BU09,Admin,IC1,9.897,0.5,3.78,1.467,0.519,0,0.4978
E00194,2024-11-01,BU09,IT,IC1,9.618,0.632,3.67,0.724,0.531,0,0.686104
E00195,2024-11-01,BU05,Operations,IC3,9.399,0.587,3.5,0.608,0.604,0,0.745901
E00196,2024-11-01,BU10,Finance,IC1,5.725,0.513,3.26,1.303,0.41,0,0.609552
E00197,2024-11-01,BU04,Clinical,IC2,4.619,0.453,3.16,1.553,0.771,0,0.666987
E00198,2024-11-01,BU06,Operations,IC3,6.439,0.636,3.69,0.6,0.674,0,0.719419
E00199,2024-11-01,BU07,Finance,IC3,10.114,0.594,3.3,0.898,0.464,0,0.679892
E00200,2024-11-01,BU05,Operations,IC1,10.68,0.545,3.29,1.025,0.507,0,0.658929
E00201,2024-11-01,BU10,IT,IC2,8.063,0.848,2.77,0.819,0.628,0,0.724477
E00202,2024-11-01,BU09,IT,IC3,9.248,0.519,3.48,0.656,0.444,0,0.704083
E00203,2024-11-01,BU03,IT,IC1,6.697,0.674,4.0,0.6,0.511,0,0.590924
E00204,2024-11-01,BU07,Education,IC3,0.936,0.524,3.5,0.84,0.673,0,0.686555
E00205,2024-11-01,BU10,Education,IC3,5.437,0.557,3.41,0.6,0.409,0,0.719703
E00206,2024-11-01,BU10,Clinical,M2,4.309,0.586,3.56,0.6,0.642,0,0.754466
E00207,2024-11-01,BU05,IT,IC1,7.239,0.702,3.53,1.241,0.584,0,0.551274
E00208,2024-11-01,BU07,Finance,M1,4.832,0.437,3.26,0.673,0.506,1,0.868876
E00209,2024-11-01,BU02,Operations,IC2,0.402,0.578,3.6,0.753,0.429,0,0.684251
E00210,2024-11-01,BU04,Admin,IC2,3.786,0.585,3.9,1.123,0.469,0,0.504474
E00211,2024-11-01,BU02,Finance,IC1,0.679,0.558,2.98,1.52,0.519,0,0.663163
E00212,2024-11-01,BU07,Education,IC3,10.831,0.644,3.23,1.01,0.576,0,0.675189
E00213,2024-11-01,BU02,Education,IC1,4.931,0.588,4.01,0.768,0.655,0,0.629775
E00214,2024-11-01,BU01,Finance,IC2,3.461,0.617,2.79,1.087,0.511,0,0.688739
E00215,2024-11-01,BU09,Education,IC1,6.059,0.477,3.1,1.041,0.496,0,0.733165
E00216,2024-11-01,BU01,IT,M1,7.097,0.632,3.2,0.965,0.508,0,0.65851
E00217,2024-11-01,BU08,Clinical,M1,9.391,0.604,3.09,0.6,0.737,0,0.786967
E00218,2024-11-01,BU02,Operations,IC3,4.931,0.481,3.21,0.6,0.719,0,0.752281
E00219,2024-11-01,BU08,Clinical,IC2,4.953,0.495,3.38,0.6,0.811,0,0.855412
E00220,2024-11-01,BU03,Operations,IC1,0.778,0.559,3.26,0.951,0.597,0,0.735854
E00221,2024-11-01,BU06,Operations,IC3,10.771,0.614,3.26,0.751,0.557,0,0.754098
E00222,2024-11-01,BU03,Clinical,IC2,2.683,0.419,2.59,0.943,0.675,0,0.79996
E00223,2024-11-01,BU07,Finance,IC1,0.151,0.53,3.35,1.021,0.523,0,0.68257
E00224,2024-11-01,BU10,Operations,IC3,5.621,0.578,3.32,0.853,0.586,0,0.73149
E00225,2024-11-01,BU09,Clinical,M2,8.821,0.552,3.79,0.6,0.647,0,0.677732
E00226,2024-11-01,BU02,Operations,IC3,7.45,0.572,4.12,0.6,0.598,0,0.637922
E00227,2024-11-01,BU05,Admin,IC3,0.274,0.416,3.81,0.6,0.569,0,0.765912
E00228,2024-11-01,BU06,Finance,M2,7.42,0.659,3.43,0.663,0.575,0,0.686414
E00229,2024-11-01,BU04,IT,IC1,7.874,0.657,3.08,1.079,0.658,0,0.714208
E00230,2024-11-01,BU04,Operations,IC3,1.807,0.604,3.43,0.6,0.649,0,0.713554
E00231,2024-11-01,BU04,Admin,M2,8.446,0.64,2.25,0.612,0.292,0,0.827687
E00232,2024-11-01,BU02,IT,IC1,8.435,0.518,3.48,1.6,0.633,0,0.528376
E00233,2024-11-01,BU04,IT,IC3,7.346,0.664,3.31,0.6,0.663,0,0.692807
E00234,2024-11-01,BU01,Operations,IC3,4.624,0.449,2.81,0.692,0.678,0,0.886823
E00235,2024-11-01,BU06,Clinical,IC3,7.45,0.427,3.01,0.6,0.816,0,0.87195
E00236,2024-11-01,BU01,Operations,IC3,2.294,0.48,2.82,0.823,0.638,0,0.839012
E00237,2024-11-01,BU10,Admin,M1,10.489,0.574,3.39,0.6,0.473,0,0.689289
E00238,2024-11-01,BU06,IT,M1,3.461,0.576,3.6,0.6,0.551,0,0.692884
E00239,2024-11-01,BU01,Operations,IC1,4.452,0.438,3.3,1.218,0.73,0,0.732335
E00240,2024-11-01,BU06,Clinical,M1,9.065,0.639,3.41,0.814,0.694,0,0.686689
E00241,2024-11-01,BU10,Operations,IC1,3.042,0.512,3.79,1.025,0.589,0,0.616121
E00242,2024-11-01,BU08,Finance,IC2,10.62,0.625,3.84,0.697,0.297,0,0.601287
E00243,2024-11-01,BU02,Clinical,IC2,0.778,0.493,3.27,0.6,0.731,0,0.848177
E00244,2024-11-01,BU02,Admin,IC2,2.448,0.618,3.01,0.6,0.516,0,0.789968
E00245,2024-11-01,BU04,IT,IC2,2.094,0.491,3.18,0.629,0.592,0,0.763824
E00246,2024-11-01,BU03,Operations,M2,9.815,0.599,2.8,0.6,0.947,0,0.816231
E00247,2024-11-01,BU04,Clinical,IC3,4.627,0.453,3.63,0.67,0.937,0,0.865406
E00248,2024-11-01,BU07,Finance,IC3,1.572,0.595,3.24,0.6,0.555,0,0.726709
E00249,2024-11-01,BU01,Clinical,IC1,8.835,0.566,3.46,0.997,0.446,0,0.575872
E00250,2024-11-01,BU06,Education,M1,4.802,0.625,3.52,0.774,0.537,0,0.65991
E00251,2024-11-01,BU03,Finance,M1,1.194,0.475,3.75,0.6,0.436,0,0.702087
E00252,2024-11-01,BU10,Admin,M1,2.7,0.541,3.68,0.6,0.351,0,0.631057
E00253,2024-11-01,BU07,IT,IC1,6.847,0.628,3.42,0.779,0.618,0,0.708988
E00254,2024-11-01,BU10,Admin,IC1,10.19,0.638,2.65,1.147,0.531,0,0.742435
E00255,2024-11-01,BU02,Operations,IC1,9.29,0.529,3.23,1.169,0.861,0,0.761358
E00256,2024-11-01,BU02,Clinical,IC1,10.042,0.549,3.53,1.044,0.609,0,0.617394
E00257,2024-11-01,BU04,Education,IC2,6.053,0.752,3.62,1.22,0.641,0,0.517066
E00258,2024-11-01,BU01,Finance,M1,6.708,0.565,2.87,0.6,0.478,0,0.808946
E00259,2024-11-01,BU03,Finance,IC2,0.4,0.493,2.99,1.508,0.366,0,0.625054
E00260,2024-11-01,BU09,Clinical,IC1,4.37,0.62,3.67,1.226,0.743,0,0.591591
E00261,2024-11-01,BU07,Education,IC2,2.626,0.523,3.69,0.6,0.494,0,0.755497
E00262,2024-11-01,BU07,Clinical,IC1,2.001,0.497,3.31,1.6,0.582,0,0.639123
E00263,2024-11-01,BU04,Operations,IC1,8.715,0.663,2.79,0.669,0.695,0,0.807651
E00264,2024-11-01,BU02,Admin,IC2,7.869,0.45,3.84,0.6,0.529,0,0.737106
E00265,2024-11-01,BU04,Finance,IC2,8.797,0.536,3.86,0.915,0.617,1,0.741027
E00266,2024-11-01,BU06,Operations,M1,7.373,0.615,3.36,0.6,0.509,0,0.744995
E00267,2024-11-01,BU03,Admin,M2,2.916,0.528,3.25,0.6,0.255,0,0.729965
E00268,2024-11-01,BU01,Operations,IC2,5.448,0.667,3.36,1.328,0.47,0,0.611829
E00269,2024-11-01,BU08,Education,IC2,2.927,0.519,3.64,0.971,0.533,0,0.597058
E00270,2024-11-01,BU05,Finance,M1,10.125,0.67,3.88,0.752,0.551,0,0.597359
E00271,2024-11-01,BU05,Clinical,IC2,3.786,0.622,3.84,0.6,0.627,0,0.64705
E00272,2024-11-01,BU04,Clinical,IC1,7.324,0.583,2.88,0.6,0.722,0,0.872555
E00273,2024-11-01,BU06,Admin,M1,0.454,0.568,3.31,0.662,0.528,0,0.749137
E00274,2024-11-01,BU03,IT,IC1,10.497,0.539,2.99,1.299,0.515,0,0.712144
E00275,2024-11-01,BU09,Education,IC3,3.748,0.501,3.08,0.815,0.51,0,0.819999
E00276,2024-11-01,BU05,Admin,IC3,6.982,0.499,2.95,0.752,0.639,0,0.763683
E00277,2024-11-01,BU03,IT,IC2,5.613,0.596,4.06,0.6,0.457,0,0.597272
E00278,2024-11-01,BU01,Operations,IC2,3.321,0.477,2.75,1.6,0.548,0,0.635169
E00279,2024-11-01,BU10,Education,M1,7.414,0.621,3.94,0.658,0.389,0,0.626408
E00280,2024-11-01,BU06,Operations,IC1,7.893,0.624,3.98,0.87,0.636,0,0.593302
E00281,2024-11-01,BU02,Finance,IC1,2.724,0.407,3.14,0.923,0.452,0,0.743681
E00282,2024-11-01,BU03,Education,IC3,8.37,0.57,2.6,0.614,0.416,0,0.846932
E00283,2024-11-01,BU01,IT,IC2,2.713,0.515,3.08,1.125,0.513,0,0.748118
E00284,2024-11-01,BU09,Finance,IC1,9.747,0.6,2.71,0.961,0.47,0,0.789541
E00285,2024-11-01,BU08,Clinical,M1,9.676,0.64,3.32,0.664,0.566,0,0.647987
E00286,2024-11-01,BU02,IT,IC2,9.002,0.64,3.36,0.805,0.54,0,0.62696
E00287,2024-11-01,BU08,Admin,M1,5.613,0.723,2.94,0.6,0.513,0,0.755352
E00288,2024-11-01,BU09,Clinical,M1,8.69,0.471,3.03,0.663,0.541,0,0.881715
E00289,2024-11-01,BU01,Clinical,IC3,2.513,0.556,3.54,0.678,0.467,0,0.735334
E00290,2024-11-01,BU05,Admin,IC2,7.121,0.555,2.99,0.663,0.315,0,0.768828
E00291,2024-11-01,BU08,Education,M2,10.404,0.641,3.5,0.6,0.665,0,0.750374
E00292,2024-11-01,BU02,Clinical,IC1,7.814,0.775,3.6,1.046,0.583,0,0.577804
E00293,2024-11-01,BU04,IT,IC3,10.253,0.573,3.79,0.628,0.602,0,0.673217
E00294,2024-11-01,BU07,Finance,IC1,5.854,0.631,3.37,0.748,0.379,0,0.689551
E00295,2024-11-01,BU03,Clinical,IC2,7.277,0.609,3.51,0.6,0.637,0,0.736907
E00296,2024-11-01,BU05,IT,IC2,3.08,0.498,3.32,0.879,0.569,0,0.732382
E00297,2024-11-01,BU08,Operations,M2,3.608,0.535,3.16,0.6,0.615,0,0.79852
E00298,2024-11-01,BU10,IT,M2,4.775,0.513,3.61,0.6,0.496,0,0.73551
E00299,2024-11-01,BU03,Finance,IC1,8.433,0.59,3.13,0.799,0.695,0,0.766414
E00300,2024-11-01,BU04,IT,IC1,10.568,0.57,2.89,0.706,0.518,0,0.810533
E00301,2024-11-01,BU09,Admin,IC3,10.029,0.589,4.1,0.734,0.551,0,0.586031
E00302,2024-11-01,BU07,Finance,IC2,0.186,0.64,3.62,0.616,0.315,0,0.648009
E00303,2024-11-01,BU01,Education,IC1,8.797,0.566,3.97,1.6,0.559,0,0.398849
E00304,2024-11-01,BU04,Operations,IC3,5.076,0.545,3.07,0.6,0.548,0,0.750173
E00305,2024-11-01,BU04,Admin,IC2,4.83,0.544,3.44,0.6,0.149,0,0.675998
E00306,2024-11-01,BU09,Education,M2,4.871,0.522,3.74,0.6,0.555,0,0.656533
E00307,2024-11-01,BU06,IT,IC1,5.588,0.717,3.16,0.899,0.631,0,0.677191
E00308,2024-11-01,BU09,Finance,IC2,5.18,0.507,3.8,1.21,0.599,0,0.592898
E00309,2024-11-01,BU06,Operations,IC2,8.465,0.458,3.39,0.855,0.697,0,0.733467
E00310,2024-11-01,BU06,Admin,M1,5.73,0.577,3.09,0.6,0.419,0,0.70567
E00311,2024-11-01,BU05,Education,IC2,3.417,0.607,3.06,0.632,0.494,0,0.790465
E00312,2024-11-01,BU05,Education,IC3,0.498,0.532,3.8,0.771,0.41,1,0.784249
E00313,2024-11-01,BU02,Operations,IC1,0.687,0.46,3.12,0.6,0.657,0,0.794102
E00314,2024-11-01,BU08,IT,M1,8.966,0.707,3.61,0.843,0.287,0,0.538906
E00315,2024-11-01,BU08,Operations,IC2,5.938,0.68,3.54,0.6,0.615,0,0.682676
E00316,2024-11-01,BU01,Education,IC1,9.966,0.643,3.12,1.519,0.316,0,0.49586
E00317,2024-11-01,BU08,Clinical,IC3,10.645,0.635,3.25,0.726,0.649,0,0.713656
E00318,2024-11-01,BU05,Admin,IC1,6.127,0.533,2.86,1.181,0.52,0,0.687878
E00319,2024-11-01,BU02,Operations,IC1,8.329,0.616,2.69,1.396,0.645,0,0.734996
E00320,2024-11-01,BU02,Education,M1,7.285,0.576,2.87,0.63,0.657,0,0.809972
E00321,2024-11-01,BU06,IT,IC2,7.989,0.499,3.34,0.949,0.433,0,0.72321
E00322,2024-11-01,BU09,Education,IC3,10.363,0.505,3.69,0.6,0.59,0,0.69823
E00323,2024-11-01,BU01,IT,IC2,10.198,0.537,2.75,0.863,0.342,0,0.769005
E00324,2024-11-01,BU06,Operations,M1,6.552,0.631,3.51,0.6,0.66,1,0.83373
E00325,2024-11-01,BU09,IT,IC1,5.194,0.64,3.23,0.775,0.515,0,0.714324
E00326,2024-11-01,BU08,Finance,IC2,8.545,0.583,3.34,1.524,0.462,0,0.495869
E00327,2024-11-01,BU06,Finance,M2,2.207,0.636,3.11,0.6,0.317,0,0.708955
E00328,2024-11-01,BU03,Finance,M1,6.152,0.585,2.56,0.6,0.47,0,0.861869
E00329,2024-11-01,BU08,Clinical,IC2,3.647,0.578,3.47,0.741,0.668,0,0.709332
E00330,2024-11-01,BU09,Operations,IC2,10.656,0.623,3.54,0.607,0.622,0,0.677475
E00331,2024-11-01,BU01,Education,M1,6.001,0.483,3.2,0.656,0.567,0,0.795802
E00332,2024-11-01,BU09,Education,IC2,8.69,0.469,3.62,0.917,0.53,0,0.687478
E00333,2024-11-01,BU06,Clinical,M1,10.031,0.533,3.54,0.6,0.621,0,0.732456
E00334,2024-11-01,BU06,IT,M1,7.622,0.477,3.27,0.6,0.564,0,0.804216
E00335,2024-11-01,BU04,Clinical,IC1,6.631,0.596,4.14,0.6,0.589,0,0.684524
E00336,2024-11-01,BU01,IT,IC1,4.454,0.574,2.96,1.231,0.666,0,0.712618
E00337,2024-11-01,BU10,IT,IC3,10.497,0.615,3.56,0.618,0.351,0,0.676024
E00338,2024-11-01,BU08,Admin,IC1,8.676,0.571,3.53,0.969,0.336,0,0.556042
E00339,2024-11-01,BU02,Education,IC2,8.873,0.642,3.54,0.955,0.46,1,0.719392
E00340,2024-11-01,BU01,Finance,M2,2.084,0.614,3.38,0.6,0.549,0,0.720298
E00341,2024-11-01,BU02,IT,IC3,1.421,0.43,3.53,0.846,0.463,1,0.79229
E00342,2024-11-01,BU01,Admin,M1,5.467,0.646,3.21,0.6,0.219,0,0.724238
E00343,2024-11-01,BU01,Education,IC3,1.41,0.594,3.43,1.061,0.675,0,0.680926
E00344,2024-11-01,BU09,Finance,IC3,8.783,0.663,3.55,0.6,0.447,0,0.6549
E00345,2024-11-01,BU01,IT,IC1,3.477,0.598,2.71,0.6,0.454,0,0.800267
E00346,2024-11-01,BU04,IT,IC2,3.143,0.629,3.37,0.702,0.602,0,0.699938
E00347,2024-11-01,BU10,Clinical,IC2,8.917,0.511,3.69,0.637,0.651,0,0.741161
E00348,2024-11-01,BU06,Clinical,IC2,5.081,0.421,2.2,0.689,0.592,0,0.892581
E00349,2024-11-01,BU07,Education,M1,4.69,0.52,3.35,0.6,0.408,0,0.714694
E00350,2024-11-01,BU02,Finance,IC2,9.774,0.569,3.25,1.102,0.597,0,0.609952
E00351,2024-11-01,BU06,IT,IC2,0.055,0.43,3.45,0.703,0.424,0,0.7561
E00352,2024-11-01,BU07,Education,IC2,0.95,0.517,3.23,0.6,0.508,0,0.813368
E00353,2024-11-01,BU10,Education,IC1,9.158,0.627,3.84,0.604,0.608,0,0.728273
E00354,2024-11-01,BU10,Operations,IC2,1.076,0.625,3.06,0.665,0.674,0,0.760723
E00355,2024-11-01,BU02,Clinical,IC1,10.155,0.552,3.6,0.6,0.624,0,0.72025
E00356,2024-11-01,BU02,Finance,IC1,3.146,0.602,3.01,0.696,0.419,0,0.767433
E00357,2024-11-01,BU10,IT,IC1,10.418,0.585,3.28,1.358,0.683,0,0.636113
E00358,2024-11-01,BU07,Education,IC2,2.198,0.57,3.06,0.6,0.594,0,0.847804
E00359,2024-11-01,BU01,IT,M1,0.0,0.532,3.52,0.669,0.613,0,0.757562
E00360,2024-11-01,BU08,Operations,IC2,5.829,0.746,2.92,0.6,0.601,0,0.766394
E00361,2024-11-01,BU03,Finance,IC2,4.033,0.676,2.82,1.397,0.57,0,0.616413
E00362,2024-11-01,BU06,Education,IC3,1.52,0.479,2.84,1.186,0.493,0,0.776914
E00363,2024-11-01,BU09,IT,IC1,4.778,0.536,3.26,1.165,0.387,0,0.620479
E00364,2024-11-01,BU06,Clinical,M1,1.224,0.494,3.14,1.05,0.604,0,0.735773
E00365,2024-11-01,BU09,Operations,IC2,8.772,0.678,3.96,0.88,0.672,0,0.641085
E00366,2024-11-01,BU07,Finance,IC2,9.629,0.536,3.57,0.945,0.581,0,0.691127
E00367,2024-11-01,BU09,Operations,IC3,2.563,0.631,3.41,1.037,0.834,0,0.669907
E00368,2024-11-01,BU02,Clinical,IC1,3.19,0.469,3.46,0.988,0.515,0,0.664244
E00369,2024-11-01,BU08,Finance,IC3,1.35,0.591,3.31,0.6,0.721,0,0.785666
E00370,2024-11-01,BU08,Operations,IC2,4.049,0.586,3.45,0.994,0.636,0,0.708717
E00371,2024-11-01,BU02,Admin,M1,1.859,0.49,3.28,0.6,0.563,0,0.806921
E00372,2024-11-01,BU04,Clinical,IC1,7.294,0.575,3.47,0.826,0.769,0,0.732968
E00373,2024-11-01,BU07,Clinical,IC2,7.206,0.593,3.26,0.836,0.747,0,0.795685
E00374,2024-11-01,BU04,Clinical,IC3,10.7,0.662,3.72,0.775,0.584,0,0.638631
E00375,2024-11-01,BU04,Admin,IC1,3.042,0.706,3.36,0.968,0.511,0,0.616445
E00376,2024-11-01,BU06,Admin,IC2,7.964,0.57,3.18,0.907,0.464,0,0.713886
E00377,2024-11-01,BU10,IT,IC3,4.23,0.563,3.93,0.6,0.537,0,0.693535
E00378,2024-11-01,BU06,Education,M1,9.654,0.649,2.99,0.6,0.348,1,0.820514
E00379,2024-11-01,BU10,Operations,IC2,9.336,0.682,3.6,0.969,0.701,0,0.599934
E00380,2024-11-01,BU03,IT,M1,4.638,0.53,3.23,0.918,0.493,0,0.702972
E00381,2024-11-01,BU09,Operations,M2,5.273,0.632,3.82,0.925,0.667,0,0.678238
E00382,2024-11-01,BU10,Education,M1,7.984,0.584,3.17,0.607,0.456,0,0.703165
E00383,2024-11-01,BU02,Admin,IC1,1.897,0.402,3.36,1.221,0.553,0,0.738788
E00384,2024-11-01,BU06,Education,IC3,1.692,0.51,3.9,1.223,0.491,0,0.521896
E00385,2024-11-01,BU07,Admin,IC2,5.029,0.466,3.52,0.6,0.372,0,0.759606
E00386,2024-11-01,BU09,Education,M2,1.394,0.575,3.65,0.6,0.44,0,0.679215
E00387,2024-11-01,BU03,IT,IC2,1.637,0.476,3.46,0.946,0.437,0,0.669019
E00388,2024-11-01,BU10,Finance,IC1,5.665,0.656,2.85,1.518,0.429,0,0.588406
E00389,2024-11-01,BU03,IT,IC3,10.1,0.676,3.37,0.6,0.545,0,0.685679
E00390,2024-11-01,BU07,Operations,IC2,7.269,0.675,3.05,0.6,0.745,0,0.776822
E00391,2024-11-01,BU04,IT,M2,1.473,0.599,2.41,0.6,0.29,0,0.849174
E00392,2024-11-01,BU08,Clinical,M2,4.917,0.653,3.41,0.6,0.693,0,0.732844
E00393,2024-11-01,BU07,Operations,IC3,5.027,0.573,3.46,0.91,0.839,0,0.795655
E00394,2024-11-01,BU05,Education,IC1,0.326,0.576,3.18,1.127,0.59,0,0.627461
E00395,2024-11-01,BU07,Operations,IC3,6.141,0.485,3.5,0.6,0.509,0,0.760294
E00396,2024-11-01,BU03,Finance,IC1,10.82,0.617,2.22,1.115,0.504,0,0.819027
E00397,2024-11-01,BU02,Admin,IC1,3.291,0.431,3.7,1.039,0.447,0,0.623711
E00398,2024-11-01,BU06,Education,M1,6.366,0.537,3.05,0.973,0.539,0,0.710235
E00399,2024-11-01,BU02,Operations,IC1,6.062,0.465,2.91,0.965,0.383,0,0.690046
E00400,2024-11-01,BU03,Education,IC2,3.91,0.511,3.5,0.694,0.585,0,0.768618
E00401,2024-11-01,BU06,Education,M2,7.146,0.733,3.38,0.6,0.586,0,0.699613
E00402,2024-11-01,BU05,Education,IC2,5.821,0.683,3.2,0.681,0.591,0,0.697858
E00403,2024-11-01,BU08,Admin,IC2,7.584,0.558,3.52,0.6,0.52,0,0.744704
E00404,2024-11-01,BU09,IT,M1,8.123,0.609,3.76,0.6,0.46,0,0.649917
E00405,2024-11-01,BU03,Education,IC1,4.575,0.668,3.29,0.839,0.604,0,0.706298
E00406,2024-11-01,BU10,Clinical,M1,3.02,0.579,3.57,0.6,0.942,0,0.725203
E00407,2024-11-01,BU03,Finance,M2,7.658,0.655,3.56,0.638,0.56,0,0.719759
E00408,2024-11-01,BU03,Admin,M1,9.101,0.639,2.42,0.6,0.504,0,0.853498
E00409,2024-11-01,BU06,Operations,IC3,1.719,0.552,3.16,0.72,0.693,0,0.740083
E00410,2024-11-01,BU01,Admin,IC2,8.526,0.525,2.96,0.674,0.346,0,0.74134
E00411,2024-11-01,BU07,Operations,IC2,10.366,0.566,2.64,0.729,0.646,0,0.854667
E00412,2024-11-01,BU01,Admin,M1,3.723,0.557,3.51,0.6,0.477,0,0.655149
E00413,2024-11-01,BU05,Operations,M1,8.194,0.721,2.83,0.6,0.667,0,0.76872
E00414,2024-11-01,BU10,Education,IC2,1.199,0.656,3.52,0.791,0.65,0,0.71152
E00415,2024-11-01,BU08,IT,IC1,4.764,0.521,3.24,1.6,0.477,0,0.513682
E00416,2024-11-01,BU04,Operations,IC1,0.854,0.482,3.46,0.6,0.648,0,0.812309
E00417,2024-11-01,BU05,Operations,IC1,6.658,0.501,3.33,0.846,0.755,1,0.798668
E00418,2024-11-01,BU04,Clinical,IC3,1.016,0.561,3.23,0.888,0.652,0,0.726435
E00419,2024-11-01,BU04,Operations,IC2,6.149,0.706,3.14,0.839,0.824,0,0.758945
E00420,2024-11-01,BU08,Clinical,M1,4.501,0.61,3.81,0.705,0.609,0,0.627306
E00421,2024-11-01,BU02,Finance,IC3,2.39,0.576,2.9,0.6,0.596,0,0.777645
E00422,2024-11-01,BU01,Education,IC1,6.554,0.543,3.01,1.194,0.547,0,0.665125
E00423,2024-11-01,BU03,Clinical,IC3,10.021,0.682,4.0,0.6,0.751,0,0.658233
E00424,2024-11-01,BU09,IT,IC2,1.695,0.532,3.89,0.862,0.455,0,0.685006
E00425,2024-11-01,BU04,Education,IC3,0.986,0.543,3.27,0.616,0.437,0,0.717597
E00426,2024-11-01,BU10,Clinical,IC3,10.229,0.698,4.19,1.358,0.79,0,0.430053
E00427,2024-11-01,BU05,Education,M1,8.969,0.605,3.59,0.6,0.354,0,0.652658
E00428,2024-11-01,BU02,Education,M1,5.377,0.588,3.63,0.6,0.688,0,0.736257
E00429,2024-11-01,BU04,Education,IC2,2.437,0.538,2.82,0.6,0.671,0,0.795971
E00430,2024-11-01,BU02,Finance,IC1,3.113,0.592,2.7,0.987,0.471,0,0.771603
E00431,2024-11-01,BU02,IT,IC3,6.76,0.654,2.71,0.854,0.484,0,0.751904
E00432,2024-11-01,BU04,Admin,IC1,10.437,0.688,3.22,0.866,0.482,0,0.733334
E00433,2024-11-01,BU06,Admin,IC2,4.383,0.894,2.9,0.665,0.231,0,0.597867
E00434,2024-11-01,BU07,Clinical,IC1,6.502,0.594,3.15,0.773,0.599,0,0.772602
E00435,2024-11-01,BU10,Education,IC3,5.347,0.418,3.38,0.732,0.506,0,0.751769
E00436,2024-11-01,BU03,Clinical,IC1,4.361,0.567,3.49,1.262,0.783,0,0.653838
E00437,2024-11-01,BU03,Finance,IC3,8.309,0.609,3.44,1.002,0.488,0,0.667587
E00438,2024-11-01,BU10,Finance,M2,1.588,0.409,3.35,0.6,0.52,0,0.769894
E00439,2024-11-01,BU06,Operations,IC1,7.951,0.604,3.79,1.114,0.756,0,0.576693
E00440,2024-11-01,BU03,Finance,IC1,6.198,0.559,3.7,0.974,0.491,0,0.621761
E00441,2024-11-01,BU02,Operations,IC2,5.331,0.617,2.84,0.706,0.691,1,0.918986
E00442,2024-11-01,BU08,IT,M1,2.119,0.44,2.92,0.6,0.464,0,0.859367
E00443,2024-11-01,BU05,Clinical,IC1,6.27,0.516,3.23,1.107,0.769,1,0.777162
E00444,2024-11-01,BU01,IT,IC2,10.617,0.684,3.67,0.94,0.445,0,0.539456
E00445,2024-11-01,BU03,Finance,IC1,7.644,0.655,3.45,0.6,0.272,0,0.711105
E00446,2024-11-01,BU10,IT,M1,6.234,0.593,3.32,0.6,0.432,0,0.657698
E00447,2024-11-01,BU08,IT,IC2,1.478,0.653,3.49,1.252,0.712,0,0.599426
E00448,2024-11-01,BU04,IT,M1,1.58,0.551,3.85,0.6,0.549,0,0.663135
E00449,2024-11-01,BU07,Finance,M1,6.209,0.464,3.28,0.6,0.514,0,0.823322
E00450,2024-11-01,BU10,Education,IC1,4.348,0.735,3.77,1.365,0.423,0,0.420024
E00451,2024-11-01,BU02,IT,M1,7.732,0.569,3.17,0.606,0.337,0,0.741948
E00452,2024-11-01,BU07,Operations,IC1,10.568,0.433,3.18,1.105,0.685,0,0.741522
E00453,2024-11-01,BU05,Finance,M1,5.914,0.629,3.03,0.701,0.555,0,0.753906
E00454,2024-11-01,BU05,IT,IC3,3.943,0.624,2.98,0.6,0.627,0,0.781583
E00455,2024-11-01,BU06,Education,M1,1.585,0.543,3.69,0.6,0.58,0,0.738145
E00456,2024-11-01,BU09,Finance,IC1,1.361,0.526,3.27,1.094,0.441,0,0.688466
E00457,2024-11-01,BU06,Admin,IC1,5.383,0.624,3.12,1.488,0.402,0,0.506481
E00458,2024-11-01,BU08,Education,IC2,6.771,0.537,3.21,0.715,0.521,0,0.753453
E00459,2024-11-01,BU07,Operations,IC2,7.195,0.607,3.58,0.6,0.509,0,0.729473
E00460,2024-11-01,BU09,IT,IC1,9.363,0.474,3.83,0.707,0.505,0,0.694091
E00461,2024-11-01,BU04,Admin,IC2,7.661,0.54,3.01,0.945,0.538,0,0.73715
E00462,2024-11-01,BU02,Admin,IC1,1.106,0.496,3.33,0.895,0.691,0,0.791199
E00463,2024-11-01,BU07,Finance,IC2,1.749,0.544,3.96,0.726,0.604,0,0.620085
E00464,2024-11-01,BU06,Admin,M1,7.932,0.681,3.45,0.634,0.331,0,0.670946
E00465,2024-11-01,BU01,Operations,IC2,1.246,0.633,3.67,0.6,0.713,0,0.700239
E00466,2024-11-01,BU09,Operations,IC1,10.048,0.629,3.43,1.6,0.653,0,0.539951
E00467,2024-11-01,BU09,Clinical,IC2,3.619,0.744,2.65,0.6,0.695,0,0.82558
E00468,2024-11-01,BU02,Operations,IC1,5.87,0.444,3.12,0.983,0.583,0,0.758762
E00469,2024-11-01,BU03,Education,M2,7.499,0.627,3.03,0.6,0.55,0,0.766729
E00470,2024-11-01,BU05,Admin,IC1,3.368,0.69,3.38,0.794,0.289,0,0.621941
E00471,2024-11-01,BU05,Operations,IC3,4.057,0.545,3.53,0.995,0.514,0,0.638249
E00472,2024-11-01,BU01,Finance,M2,9.377,0.499,3.97,0.6,0.563,0,0.707286
E00473,2024-11-01,BU08,Clinical,M1,10.516,0.629,3.5,0.772,0.77,0,0.756627
E00474,2024-11-01,BU08,Admin,IC3,0.638,0.572,3.07,0.6,0.616,0,0.780149
E00475,2024-11-01,BU04,Clinical,M1,7.559,0.598,3.88,0.6,0.659,0,0.699175
E00476,2024-11-01,BU07,Admin,M2,3.83,0.469,3.7,0.6,0.437,0,0.715657
E00477,2024-11-01,BU10,Finance,IC3,9.566,0.705,3.97,0.753,0.469,0,0.485459
E00478,2024-11-01,BU03,Clinical,IC3,8.767,0.712,3.25,0.6,0.634,0,0.770146
E00479,2024-11-01,BU06,IT,IC3,9.916,0.586,3.14,0.6,0.515,0,0.749608
E00480,2024-11-01,BU10,Education,IC2,10.779,0.639,4.06,0.6,0.835,0,0.707568
E00481,2024-11-01,BU10,Education,IC3,8.063,0.452,3.38,0.729,0.563,0,0.768449
E00482,2024-11-01,BU09,Admin,IC2,0.397,0.59,3.65,1.39,0.57,0,0.506735
E00483,2024-11-01,BU01,IT,IC1,6.486,0.625,3.49,0.6,0.494,0,0.713636
E00484,2024-11-01,BU05,Clinical,IC1,7.956,0.572,3.39,0.733,0.672,0,0.736232
E00485,2024-11-01,BU04,IT,IC1,10.587,0.747,3.41,0.853,0.402,0,0.603038
E00486,2024-11-01,BU08,IT,IC2,9.936,0.608,3.3,0.746,0.516,0,0.692428
E00487,2024-11-01,BU01,Clinical,IC1,3.644,0.746,2.94,1.294,0.794,0,0.678372
E00488,2024-11-01,BU09,Finance,IC3,1.815,0.49,3.38,0.701,0.426,0,0.725034
E00489,2024-11-01,BU06,IT,IC2,0.394,0.492,3.11,0.705,0.631,0,0.815877
E00490,2024-11-01,BU04,IT,M1,9.684,0.732,3.25,0.804,0.292,0,0.625316
E00491,2024-11-01,BU09,Finance,IC1,8.235,0.527,3.72,1.239,0.405,0,0.566608
E00492,2024-11-01,BU05,IT,IC1,9.081,0.533,3.09,1.102,0.595,0,0.75521
E00493,2024-11-01,BU05,IT,IC3,8.498,0.66,3.46,0.679,0.57,0,0.679686
E00494,2024-11-01,BU05,IT,IC3,4.29,0.675,3.01,0.927,0.623,0,0.676073
E00495,2024-11-01,BU01,Education,IC1,10.075,0.741,3.39,0.745,0.528,0,0.675404
E00496,2024-11-01,BU01,Operations,M1,0.89,0.561,3.63,0.6,0.599,0,0.676775
E00497,2024-11-01,BU08,Finance,M1,3.718,0.609,3.78,0.663,0.39,0,0.640493
E00498,2024-11-01,BU08,IT,IC2,1.205,0.394,2.83,0.6,0.527,0,0.822562
E00499,2024-11-01,BU06,Education,IC2,1.736,0.504,3.11,0.784,0.632,0,0.793787
E00500,2024-11-01,BU04,Finance,M2,1.585,0.635,3.35,0.6,0.57,0,0.699622
E00001,2024-12-01,BU03,Operations,IC2,4.832,0.609,2.74,0.968,0.585,0,0.721627
E00002,2024-12-01,BU05,Education,IC2,7.743,0.514,3.02,1.6,0.721,0,0.625797
E00003,2024-12-01,BU01,Operations,IC2,0.227,0.597,3.64,0.6,0.609,0,0.724778
E00004,2024-12-01,BU01,Clinical,IC1,3.376,0.481,3.56,1.156,0.76,0,0.695704
E00005,2024-12-01,BU10,Finance,IC2,6.648,0.673,4.09,0.6,0.61,0,0.649084
E00006,2024-12-01,BU09,IT,M2,4.14,0.596,3.42,0.6,0.635,0,0.731713
E00007,2024-12-01,BU07,Operations,IC1,1.55,0.593,3.19,0.999,0.699,0,0.754324
E00008,2024-12-01,BU01,Finance,IC1,8.769,0.726,3.08,1.596,0.615,0,0.542635
E00009,2024-12-01,BU08,Clinical,IC2,4.068,0.566,2.67,0.6,0.532,0,0.779722
E00010,2024-12-01,BU03,Admin,M1,0.274,0.419,3.17,0.699,0.407,0,0.743339
E00011,2024-12-01,BU08,Education,IC3,0.663,0.55,3.66,0.646,0.291,0,0.656501
E00012,2024-12-01,BU05,Finance,IC3,3.206,0.659,2.86,0.6,0.311,0,0.76123
E00013,2024-12-01,BU01,Finance,IC1,6.576,0.805,2.91,0.954,0.538,0,0.673042
E00014,2024-12-01,BU07,Admin,IC3,7.176,0.605,3.22,1.107,0.514,0,0.659034
E00015,2024-12-01,BU05,Finance,IC2,3.639,0.461,3.21,0.6,0.47,0,0.807735
E00016,2024-12-01,BU06,Clinical,M1,3.121,0.523,3.46,0.6,0.723,0,0.7812
E00017,2024-12-01,BU06,Clinical,IC3,8.55,0.594,3.16,0.6,0.72,0,0.819715
E00018,2024-12-01,BU08,Admin,IC1,5.196,0.631,2.59,0.736,0.514,0,0.854807
E00019,2024-12-01,BU09,Education,IC1,6.272,0.552,3.33,1.568,0.605,0,0.581742
E00020,2024-12-01,BU02,IT,IC1,9.728,0.616,2.89,0.826,0.677,0,0.799439
E00021,2024-12-01,BU09,Operations,IC2,3.893,0.475,3.3,1.219,0.662,1,0.770776
E00022,2024-12-01,BU10,IT,IC2,5.752,0.543,3.51,1.104,0.525,0,0.638613
E00023,2024-12-01,BU09,Finance,IC3,9.64,0.462,3.33,0.6,0.58,0,0.770334
E00024,2024-12-01,BU10,Operations,IC2,6.825,0.623,3.63,0.738,0.428,0,0.623272
E00025,2024-12-01,BU10,Admin,IC2,10.91,0.725,3.69,0.609,0.533,0,0.635035
E00026,2024-12-01,BU07,Admin,IC1,1.421,0.565,3.56,0.704,0.596,0,0.723241
E00027,2024-12-01,BU01,Education,IC1,5.317,0.657,3.09,0.99,0.684,0,0.708915
E00028,2024-12-01,BU07,Operations,M1,2.363,0.686,3.44,0.6,0.573,0,0.701349
E00029,2024-12-01,BU10,Clinical,IC1,10.513,0.616,3.82,0.718,0.713,0,0.70288
E00030,2024-12-01,BU05,Operations,IC3,0.0,0.521,3.27,0.6,0.723,0,0.797171
E00031,2024-12-01,BU06,Finance,M1,0.89,0.493,3.62,0.6,0.526,0,0.761158
E00032,2024-12-01,BU10,Clinical,IC3,1.399,0.55,2.98,0.6,0.794,0,0.854089
E00033,2024-12-01,BU07,Admin,M1,8.408,0.507,3.49,0.6,0.437,0,0.764667
E00034,2024-12-01,BU05,Operations,IC2,4.214,0.459,3.11,0.833,0.723,0,0.847291
E00035,2024-12-01,BU07,IT,M2,7.68,0.547,3.12,0.6,0.389,0,0.755095
E00036,2024-12-01,BU09,Education,IC1,2.245,0.442,3.06,0.6,0.612,0,0.807135
E00037,2024-12-01,BU03,IT,IC1,8.862,0.654,3.33,1.6,0.489,0,0.515966
E00038,2024-12-01,BU08,Education,IC3,6.905,0.462,3.38,0.6,0.689,0,0.806465
E00039,2024-12-01,BU02,Finance,M2,8.657,0.487,3.72,0.6,0.461,0,0.700927
E00040,2024-12-01,BU07,IT,M1,4.2,0.477,3.67,0.6,0.654,0,0.741853
E00041,2024-12-01,BU02,Operations,IC1,6.431,0.549,3.17,1.6,0.642,0,0.637462
E00042,2024-12-01,BU04,Operations,IC2,2.048,0.708,3.26,0.6,0.643,0,0.719567
E00043,2024-12-01,BU07,IT,M2,4.684,0.587,3.23,0.652,0.717,0,0.835785
E00044,2024-12-01,BU03,Operations,IC2,9.908,0.613,2.55,0.788,0.72,0,0.791907
E00045,2024-12-01,BU02,Finance,M1,7.603,0.524,2.79,0.6,0.43,0,0.782706
E00046,2024-12-01,BU10,Clinical,M1,1.969,0.45,4.01,0.739,0.805,0,0.733919
E00047,2024-12-01,BU07,Finance,IC2,9.227,0.617,2.88,0.6,0.554,0,0.904519
E00048,2024-12-01,BU01,Education,IC2,1.689,0.482,2.85,0.6,0.674,0,0.827915
E00049,2024-12-01,BU08,Finance,IC2,1.955,0.539,3.38,0.609,0.623,0,0.758525
E00050,2024-12-01,BU03,Education,IC1,1.232,0.55,3.52,0.6,0.543,0,0.75582
E00051,2024-12-01,BU02,Operations,M1,6.401,0.572,2.89,0.6,0.677,0,0.816184
E00052,2024-12-01,BU03,Clinical,IC2,8.986,0.551,3.22,1.06,0.733,0,0.730324
E00053,2024-12-01,BU05,Operations,M1,7.65,0.514,3.28,0.6,0.839,0,0.836532
E00054,2024-12-01,BU08,Admin,IC1,4.717,0.576,3.12,1.471,0.391,0,0.559398
E00055,2024-12-01,BU10,Operations,M2,3.118,0.627,4.08,0.6,0.574,0,0.654647
E00056,2024-12-01,BU07,Education,IC2,8.572,0.566,3.05,1.067,0.701,0,0.732063
E00057,2024-12-01,BU07,Operations,IC1,10.587,0.482,3.95,0.881,0.496,0,0.659823
E00058,2024-12-01,BU07,Operations,IC1,7.693,0.693,3.54,0.755,0.486,0,0.647743
E00059,2024-12-01,BU08,Clinical,IC3,8.964,0.488,3.22,0.988,0.737,0,0.729014
E00060,2024-12-01,BU01,Operations,IC3,3.25,0.639,3.13,0.6,0.647,0,0.772181
E00061,2024-12-01,BU04,Clinical,M1,7.603,0.687,3.32,0.6,0.64,0,0.703424
E00062,2024-12-01,BU06,IT,IC1,9.04,0.618,3.63,1.241,0.537,0,0.581999
E00063,2024-12-01,BU09,Admin,IC1,5.588,0.527,3.64,1.259,0.437,0,0.538713
E00064,2024-12-01,BU02,Clinical,IC2,5.632,0.469,3.17,0.6,0.795,0,0.853085
E00065,2024-12-01,BU01,Education,IC2,1.528,0.468,3.34,1.128,0.613,0,0.705355
E00066,2024-12-01,BU10,IT,IC2,7.417,0.604,3.31,0.6,0.596,0,0.796757
E00067,2024-12-01,BU02,Clinical,M2,5.216,0.63,3.86,0.607,0.836,0,0.719699
E00068,2024-12-01,BU07,Clinical,M2,9.366,0.51,4.17,0.6,0.574,0,0.65432
E00069,2024-12-01,BU03,Admin,M2,1.569,0.616,3.71,0.6,0.326,0,0.614697
E00070,2024-12-01,BU10,Education,M1,9.15,0.52,3.36,0.6,0.267,0,0.720866
E00071,2024-12-01,BU02,Finance,IC2,1.12,0.413,3.66,1.048,0.487,0,0.684825
E00072,2024-12-01,BU07,Finance,IC2,7.403,0.606,3.59,1.058,0.405,0,0.564919
E00073,2024-12-01,BU02,Clinical,IC2,3.118,0.439,3.2,0.768,0.577,0,0.808653
E00074,2024-12-01,BU03,Operations,M1,4.572,0.521,3.43,0.6,0.761,0,0.792533
E00075,2024-12-01,BU07,Education,IC1,2.741,0.545,3.98,1.26,0.646,0,0.515804
E00076,2024-12-01,BU04,IT,IC2,3.414,0.623,3.46,0.852,0.524,0,0.647694
E00077,2024-12-01,BU01,Operations,IC1,6.067,0.572,3.02,0.6,0.607,0,0.772205
E00078,2024-12-01,BU05,Operations,IC2,9.035,0.617,3.46,0.6,0.696,1,0.776031
E00079,2024-12-01,BU09,Education,M1,6.812,0.659,3.15,0.6,0.426,0,0.669828
E00080,2024-12-01,BU08,Clinical,M1,2.976,0.576,3.22,0.877,0.722,0,0.811165
E00081,2024-12-01,BU09,Clinical,IC1,1.199,0.639,3.41,1.447,0.761,0,0.614396
E00082,2024-12-01,BU10,Clinical,M2,2.13,0.61,2.61,0.689,0.733,0,0.896333
E00083,2024-12-01,BU09,Clinical,IC3,2.13,0.516,3.41,0.613,0.798,0,0.833295
E00084,2024-12-01,BU07,Finance,IC1,10.001,0.609,3.14,1.211,0.597,0,0.631396
E00085,2024-12-01,BU04,Clinical,IC2,2.864,0.572,3.37,0.6,0.688,0,0.717562
E00086,2024-12-01,BU05,Finance,IC2,4.485,0.514,3.89,0.788,0.496,0,0.698063
E00087,2024-12-01,BU01,Finance,IC1,2.349,0.588,3.5,1.131,0.37,0,0.610809
E00088,2024-12-01,BU01,Clinical,M2,3.326,0.585,3.22,0.6,0.79,0,0.759072
E00089,2024-12-01,BU03,Admin,IC2,10.155,0.719,3.48,0.815,0.286,0,0.555268
E00090,2024-12-01,BU08,IT,M1,3.184,0.581,2.74,0.983,0.488,0,0.747574
E00091,2024-12-01,BU02,Operations,IC2,3.83,0.668,3.43,0.903,0.894,0,0.748797
E00092,2024-12-01,BU04,Finance,IC1,0.071,0.591,2.7,1.252,0.429,0,0.691855
E00093,2024-12-01,BU02,Education,IC2,8.096,0.532,3.65,0.6,0.466,0,0.692563
E00094,2024-12-01,BU05,Education,IC1,10.771,0.496,3.44,1.592,0.6,0,0.610754
E00095,2024-12-01,BU09,IT,IC2,3.587,0.459,3.48,0.659,0.466,0,0.751364
E00096,2024-12-01,BU01,Education,M1,8.578,0.545,3.26,0.6,0.559,0,0.831974
E00097,2024-12-01,BU05,Admin,IC2,8.444,0.593,3.41,0.643,0.593,0,0.730423
E00098,2024-12-01,BU09,Education,IC3,10.752,0.626,3.83,0.6,0.602,0,0.64765
E00099,2024-12-01,BU01,Operations,IC1,0.309,0.544,3.4,1.422,0.685,0,0.669833
E00100,2024-12-01,BU09,Operations,IC1,6.905,0.602,3.52,0.791,0.669,0,0.712093
E00101,2024-12-01,BU08,Finance,IC1,1.432,0.532,2.88,0.715,0.478,0,0.781764
E00102,2024-12-01,BU04,Clinical,IC3,4.643,0.561,3.37,0.6,0.804,0,0.796916
E00103,2024-12-01,BU10,Admin,IC1,1.916,0.582,3.0,1.403,0.815,0,0.724244
E00104,2024-12-01,BU05,Finance,IC2,2.363,0.483,3.83,0.756,0.532,0,0.714124
E00105,2024-12-01,BU05,Admin,IC3,4.235,0.578,3.18,0.6,0.386,0,0.764282
E00106,2024-12-01,BU06,Clinical,IC2,2.637,0.624,3.18,0.945,0.606,0,0.748423
E00107,2024-12-01,BU07,Education,IC1,3.63,0.641,3.9,0.708,0.439,0,0.607065
E00108,2024-12-01,BU08,Education,IC2,9.495,0.594,3.34,0.6,0.533,0,0.768082
E00109,2024-12-01,BU08,Clinical,M1,9.969,0.532,3.88,0.878,0.778,0,0.693048
E00110,2024-12-01,BU02,Finance,IC3,4.69,0.576,2.99,0.789,0.44,0,0.7269
E00111,2024-12-01,BU09,Clinical,IC2,3.948,0.575,3.11,0.698,0.712,0,0.804115
E00112,2024-12-01,BU07,IT,IC1,3.439,0.495,3.01,0.845,0.545,0,0.812609
E00113,2024-12-01,BU04,Operations,M2,6.382,0.513,3.66,0.786,0.559,0,0.748085
E00114,2024-12-01,BU04,Finance,IC3,8.063,0.595,3.75,1.6,0.45,0,0.419261
E00115,2024-12-01,BU08,Admin,IC2,3.157,0.546,3.29,0.926,0.568,0,0.738689
E00116,2024-12-01,BU04,IT,M1,5.131,0.579,3.47,0.6,0.403,0,0.632059
E00117,2024-12-01,BU06,Finance,IC2,0.745,0.567,3.49,0.716,0.647,0,0.7534
E00118,2024-12-01,BU05,Clinical,IC2,8.389,0.636,3.61,0.848,0.72,0,0.612083
E00119,2024-12-01,BU03,Clinical,IC3,10.721,0.642,3.37,0.6,0.668,0,0.773714
E00120,2024-12-01,BU10,Clinical,IC1,8.83,0.55,3.92,1.039,0.842,0,0.702847
E00121,2024-12-01,BU02,Clinical,M2,5.93,0.646,3.61,0.6,0.651,0,0.732437
E00122,2024-12-01,BU09,Admin,IC3,8.118,0.559,3.73,1.018,0.578,0,0.606106
E00123,2024-12-01,BU10,IT,IC3,10.62,0.655,3.23,0.978,0.412,0,0.65393
E00124,2024-12-01,BU09,Education,IC1,5.993,0.648,3.14,0.985,0.39,0,0.656444
E00125,2024-12-01,BU01,Operations,IC1,1.328,0.473,3.48,1.544,0.667,0,0.579533
E00126,2024-12-01,BU10,Admin,IC2,4.181,0.675,3.61,1.539,0.437,0,0.389579
E00127,2024-12-01,BU03,Admin,M1,4.392,0.512,2.54,0.6,0.491,0,0.834527
E00128,2024-12-01,BU08,Education,IC2,0.846,0.69,3.35,0.835,0.793,0,0.71015
E00129,2024-12-01,BU06,Education,IC2,2.743,0.561,3.43,0.6,0.597,0,0.785928
E00130,2024-12-01,BU05,Operations,IC3,0.95,0.717,3.39,0.6,0.722,0,0.708291
E00131,2024-12-01,BU05,Operations,IC1,1.224,0.533,3.73,0.644,0.815,0,0.762559
E00132,2024-12-01,BU06,Education,IC3,7.975,0.511,3.21,0.6,0.636,0,0.808975
E00133,2024-12-01,BU07,Clinical,IC1,4.898,0.519,3.3,0.619,0.855,0,0.792584
E00134,2024-12-01,BU01,Admin,M2,10.237,0.705,3.61,0.6,0.451,0,0.616563
E00135,2024-12-01,BU09,Finance,IC2,7.321,0.635,3.8,0.636,0.571,0,0.666613
E00136,2024-12-01,BU03,Operations,IC1,7.896,0.543,3.76,1.339,0.506,0,0.52072
E00137,2024-12-01,BU04,Operations,IC2,6.442,0.642,3.28,0.6,0.659,0,0.760057
E00138,2024-12-01,BU10,Education,IC2,4.548,0.667,3.95,0.6,0.511,0,0.609967
E00139,2024-12-01,BU01,IT,M1,4.433,0.599,3.71,0.6,0.441,0,0.656068
E00140,2024-12-01,BU10,Finance,IC3,0.131,0.356,3.07,0.661,0.516,0,0.865312
E00141,2024-12-01,BU03,Finance,IC3,6.973,0.503,3.39,0.6,0.443,0,0.79782
E00142,2024-12-01,BU02,Operations,IC1,4.556,0.498,3.36,1.004,0.739,0,0.758921
E00143,2024-12-01,BU02,Clinical,IC1,0.433,0.585,2.62,0.653,0.53,0,0.795991
E00144,2024-12-01,BU01,IT,IC1,8.553,0.562,3.8,1.052,0.477,0,0.57447
E00145,2024-12-01,BU08,Finance,IC3,5.065,0.564,3.5,1.556,0.397,0,0.446897
E00146,2024-12-01,BU03,Operations,M1,8.956,0.574,3.27,0.6,0.67,0,0.750368
E00147,2024-12-01,BU03,Finance,IC2,1.522,0.407,3.07,0.671,0.592,0,0.842631
E00148,2024-12-01,BU06,IT,IC1,2.669,0.503,3.74,0.727,0.305,0,0.683138
E00149,2024-12-01,BU08,IT,IC3,6.716,0.614,3.58,0.6,0.406,0,0.655831
E00150,2024-12-01,BU09,Admin,M1,5.736,0.596,3.06,0.778,0.559,0,0.783083
E00151,2024-12-01,BU09,Education,IC3,7.595,0.561,3.28,0.722,0.594,0,0.747969
E00152,2024-12-01,BU04,Education,M1,0.222,0.57,3.37,0.671,0.457,0,0.715589
E00153,2024-12-01,BU05,Operations,IC2,1.802,0.569,2.74,0.73,0.693,0,0.822479
E00154,2024-12-01,BU02,IT,IC1,4.219,0.732,3.44,0.611,0.47,0,0.693115
E00155,2024-12-01,BU09,Admin,M1,2.908,0.585,3.35,0.6,0.501,0,0.75332
E00156,2024-12-01,BU08,Admin,IC3,4.876,0.526,3.61,0.812,0.486,0,0.665514
E00157,2024-12-01,BU03,Finance,IC2,10.579,0.619,3.42,0.805,0.474,0,0.715083
E00158,2024-12-01,BU09,Finance,IC3,10.491,0.655,3.51,1.025,0.533,0,0.613559
E00159,2024-12-01,BU03,Admin,M1,2.439,0.68,3.11,0.622,0.537,0,0.767846
E00160,2024-12-01,BU09,Finance,IC3,0.742,0.533,3.13,0.6,0.396,0,0.783851
E00161,2024-12-01,BU02,IT,IC3,2.401,0.603,3.44,0.6,0.613,0,0.777821
E00162,2024-12-01,BU10,Clinical,IC2,7.225,0.608,2.72,0.908,0.679,0,0.808608
E00163,2024-12-01,BU09,IT,IC2,2.04,0.486,3.6,0.971,0.675,0,0.715621
E00164,2024-12-01,BU08,Admin,IC2,7.926,0.68,3.56,0.987,0.541,0,0.606244
E00165,2024-12-01,BU09,Admin,M1,4.099,0.608,3.77,0.6,0.48,0,0.662341
E00166,2024-12-01,BU05,IT,M1,5.314,0.685,4.1,0.6,0.487,0,0.546095
E00167,2024-12-01,BU02,Finance,M1,3.444,0.604,3.74,0.6,0.52,0,0.663212
E00168,2024-12-01,BU08,Finance,IC1,0.0,0.365,3.43,1.507,0.598,0,0.645777
E00169,2024-12-01,BU06,Education,IC3,2.3,0.683,3.53,0.6,0.604,0,0.692214
E00170,2024-12-01,BU08,Admin,M1,5.982,0.556,3.84,0.6,0.559,0,0.647983
E00171,2024-12-01,BU05,Operations,IC3,10.565,0.561,3.06,0.775,0.503,0,0.761064
E00172,2024-12-01,BU10,Education,M1,8.277,0.654,3.01,0.644,0.598,0,0.734863
E00173,2024-12-01,BU02,Finance,M1,1.142,0.515,2.79,0.911,0.471,0,0.752131
E00174,2024-12-01,BU06,IT,IC2,2.94,0.499,3.29,1.324,0.705,0,0.683857
E00175,2024-12-01,BU05,Finance,IC2,0.668,0.484,3.27,0.6,0.56,0,0.817087
E00176,2024-12-01,BU05,IT,IC1,5.133,0.546,3.27,0.6,0.711,0,0.781784
E00177,2024-12-01,BU01,Education,IC2,3.324,0.53,4.0,0.6,0.594,0,0.66921
E00178,2024-12-01,BU02,Admin,IC3,2.114,0.38,3.18,0.681,0.676,0,0.819627
E00179,2024-12-01,BU08,Finance,M1,6.932,0.58,3.79,0.6,0.548,0,0.696663
E00180,2024-12-01,BU03,IT,IC1,10.795,0.718,2.84,1.6,0.559,0,0.504805
E00181,2024-12-01,BU10,Admin,IC1,9.993,0.469,4.1,1.017,0.33,0,0.568986
E00182,2024-12-01,BU03,Operations,IC3,0.945,0.543,4.44,0.773,0.636,0,0.556254
E00183,2024-12-01,BU08,IT,IC1,7.526,0.696,3.18,0.981,0.344,0,0.60499
E00184,2024-12-01,BU08,Education,IC1,4.183,0.557,4.2,0.842,0.516,0,0.581875
E00185,2024-12-01,BU02,Operations,IC1,9.67,0.599,2.93,0.6,0.611,0,0.853589
E00186,2024-12-01,BU08,Operations,IC1,8.025,0.585,3.36,0.941,0.653,0,0.780138
E00187,2024-12-01,BU01,Clinical,IC1,10.442,0.573,3.07,1.6,0.65,0,0.600612
E00188,2024-12-01,BU06,Finance,IC2,6.867,0.6,3.44,0.6,0.459,0,0.720164
E00189,2024-12-01,BU08,IT,IC2,10.231,0.409,3.65,0.6,0.577,0,0.764837
E00190,2024-12-01,BU03,Operations,M1,3.877,0.501,3.04,1.064,0.546,0,0.796082
E00191,2024-12-01,BU08,Clinical,IC2,10.533,0.751,3.49,0.995,0.548,0,0.54169
E00192,2024-12-01,BU01,Education,IC3,0.63,0.558,3.68,0.688,0.655,0,0.74158
E00193,2024-12-01,BU09,Admin,IC1,9.979,0.636,2.76,1.461,0.456,0,0.632777
E00194,2024-12-01,BU09,IT,IC1,9.7,0.728,3.7,0.743,0.511,0,0.605959
E00195,2024-12-01,BU05,Operations,IC3,9.481,0.697,3.89,0.6,0.642,0,0.653277
E00196,2024-12-01,BU10,Finance,IC1,5.807,0.697,3.85,1.201,0.553,0,0.498201
E00197,2024-12-01,BU04,Clinical,IC2,4.701,0.587,3.46,1.566,0.68,0,0.541254
E00198,2024-12-01,BU06,Operations,IC3,6.522,0.554,3.24,0.6,0.598,0,0.759408
E00199,2024-12-01,BU07,Finance,IC3,10.196,0.534,3.3,1.032,0.306,0,0.68146
E00200,2024-12-01,BU05,Operations,IC1,10.762,0.61,3.71,1.049,0.898,0,0.640995
E00201,2024-12-01,BU10,IT,IC2,8.145,0.611,3.82,0.736,0.441,0,0.607161
E00202,2024-12-01,BU09,IT,IC3,9.331,0.743,3.77,0.6,0.347,0,0.620834
E00203,2024-12-01,BU03,IT,IC1,6.779,0.586,2.64,0.6,0.57,0,0.773639
E00204,2024-12-01,BU07,Education,IC3,1.018,0.622,3.28,0.852,0.558,0,0.735
E00205,2024-12-01,BU10,Education,IC3,5.52,0.552,3.1,0.6,0.617,0,0.860406
E00206,2024-12-01,BU10,Clinical,M2,4.392,0.659,3.69,0.6,0.611,0,0.686855
E00207,2024-12-01,BU05,IT,IC1,7.321,0.509,3.35,1.257,0.438,0,0.614989
E00208,2024-12-01,BU07,Finance,M1,4.914,0.653,3.24,0.735,0.56,0,0.696776
E00209,2024-12-01,BU02,Operations,IC2,0.485,0.603,3.36,0.791,0.639,0,0.768802
E00210,2024-12-01,BU04,Admin,IC2,3.869,0.613,3.22,1.07,0.42,0,0.611656
E00211,2024-12-01,BU02,Finance,IC1,0.761,0.611,3.48,1.534,0.481,0,0.50731
E00212,2024-12-01,BU07,Education,IC3,10.913,0.667,3.11,1.016,0.595,0,0.626195
E00213,2024-12-01,BU02,Education,IC1,5.013,0.37,2.87,0.738,0.508,0,0.798933
E00214,2024-12-01,BU01,Finance,IC2,3.543,0.716,2.78,1.054,0.588,0,0.738747
E00215,2024-12-01,BU09,Education,IC1,6.141,0.629,3.2,0.936,0.758,0,0.728988
E00216,2024-12-01,BU01,IT,M1,7.179,0.61,2.85,0.992,0.431,0,0.72243
E00217,2024-12-01,BU08,Clinical,M1,9.473,0.593,3.09,0.6,0.635,0,0.819803
E00218,2024-12-01,BU02,Operations,IC3,5.013,0.689,3.21,0.6,0.732,0,0.783827
E00219,2024-12-01,BU08,Clinical,IC2,5.035,0.693,2.88,0.6,0.82,0,0.786205
E00220,2024-12-01,BU03,Operations,IC1,0.86,0.587,3.48,0.996,0.892,0,0.749356
E00221,2024-12-01,BU06,Operations,IC3,10.853,0.555,3.61,0.777,0.628,0,0.73502
E00222,2024-12-01,BU03,Clinical,IC2,2.765,0.522,3.51,0.835,0.699,0,0.754285
E00223,2024-12-01,BU07,Finance,IC1,0.233,0.574,3.54,1.044,0.482,0,0.653334
E00224,2024-12-01,BU10,Operations,IC3,5.703,0.588,3.48,0.86,0.371,0,0.651372
E00225,2024-12-01,BU09,Clinical,M2,8.903,0.571,3.61,0.6,0.763,0,0.776004
E00226,2024-12-01,BU02,Operations,IC3,7.532,0.55,3.24,0.6,0.589,0,0.752679
E00227,2024-12-01,BU05,Admin,IC3,0.356,0.361,3.63,0.6,0.479,0,0.741645
E00228,2024-12-01,BU06,Finance,M2,7.502,0.68,3.9,0.61,0.371,0,0.569907
E00229,2024-12-01,BU04,IT,IC1,7.956,0.632,3.75,1.046,0.528,0,0.598615
E00230,2024-12-01,BU04,Operations,IC3,1.889,0.57,3.76,0.6,0.643,0,0.703837
E00231,2024-12-01,BU04,Admin,M2,8.528,0.718,3.14,0.673,0.477,0,0.706285
E00232,2024-12-01,BU02,IT,IC1,8.517,0.472,3.7,1.6,0.417,0,0.462788
E00233,2024-12-01,BU04,IT,IC3,7.428,0.667,3.38,0.6,0.594,0,0.73739
E00234,2024-12-01,BU01,Operations,IC3,4.706,0.639,2.87,0.707,0.691,0,0.792929
E00235,2024-12-01,BU06,Clinical,IC3,7.532,0.553,3.07,0.6,0.665,0,0.792208
E00236,2024-12-01,BU01,Operations,IC3,2.376,0.516,3.42,0.845,0.669,0,0.719454
E00237,2024-12-01,BU10,Admin,M1,10.571,0.683,3.94,0.6,0.668,0,0.6356
E00238,2024-12-01,BU06,IT,M1,3.543,0.604,3.53,0.6,0.602,0,0.728081
E00239,2024-12-01,BU01,Operations,IC1,4.534,0.602,3.44,1.303,0.499,0,0.604867
E00240,2024-12-01,BU06,Clinical,M1,9.147,0.665,3.66,0.821,0.668,0,0.634037
E00241,2024-12-01,BU10,Operations,IC1,3.124,0.622,3.51,1.149,0.84,0,0.707243
E00242,2024-12-01,BU08,Finance,IC2,10.702,0.705,3.63,0.624,0.61,0,0.641361
E00243,2024-12-01,BU02,Clinical,IC2,0.86,0.619,3.11,0.6,0.605,0,0.777684
E00244,2024-12-01,BU02,Admin,IC2,2.53,0.509,3.58,0.6,0.595,0,0.738517
E00245,2024-12-01,BU04,IT,IC2,2.177,0.468,2.86,0.659,0.455,0,0.832857
E00246,2024-12-01,BU03,Operations,M2,9.897,0.515,2.96,0.6,0.714,0,0.818744
E00247,2024-12-01,BU04,Clinical,IC3,4.709,0.541,3.59,0.642,0.638,0,0.764294
E00248,2024-12-01,BU07,Finance,IC3,1.654,0.441,2.57,0.6,0.792,0,0.888457
E00249,2024-12-01,BU01,Clinical,IC1,8.917,0.657,3.36,1.038,0.712,0,0.668027
E00250,2024-12-01,BU06,Education,M1,4.884,0.492,3.39,0.826,0.767,0,0.739916
E00251,2024-12-01,BU03,Finance,M1,1.276,0.482,3.37,0.6,0.58,0,0.790555
E00252,2024-12-01,BU10,Admin,M1,2.782,0.46,3.43,0.6,0.511,0,0.789089
E00253,2024-12-01,BU07,IT,IC1,6.93,0.605,3.63,0.762,0.735,0,0.738099
E00254,2024-12-01,BU10,Admin,IC1,10.272,0.544,3.75,1.192,0.512,0,0.550478
E00255,2024-12-01,BU02,Operations,IC1,9.372,0.61,3.85,1.141,0.67,0,0.522254
E00256,2024-12-01,BU02,Clinical,IC1,10.125,0.636,3.74,1.107,0.694,0,0.598271
E00257,2024-12-01,BU04,Education,IC2,6.136,0.493,3.4,1.168,0.552,0,0.687331
E00258,2024-12-01,BU01,Finance,M1,6.79,0.526,2.97,0.6,0.438,0,0.831123
E00259,2024-12-01,BU03,Finance,IC2,0.482,0.523,2.75,1.513,0.432,0,0.617327
E00260,2024-12-01,BU09,Clinical,IC1,4.452,0.484,3.84,1.278,0.641,0,0.599789
E00261,2024-12-01,BU07,Education,IC2,2.708,0.626,3.05,0.6,0.636,0,0.850911
E00262,2024-12-01,BU07,Clinical,IC1,2.084,0.561,3.61,1.6,0.75,1,0.600875
E00263,2024-12-01,BU04,Operations,IC1,8.797,0.702,3.39,0.665,0.584,0,0.737333
E00264,2024-12-01,BU02,Admin,IC2,7.951,0.576,3.52,0.6,0.472,0,0.732625
E00265,2024-12-01,BU04,Finance,IC2,8.879,0.642,3.6,0.911,0.411,0,0.571972
E00266,2024-12-01,BU06,Operations,M1,7.455,0.548,3.1,0.6,0.733,0,0.799424
E00267,2024-12-01,BU03,Admin,M2,2.998,0.622,3.55,0.6,0.355,0,0.668755
E00268,2024-12-01,BU01,Operations,IC2,5.53,0.55,3.01,1.238,0.652,0,0.67238
E00269,2024-12-01,BU08,Education,IC2,3.009,0.547,3.58,0.923,0.375,0,0.618883
E00270,2024-12-01,BU05,Finance,M1,10.207,0.612,3.51,0.755,0.424,0,0.638423
E00271,2024-12-01,BU05,Clinical,IC2,3.869,0.508,3.74,0.629,0.691,0,0.680443
E00272,2024-12-01,BU04,Clinical,IC1,7.406,0.591,3.68,0.6,0.519,0,0.707284
E00273,2024-12-01,BU06,Admin,M1,0.537,0.464,3.8,0.672,0.342,0,0.629858
E00274,2024-12-01,BU03,IT,IC1,10.579,0.51,3.82,1.256,0.513,0,0.572964
E00275,2024-12-01,BU09,Education,IC3,3.83,0.551,3.39,0.914,0.644,0,0.693388
E00276,2024-12-01,BU05,Admin,IC3,7.064,0.577,4.08,0.6,0.68,0,0.688325
E00277,2024-12-01,BU03,IT,IC2,5.695,0.669,3.13,0.6,0.524,0,0.774119
E00278,2024-12-01,BU01,Operations,IC2,3.403,0.637,2.71,1.6,0.572,0,0.587965
E00279,2024-12-01,BU10,Education,M1,7.496,0.588,3.38,0.6,0.697,0,0.804201
E00280,2024-12-01,BU06,Operations,IC1,7.975,0.563,2.82,0.839,0.375,0,0.708507
E00281,2024-12-01,BU02,Finance,IC1,2.806,0.526,3.08,0.88,0.47,0,0.723803
E00282,2024-12-01,BU03,Education,IC3,8.452,0.585,2.72,0.691,0.549,0,0.832559
E00283,2024-12-01,BU01,IT,IC2,2.795,0.575,3.42,1.054,0.622,0,0.684426
E00284,2024-12-01,BU09,Finance,IC1,9.829,0.624,3.98,1.061,0.495,0,0.52757
E00285,2024-12-01,BU08,Clinical,M1,9.758,0.57,2.98,0.759,0.597,0,0.828681
E00286,2024-12-01,BU02,IT,IC2,9.084,0.591,3.61,0.847,0.493,0,0.602736
E00287,2024-12-01,BU08,Admin,M1,5.695,0.804,3.52,0.6,0.521,0,0.677693
E00288,2024-12-01,BU09,Clinical,M1,8.772,0.461,3.33,0.654,0.73,0,0.80625
E00289,2024-12-01,BU01,Clinical,IC3,2.595,0.63,3.15,0.781,0.646,0,0.743626
E00290,2024-12-01,BU05,Admin,IC2,7.203,0.603,2.98,0.708,0.447,0,0.740734
E00291,2024-12-01,BU08,Education,M2,10.486,0.539,3.35,0.6,0.549,0,0.703725
E00292,2024-12-01,BU02,Clinical,IC1,7.896,0.703,3.26,1.07,0.709,0,0.691166
E00293,2024-12-01,BU04,IT,IC3,10.335,0.505,3.35,0.616,0.436,0,0.807062
E00294,2024-12-01,BU07,Finance,IC1,5.936,0.582,3.25,0.728,0.755,0,0.814399
E00295,2024-12-01,BU03,Clinical,IC2,7.359,0.736,3.09,0.6,0.6,0,0.733039
E00296,2024-12-01,BU05,IT,IC2,3.162,0.588,3.43,0.85,0.555,0,0.695248
E00297,2024-12-01,BU08,Operations,M2,3.691,0.491,3.6,0.6,0.65,0,0.796148
E00298,2024-12-01,BU10,IT,M2,4.857,0.51,3.77,0.6,0.608,0,0.707473
E00299,2024-12-01,BU03,Finance,IC1,8.515,0.564,3.24,0.755,0.541,0,0.76724
E00300,2024-12-01,BU04,IT,IC1,10.65,0.502,3.29,0.701,0.554,0,0.775274
E00301,2024-12-01,BU09,Admin,IC3,10.111,0.483,3.15,0.768,0.355,1,0.815108
E00302,2024-12-01,BU07,Finance,IC2,0.268,0.542,2.91,0.6,0.705,0,0.847915
E00303,2024-12-01,BU01,Education,IC1,8.879,0.609,2.5,1.6,0.747,0,0.756952
E00304,2024-12-01,BU04,Operations,IC3,5.158,0.583,3.32,0.603,0.661,0,0.830554
E00305,2024-12-01,BU04,Admin,IC2,4.912,0.602,2.77,0.6,0.503,0,0.799467
E00306,2024-12-01,BU09,Education,M2,4.953,0.567,4.13,0.6,0.518,0,0.612587
E00307,2024-12-01,BU06,IT,IC1,5.67,0.508,3.08,0.883,0.548,0,0.744636
E00308,2024-12-01,BU09,Finance,IC2,5.262,0.716,3.77,1.082,0.546,0,0.516662
E00309,2024-12-01,BU06,Operations,IC2,8.548,0.711,3.31,0.827,0.654,0,0.765992
E00310,2024-12-01,BU06,Admin,M1,5.812,0.643,3.33,0.6,0.516,0,0.706917
E00311,2024-12-01,BU05,Education,IC2,3.499,0.424,2.8,0.712,0.548,0,0.839631
E00312,2024-12-01,BU05,Education,IC3,0.58,0.632,3.41,0.726,0.599,0,0.699326
E00313,2024-12-01,BU02,Operations,IC1,0.769,0.565,3.67,0.6,0.644,0,0.727073
E00314,2024-12-01,BU08,IT,M1,9.049,0.727,3.83,0.815,0.436,0,0.53516
E00315,2024-12-01,BU08,Operations,IC2,6.021,0.43,3.88,0.617,0.536,0,0.692224
E00316,2024-12-01,BU01,Education,IC1,10.048,0.488,3.3,1.518,0.451,0,0.544102
E00317,2024-12-01,BU08,Clinical,IC3,10.727,0.572,3.08,0.84,0.815,0,0.80334
E00318,2024-12-01,BU05,Admin,IC1,6.209,0.544,3.04,1.117,0.441,0,0.698381
E00319,2024-12-01,BU02,Operations,IC1,8.411,0.709,3.71,1.393,0.663,0,0.476091
E00320,2024-12-01,BU02,Education,M1,7.368,0.579,2.83,0.6,0.382,0,0.823715
E00321,2024-12-01,BU06,IT,IC2,8.071,0.472,3.72,0.993,0.381,0,0.699462
E00322,2024-12-01,BU09,Education,IC3,10.445,0.564,3.62,0.6,0.594,0,0.721391
E00323,2024-12-01,BU01,IT,IC2,10.281,0.451,3.2,0.874,0.594,0,0.788875
E00324,2024-12-01,BU06,Operations,M1,6.634,0.652,3.39,0.6,0.803,0,0.744402
E00325,2024-12-01,BU09,IT,IC1,5.276,0.714,3.45,0.803,0.434,0,0.652128
E00326,2024-12-01,BU08,Finance,IC2,8.627,0.493,3.93,1.488,0.513,1,0.557377
E00327,2024-12-01,BU06,Finance,M2,2.289,0.61,3.12,0.6,0.471,0,0.71178
E00328,2024-12-01,BU03,Finance,M1,6.234,0.77,3.38,0.6,0.67,0,0.645819
E00329,2024-12-01,BU08,Clinical,IC2,3.729,0.738,3.11,0.752,0.578,0,0.68671
E00330,2024-12-01,BU09,Operations,IC2,10.738,0.588,3.38,0.639,0.544,0,0.728783
E00331,2024-12-01,BU01,Education,M1,6.084,0.514,3.22,0.618,0.479,0,0.714672
E00332,2024-12-01,BU09,Education,IC2,8.772,0.686,3.4,0.951,0.69,0,0.67999
E00333,2024-12-01,BU06,Clinical,M1,10.114,0.515,3.38,0.6,0.583,0,0.770944
E00334,2024-12-01,BU06,IT,M1,7.704,0.527,3.09,0.6,0.681,0,0.793273
E00335,2024-12-01,BU04,Clinical,IC1,6.713,0.61,3.19,0.695,0.413,0,0.745153
E00336,2024-12-01,BU01,IT,IC1,4.537,0.605,3.97,1.267,0.479,0,0.461175
E00337,2024-12-01,BU10,IT,IC3,10.579,0.617,3.67,0.765,0.531,0,0.649249
E00338,2024-12-01,BU08,Admin,IC1,8.758,0.61,3.54,0.976,0.458,0,0.58183
E00339,2024-12-01,BU02,Education,IC2,8.956,0.608,2.96,0.931,0.403,0,0.741724
E00340,2024-12-01,BU01,Finance,M2,2.166,0.559,3.36,0.6,0.713,0,0.827006
E00341,2024-12-01,BU02,IT,IC3,1.503,0.47,3.48,0.941,0.529,0,0.681189
E00342,2024-12-01,BU01,Admin,M1,5.55,0.546,3.37,0.6,0.42,0,0.723992
E00343,2024-12-01,BU01,Education,IC3,1.492,0.519,2.74,1.004,0.569,0,0.806553
E00344,2024-12-01,BU09,Finance,IC3,8.865,0.612,3.21,0.6,0.537,0,0.758941
E00345,2024-12-01,BU01,IT,IC1,3.559,0.408,3.7,0.6,0.686,0,0.805609
E00346,2024-12-01,BU04,IT,IC2,3.225,0.416,2.9,0.684,0.483,0,0.875963
E00347,2024-12-01,BU10,Clinical,IC2,8.999,0.639,3.12,0.637,0.788,0,0.802624
E00348,2024-12-01,BU06,Clinical,IC2,5.164,0.661,2.95,0.692,0.667,0,0.767665
E00349,2024-12-01,BU07,Education,M1,4.772,0.487,3.33,0.6,0.602,0,0.805225
E00350,2024-12-01,BU02,Finance,IC2,9.856,0.603,3.64,1.096,0.626,0,0.612259
E00351,2024-12-01,BU06,IT,IC2,0.137,0.604,3.81,0.61,0.657,0,0.6468
E00352,2024-12-01,BU07,Education,IC2,1.032,0.565,3.31,0.6,0.781,0,0.900046
E00353,2024-12-01,BU10,Education,IC1,9.24,0.506,3.02,0.643,0.411,0,0.812082
E00354,2024-12-01,BU10,Operations,IC2,1.158,0.642,3.6,0.6,0.702,0,0.72516
E00355,2024-12-01,BU02,Clinical,IC1,10.237,0.591,3.24,0.6,0.797,0,0.836151
E00356,2024-12-01,BU02,Finance,IC1,3.228,0.495,3.61,0.729,0.615,0,0.711277
E00357,2024-12-01,BU10,IT,IC1,10.5,0.423,3.92,1.465,0.616,0,0.558364
E00358,2024-12-01,BU07,Education,IC2,2.281,0.548,3.52,0.6,0.553,0,0.764645
E00359,2024-12-01,BU01,IT,M1,0.052,0.527,2.91,0.622,0.604,0,0.810301
E00360,2024-12-01,BU08,Operations,IC2,5.911,0.768,4.0,0.6,0.778,0,0.617935
E00361,2024-12-01,BU03,Finance,IC2,4.115,0.513,3.43,1.493,0.435,0,0.525092
E00362,2024-12-01,BU06,Education,IC3,1.602,0.57,3.27,1.155,0.747,0,0.671337
E00363,2024-12-01,BU09,IT,IC1,4.86,0.724,3.52,1.137,0.695,0,0.586216
E00364,2024-12-01,BU06,Clinical,M1,1.306,0.465,2.92,1.038,0.558,0,0.797122
E00365,2024-12-01,BU09,Operations,IC2,8.854,0.682,3.35,0.825,0.719,0,0.68192
E00366,2024-12-01,BU07,Finance,IC2,9.711,0.651,3.55,0.902,0.648,0,0.683223
E00367,2024-12-01,BU09,Operations,IC3,2.645,0.583,3.31,0.953,0.608,0,0.712567
E00368,2024-12-01,BU02,Clinical,IC1,3.272,0.649,3.78,1.051,0.531,0,0.497833
E00369,2024-12-01,BU08,Finance,IC3,1.432,0.553,2.7,0.6,0.537,0,0.844366
E00370,2024-12-01,BU08,Operations,IC2,4.131,0.411,3.74,1.042,0.479,0,0.665535
E00371,2024-12-01,BU02,Admin,M1,1.941,0.501,3.43,0.6,0.517,0,0.711241
E00372,2024-12-01,BU04,Clinical,IC1,7.376,0.606,3.5,0.787,0.737,0,0.727535
E00373,2024-12-01,BU07,Clinical,IC2,7.288,0.576,2.76,0.809,0.766,0,0.786348
E00374,2024-12-01,BU04,Clinical,IC3,10.782,0.484,3.15,0.763,0.659,0,0.777805
E00375,2024-12-01,BU04,Admin,IC1,3.124,0.626,2.89,1.019,0.526,0,0.723359
E00376,2024-12-01,BU06,Admin,IC2,8.047,0.713,3.57,0.937,0.291,0,0.518856
E00377,2024-12-01,BU10,IT,IC3,4.312,0.567,3.31,0.6,0.613,0,0.805598
E00378,2024-12-01,BU06,Education,M1,9.736,0.645,3.03,0.6,0.553,0,0.808123
E00379,2024-12-01,BU10,Operations,IC2,9.418,0.646,3.54,1.089,0.492,0,0.583275
E00380,2024-12-01,BU03,IT,M1,4.72,0.636,3.92,0.913,0.506,0,0.529357
E00381,2024-12-01,BU09,Operations,M2,5.355,0.444,3.67,0.979,0.599,0,0.666482
E00382,2024-12-01,BU10,Education,M1,8.066,0.517,4.04,0.6,0.634,0,0.733291
E00383,2024-12-01,BU02,Admin,IC1,1.979,0.547,3.27,1.241,0.48,0,0.637298
E00384,2024-12-01,BU06,Education,IC3,1.774,0.646,3.2,1.237,0.618,0,0.612311
E00385,2024-12-01,BU07,Admin,IC2,5.112,0.526,3.53,0.612,0.496,0,0.712794
E00386,2024-12-01,BU09,Education,M2,1.476,0.498,3.07,0.6,0.599,0,0.83392
E00387,2024-12-01,BU03,IT,IC2,1.719,0.586,2.84,1.076,0.498,0,0.755818
E00388,2024-12-01,BU10,Finance,IC1,5.747,0.637,2.75,1.556,0.465,0,0.579497
E00389,2024-12-01,BU03,IT,IC3,10.182,0.665,3.02,0.6,0.44,0,0.736489
E00390,2024-12-01,BU07,Operations,IC2,7.351,0.69,3.79,0.6,0.564,0,0.704327
E00391,2024-12-01,BU04,IT,M2,1.555,0.562,3.84,0.6,0.552,0,0.670323
E00392,2024-12-01,BU08,Clinical,M2,4.999,0.58,2.83,0.6,0.846,0,0.86916
E00393,2024-12-01,BU07,Operations,IC3,5.109,0.617,3.72,0.945,0.71,0,0.669833
E00394,2024-12-01,BU05,Education,IC1,0.408,0.556,3.59,1.073,0.379,0,0.577918
E00395,2024-12-01,BU07,Operations,IC3,6.223,0.507,3.64,0.6,0.703,0,0.768068
E00396,2024-12-01,BU03,Finance,IC1,10.902,0.579,3.44,1.067,0.609,0,0.689084
E00397,2024-12-01,BU02,Admin,IC1,3.373,0.591,3.25,1.007,0.411,0,0.657859
E00398,2024-12-01,BU06,Education,M1,6.448,0.587,3.77,0.995,0.615,0,0.623231
E00399,2024-12-01,BU02,Operations,IC1,6.144,0.589,2.98,1.014,0.634,0,0.664074
E00400,2024-12-01,BU03,Education,IC2,3.992,0.601,3.37,0.688,0.56,0,0.666555
E00401,2024-12-01,BU06,Education,M2,7.228,0.447,3.19,0.6,0.585,0,0.859513
E00402,2024-12-01,BU05,Education,IC2,5.903,0.563,3.26,0.872,0.598,0,0.689875
E00403,2024-12-01,BU08,Admin,IC2,7.666,0.551,3.16,0.6,0.537,0,0.748513
E00404,2024-12-01,BU09,IT,M1,8.205,0.43,4.07,0.6,0.453,0,0.663578
E00405,2024-12-01,BU03,Education,IC1,4.657,0.522,3.06,0.853,0.542,0,0.763318
E00406,2024-12-01,BU10,Clinical,M1,3.102,0.491,3.42,0.6,0.876,1,0.915015
E00407,2024-12-01,BU03,Finance,M2,7.74,0.541,3.21,0.672,0.634,0,0.763498
E00408,2024-12-01,BU03,Admin,M1,9.183,0.569,3.19,0.6,0.506,0,0.79273
E00409,2024-12-01,BU06,Operations,IC3,1.802,0.582,3.52,0.745,0.574,0,0.703526
E00410,2024-12-01,BU01,Admin,IC2,8.608,0.592,3.53,0.701,0.531,0,0.713366
E00411,2024-12-01,BU07,Operations,IC2,10.448,0.584,2.83,0.853,0.593,0,0.702522
E00412,2024-12-01,BU01,Admin,M1,3.806,0.36,3.72,0.627,0.628,0,0.755948
E00413,2024-12-01,BU05,Operations,M1,8.277,0.614,3.49,0.6,0.516,0,0.709855
E00414,2024-12-01,BU10,Education,IC2,1.281,0.4,3.88,0.721,0.636,0,0.737368
E00415,2024-12-01,BU08,IT,IC1,4.846,0.524,3.99,1.6,0.588,0,0.446265
E00416,2024-12-01,BU04,Operations,IC1,0.936,0.534,3.19,0.6,0.722,0,0.816273
E00417,2024-12-01,BU05,Operations,IC1,6.741,0.65,3.59,0.927,0.659,0,0.695296
E00418,2024-12-01,BU04,Clinical,IC3,1.098,0.504,3.2,0.962,0.684,0,0.769941
E00419,2024-12-01,BU04,Operations,IC2,6.231,0.78,3.59,0.884,0.488,0,0.589825
E00420,2024-12-01,BU08,Clinical,M1,4.583,0.61,3.58,0.692,0.648,0,0.701556
E00421,2024-12-01,BU02,Finance,IC3,2.472,0.487,2.96,0.6,0.394,0,0.769291
E00422,2024-12-01,BU01,Education,IC1,6.637,0.664,3.12,1.112,0.814,0,0.717984
E00423,2024-12-01,BU03,Clinical,IC3,10.103,0.631,3.15,0.6,0.761,0,0.770695
E00424,2024-12-01,BU09,IT,IC2,1.777,0.531,3.27,0.791,0.587,0,0.76747
E00425,2024-12-01,BU04,Education,IC3,1.068,0.451,3.75,0.623,0.638,0,0.744242
E00426,2024-12-01,BU10,Clinical,IC3,10.311,0.677,2.92,1.396,0.7,0,0.641342
E00427,2024-12-01,BU05,Education,M1,9.051,0.667,2.88,0.646,0.687,0,0.794254
E00428,2024-12-01,BU02,Education,M1,5.459,0.425,3.43,0.6,0.569,0,0.750512
E00429,2024-12-01,BU04,Education,IC2,2.519,0.536,3.42,0.6,0.529,0,0.71519
E00430,2024-12-01,BU02,Finance,IC1,3.195,0.553,3.19,1.022,0.56,0,0.693208
E00431,2024-12-01,BU02,IT,IC3,6.842,0.495,3.64,0.892,0.307,0,0.61616
E00432,2024-12-01,BU04,Admin,IC1,10.519,0.699,3.1,0.878,0.599,0,0.68729
E00433,2024-12-01,BU06,Admin,IC2,4.465,0.591,3.16,0.6,0.574,0,0.791806
E00434,2024-12-01,BU07,Clinical,IC1,6.585,0.612,3.46,0.724,0.502,0,0.690548
E00435,2024-12-01,BU10,Education,IC3,5.429,0.658,3.87,0.737,0.485,0,0.573174
E00436,2024-12-01,BU03,Clinical,IC1,4.444,0.72,3.12,1.209,0.778,0,0.671036
E00437,2024-12-01,BU03,Finance,IC3,8.392,0.624,3.88,0.994,0.575,0,0.58111
E00438,2024-12-01,BU10,Finance,M2,1.67,0.644,3.23,0.6,0.484,0,0.708995
E00439,2024-12-01,BU06,Operations,IC1,8.033,0.483,3.76,1.114,0.481,0,0.641474
E00440,2024-12-01,BU03,Finance,IC1,6.281,0.551,2.77,0.872,0.684,0,0.745557
E00441,2024-12-01,BU02,Operations,IC2,5.413,0.525,3.04,0.72,0.675,0,0.818217
E00442,2024-12-01,BU08,IT,M1,2.201,0.549,3.84,0.692,0.471,0,0.641467
E00443,2024-12-01,BU05,Clinical,IC1,6.352,0.627,3.32,1.041,0.541,0,0.684188
E00444,2024-12-01,BU01,IT,IC2,10.7,0.565,3.19,0.905,0.502,0,0.735494
E00445,2024-12-01,BU03,Finance,IC1,7.726,0.483,3.4,0.686,0.589,0,0.753644
E00446,2024-12-01,BU10,IT,M1,6.316,0.714,3.74,0.6,0.336,0,0.600269
E00447,2024-12-01,BU08,IT,IC2,1.561,0.585,4.21,1.232,0.678,0,0.442828
E00448,2024-12-01,BU04,IT,M1,1.662,0.548,3.45,0.6,0.589,0,0.801892
E00449,2024-12-01,BU07,Finance,M1,6.292,0.663,3.51,0.615,0.274,0,0.609576
E00450,2024-12-01,BU10,Education,IC1,4.43,0.581,3.12,1.343,0.719,1,0.766065
E00451,2024-12-01,BU02,IT,M1,7.814,0.724,3.09,0.6,0.567,0,0.727885
E00452,2024-12-01,BU07,Operations,IC1,10.65,0.698,3.54,1.042,0.756,0,0.621964
E00453,2024-12-01,BU05,Finance,M1,5.996,0.559,2.67,0.68,0.631,0,0.832229
E00454,2024-12-01,BU05,IT,IC3,4.025,0.532,3.64,0.6,0.454,0,0.688359
E00455,2024-12-01,BU06,Education,M1,1.667,0.506,3.11,0.6,0.598,0,0.818882
E00456,2024-12-01,BU09,Finance,IC1,1.443,0.423,3.93,1.087,0.53,0,0.577871
E00457,2024-12-01,BU06,Admin,IC1,5.465,0.446,3.2,1.548,0.263,0,0.558838
E00458,2024-12-01,BU08,Education,IC2,6.853,0.688,3.32,0.759,0.464,0,0.684801
E00459,2024-12-01,BU07,Operations,IC2,7.277,0.634,3.4,0.6,0.626,0,0.704134
E00460,2024-12-01,BU09,IT,IC1,9.446,0.536,3.38,0.641,0.397,0,0.718592
E00461,2024-12-01,BU04,Admin,IC2,7.743,0.737,3.33,1.082,0.498,0,0.608781
E00462,2024-12-01,BU02,Admin,IC1,1.188,0.628,2.7,0.861,0.528,0,0.76572
E00463,2024-12-01,BU07,Finance,IC2,1.832,0.557,4.42,0.731,0.551,0,0.604763
E00464,2024-12-01,BU06,Admin,M1,8.014,0.664,3.73,0.727,0.469,0,0.632592
E00465,2024-12-01,BU01,Operations,IC2,1.328,0.51,3.32,0.6,0.842,1,0.879247
E00466,2024-12-01,BU09,Operations,IC1,10.13,0.47,3.18,1.6,0.802,0,0.693091
E00467,2024-12-01,BU09,Clinical,IC2,3.702,0.645,2.97,0.641,0.748,0,0.811823
E00468,2024-12-01,BU02,Operations,IC1,5.952,0.427,3.21,1.008,0.756,0,0.777923
E00469,2024-12-01,BU03,Education,M2,7.581,0.46,2.98,0.6,0.641,0,0.870867
E00470,2024-12-01,BU05,Admin,IC1,3.45,0.556,3.69,0.821,0.476,0,0.641052
E00471,2024-12-01,BU05,Operations,IC3,4.14,0.684,3.7,0.902,0.861,0,0.687983
E00472,2024-12-01,BU01,Finance,M2,9.459,0.708,3.25,0.6,0.702,0,0.773268
E00473,2024-12-01,BU08,Clinical,M1,10.598,0.566,3.92,0.714,0.682,0,0.712751
E00474,2024-12-01,BU08,Admin,IC3,0.72,0.486,3.55,0.6,0.539,0,0.680113
E00475,2024-12-01,BU04,Clinical,M1,7.641,0.492,2.81,0.621,0.611,0,0.841837
E00476,2024-12-01,BU07,Admin,M2,3.912,0.684,3.15,0.6,0.631,0,0.774943
E00477,2024-12-01,BU10,Finance,IC3,9.648,0.449,3.89,0.674,0.571,0,0.724243
E00478,2024-12-01,BU03,Clinical,IC3,8.849,0.758,3.26,0.6,0.638,0,0.719122
E00479,2024-12-01,BU06,IT,IC3,9.999,0.559,3.61,0.6,0.475,0,0.706445
E00480,2024-12-01,BU10,Education,IC2,10.861,0.733,4.04,0.6,0.526,0,0.584762
E00481,2024-12-01,BU10,Education,IC3,8.145,0.468,3.57,0.75,0.449,0,0.658167
E00482,2024-12-01,BU09,Admin,IC2,0.479,0.542,3.61,1.355,0.551,0,0.541474
E00483,2024-12-01,BU01,IT,IC1,6.568,0.583,3.96,0.6,0.541,0,0.647512
E00484,2024-12-01,BU05,Clinical,IC1,8.038,0.613,3.62,0.693,0.748,0,0.686228
E00485,2024-12-01,BU04,IT,IC1,10.669,0.577,3.39,0.866,0.529,0,0.683215
E00486,2024-12-01,BU08,IT,IC2,10.018,0.746,3.98,0.831,0.262,0,0.442919
E00487,2024-12-01,BU01,Clinical,IC1,3.726,0.515,3.4,1.251,0.64,0,0.673556
E00488,2024-12-01,BU09,Finance,IC3,1.897,0.421,2.93,0.695,0.489,0,0.769373
E00489,2024-12-01,BU06,IT,IC2,0.476,0.502,3.2,0.695,0.657,0,0.77368
E00490,2024-12-01,BU04,IT,M1,9.766,0.579,3.54,0.747,0.751,0,0.715911
E00491,2024-12-01,BU09,Finance,IC1,8.318,0.633,3.63,1.189,0.331,0,0.499176
E00492,2024-12-01,BU05,IT,IC1,9.164,0.617,2.79,1.089,0.618,0,0.759588
E00493,2024-12-01,BU05,IT,IC3,8.58,0.596,2.88,0.726,0.525,0,0.836001
E00494,2024-12-01,BU05,IT,IC3,4.372,0.602,3.73,0.822,0.56,0,0.639186
E00495,2024-12-01,BU01,Education,IC1,10.157,0.645,3.15,0.67,0.608,0,0.782781
E00496,2024-12-01,BU01,Operations,M1,0.972,0.537,3.09,0.6,0.856,0,0.883494
E00497,2024-12-01,BU08,Finance,M1,3.8,0.488,3.79,0.693,0.459,0,0.673685
E00498,2024-12-01,BU08,IT,IC2,1.287,0.472,3.39,0.6,0.651,0,0.77322
E00499,2024-12-01,BU06,Education,IC2,1.818,0.514,3.53,0.821,0.635,0,0.728249
E00500,2024-12-01,BU04,Finance,M2,1.667,0.503,2.69,0.6,0.51,0,0.833242
E00001,2025-01-01,BU03,Operations,IC2,4.917,0.582,3.94,0.991,0.709,0,0.588843
E00002,2025-01-01,BU05,Education,IC2,7.828,0.54,3.31,1.6,0.547,0,0.625942
E00003,2025-01-01,BU01,Operations,IC2,0.312,0.549,3.21,0.605,0.64,0,0.816277
E00004,2025-01-01,BU01,Clinical,IC1,3.461,0.456,2.64,1.245,0.663,0,0.754954
E00005,2025-01-01,BU10,Finance,IC2,6.732,0.577,3.01,0.6,0.547,0,0.824012
E00006,2025-01-01,BU09,IT,M2,4.225,0.663,3.4,0.6,0.568,0,0.716694
E00007,2025-01-01,BU07,Operations,IC1,1.634,0.569,3.19,1.053,0.717,0,0.714313
E00008,2025-01-01,BU01,Finance,IC1,8.854,0.535,3.26,1.482,0.438,0,0.603036
E00009,2025-01-01,BU08,Clinical,IC2,4.153,0.623,3.48,0.6,0.471,0,0.730476
E00010,2025-01-01,BU03,Admin,M1,0.359,0.496,3.43,0.722,0.555,0,0.751481
E00011,2025-01-01,BU08,Education,IC3,0.747,0.6,3.54,0.6,0.634,0,0.786488
E00012,2025-01-01,BU05,Finance,IC3,3.291,0.338,3.25,0.6,0.434,0,0.851444
E00013,2025-01-01,BU01,Finance,IC1,6.661,0.778,3.02,0.954,0.576,0,0.656173
E00014,2025-01-01,BU07,Admin,IC3,7.261,0.506,3.25,1.153,0.342,0,0.682565
E00015,2025-01-01,BU05,Finance,IC2,3.723,0.577,3.96,0.6,0.525,0,0.66637
E00016,2025-01-01,BU06,Clinical,M1,3.206,0.559,2.8,0.6,0.967,0,0.93829
E00017,2025-01-01,BU06,Clinical,IC3,8.635,0.628,3.98,0.6,0.582,0,0.635157
E00018,2025-01-01,BU08,Admin,IC1,5.281,0.544,2.88,0.778,0.372,0,0.775349
E00019,2025-01-01,BU09,Education,IC1,6.357,0.574,3.21,1.472,0.615,0,0.602531
E00020,2025-01-01,BU02,IT,IC1,9.812,0.403,3.38,0.898,0.732,0,0.817581
E00021,2025-01-01,BU09,Operations,IC2,3.978,0.667,3.25,1.21,0.71,0,0.683024
E00022,2025-01-01,BU10,IT,IC2,5.837,0.572,3.06,1.125,0.532,0,0.735891
E00023,2025-01-01,BU09,Finance,IC3,9.725,0.768,3.8,0.6,0.689,0,0.616183
E00024,2025-01-01,BU10,Operations,IC2,6.91,0.631,3.68,0.668,0.522,0,0.674689
E00025,2025-01-01,BU10,Admin,IC2,10.995,0.663,3.06,0.6,0.388,0,0.815831
E00026,2025-01-01,BU07,Admin,IC1,1.506,0.549,3.78,0.675,0.647,0,0.734296
E00027,2025-01-01,BU01,Education,IC1,5.402,0.566,3.2,1.035,0.529,0,0.709201
E00028,2025-01-01,BU07,Operations,M1,2.448,0.638,3.38,0.6,0.448,0,0.700933
E00029,2025-01-01,BU10,Clinical,IC1,10.598,0.525,3.4,0.722,0.565,0,0.788547
E00030,2025-01-01,BU05,Operations,IC3,0.066,0.571,3.29,0.6,0.674,0,0.764302
E00031,2025-01-01,BU06,Finance,M1,0.975,0.43,3.51,0.6,0.643,0,0.840008
E00032,2025-01-01,BU10,Clinical,IC3,1.484,0.605,2.73,0.6,0.845,0,0.860214
E00033,2025-01-01,BU07,Admin,M1,8.493,0.602,3.37,0.6,0.508,0,0.777261
E00034,2025-01-01,BU05,Operations,IC2,4.298,0.547,3.33,0.825,0.631,0,0.718951
E00035,2025-01-01,BU07,IT,M2,7.765,0.75,3.06,0.6,0.64,0,0.707213
E00036,2025-01-01,BU09,Education,IC1,2.33,0.646,3.3,0.6,0.77,0,0.777154
E00037,2025-01-01,BU03,IT,IC1,8.947,0.488,2.83,1.6,0.557,0,0.680738
E00038,2025-01-01,BU08,Education,IC3,6.99,0.72,3.15,0.6,0.677,0,0.783439
E00039,2025-01-01,BU02,Finance,M2,8.742,0.627,2.99,0.6,0.704,0,0.844435
E00040,2025-01-01,BU07,IT,M1,4.285,0.621,3.76,0.6,0.527,0,0.64886
E00041,2025-01-01,BU02,Operations,IC1,6.516,0.533,3.06,1.6,0.625,0,0.622129
E00042,2025-01-01,BU04,Operations,IC2,2.133,0.641,4.11,0.6,0.732,0,0.657265
E00043,2025-01-01,BU07,IT,M2,4.769,0.653,3.26,0.699,0.669,0,0.745369
E00044,2025-01-01,BU03,Operations,IC2,9.993,0.684,3.22,0.733,0.73,0,0.792237
E00045,2025-01-01,BU02,Finance,M1,7.688,0.641,3.21,0.6,0.573,0,0.743041
E00046,2025-01-01,BU10,Clinical,M1,2.053,0.558,2.45,0.665,0.682,0,0.928127
E00047,2025-01-01,BU07,Finance,IC2,9.311,0.794,3.31,0.6,0.6,0,0.700809
E00048,2025-01-01,BU01,Education,IC2,1.774,0.428,3.34,0.6,0.621,0,0.868548
E00049,2025-01-01,BU08,Finance,IC2,2.04,0.651,3.33,0.654,0.384,0,0.644802
E00050,2025-01-01,BU03,Education,IC1,1.317,0.635,3.06,0.6,0.59,0,0.736802
E00051,2025-01-01,BU02,Operations,M1,6.486,0.52,3.33,0.6,0.696,0,0.766258
E00052,2025-01-01,BU03,Clinical,IC2,9.07,0.847,2.98,1.037,0.81,0,0.730686
E00053,2025-01-01,BU05,Operations,M1,7.734,0.656,2.91,0.6,0.75,0,0.827297
E00054,2025-01-01,BU08,Admin,IC1,4.802,0.601,3.89,1.475,0.419,0,0.390579
E00055,2025-01-01,BU10,Operations,M2,3.203,0.603,3.0,0.6,0.697,0,0.771041
E00056,2025-01-01,BU07,Education,IC2,8.657,0.582,3.39,1.084,0.845,0,0.736735
E00057,2025-01-01,BU07,Operations,IC1,10.672,0.786,4.06,0.923,0.538,0,0.432595
E00058,2025-01-01,BU07,Operations,IC1,7.778,0.678,3.68,0.808,0.588,0,0.630166
E00059,2025-01-01,BU08,Clinical,IC3,9.049,0.582,3.51,1.024,0.785,0,0.688978
E00060,2025-01-01,BU01,Operations,IC3,3.335,0.494,2.94,0.6,0.605,0,0.830893
E00061,2025-01-01,BU04,Clinical,M1,7.688,0.667,3.56,0.6,0.715,0,0.729784
E00062,2025-01-01,BU06,IT,IC1,9.125,0.517,2.3,1.181,0.554,0,0.816074
E00063,2025-01-01,BU09,Admin,IC1,5.673,0.477,3.26,1.196,0.581,0,0.661394
E00064,2025-01-01,BU02,Clinical,IC2,5.717,0.684,2.87,0.6,0.668,0,0.801035
E00065,2025-01-01,BU01,Education,IC2,1.613,0.568,3.34,1.071,0.628,0,0.663631
E00066,2025-01-01,BU10,IT,IC2,7.502,0.627,3.23,0.6,0.607,0,0.800967
E00067,2025-01-01,BU02,Clinical,M2,5.3,0.689,3.39,0.601,0.762,0,0.79472
E00068,2025-01-01,BU07,Clinical,M2,9.451,0.554,3.55,0.6,0.637,0,0.770461
E00069,2025-01-01,BU03,Admin,M2,1.654,0.572,3.28,0.6,0.575,0,0.756755
E00070,2025-01-01,BU10,Education,M1,9.235,0.566,3.47,0.6,0.722,0,0.782986
E00071,2025-01-01,BU02,Finance,IC2,1.205,0.605,3.48,0.937,0.548,0,0.62719
E00072,2025-01-01,BU07,Finance,IC2,7.488,0.626,3.54,1.129,0.527,0,0.564248
E00073,2025-01-01,BU02,Clinical,IC2,3.203,0.514,3.37,0.812,0.766,0,0.749055
E00074,2025-01-01,BU03,Operations,M1,4.657,0.505,3.93,0.6,0.558,0,0.655614
E00075,2025-01-01,BU07,Education,IC1,2.825,0.56,3.41,1.291,0.626,0,0.589345
E00076,2025-01-01,BU04,IT,IC2,3.499,0.616,2.94,0.772,0.491,0,0.806358
E00077,2025-01-01,BU01,Operations,IC1,6.152,0.748,3.3,0.6,0.735,0,0.691186
E00078,2025-01-01,BU05,Operations,IC2,9.12,0.656,3.13,0.6,0.517,0,0.738439
E00079,2025-01-01,BU09,Education,M1,6.897,0.506,3.27,0.6,0.613,0,0.787173
E00080,2025-01-01,BU08,Clinical,M1,3.061,0.639,3.23,0.895,0.726,0,0.729498
E00081,2025-01-01,BU09,Clinical,IC1,1.284,0.644,2.79,1.507,0.586,0,0.660823
E00082,2025-01-01,BU10,Clinical,M2,2.215,0.683,3.1,0.717,0.581,0,0.728579
E00083,2025-01-01,BU09,Clinical,IC3,2.215,0.644,3.0,0.727,0.719,0,0.794749
E00084,2025-01-01,BU07,Finance,IC1,10.086,0.466,3.17,1.247,0.546,0,0.711455
E00085,2025-01-01,BU04,Clinical,IC2,2.949,0.535,3.58,0.6,0.784,0,0.81185
E00086,2025-01-01,BU05,Finance,IC2,4.569,0.526,3.98,0.719,0.504,0,0.664518
E00087,2025-01-01,BU01,Finance,IC1,2.434,0.467,2.87,1.199,0.616,0,0.73743
E00088,2025-01-01,BU01,Clinical,M2,3.411,0.714,3.47,0.6,0.734,0,0.754188
E00089,2025-01-01,BU03,Admin,IC2,10.24,0.518,3.3,0.849,0.595,0,0.727887
E00090,2025-01-01,BU08,IT,M1,3.269,0.735,3.87,0.937,0.631,0,0.562741
E00091,2025-01-01,BU02,Operations,IC2,3.915,0.531,3.04,0.856,0.661,0,0.730732
E00092,2025-01-01,BU04,Finance,IC1,0.156,0.629,3.12,1.255,0.775,0,0.661782
E00093,2025-01-01,BU02,Education,IC2,8.181,0.528,3.52,0.6,0.593,0,0.739126
E00094,2025-01-01,BU05,Education,IC1,10.856,0.558,3.73,1.556,0.685,0,0.600748
E00095,2025-01-01,BU09,IT,IC2,3.671,0.711,3.49,0.649,0.81,0,0.725985
E00096,2025-01-01,BU01,Education,M1,8.663,0.675,3.05,0.6,0.723,0,0.751068
E00097,2025-01-01,BU05,Admin,IC2,8.528,0.542,2.93,0.705,0.519,0,0.829524
E00098,2025-01-01,BU09,Education,IC3,10.836,0.696,3.47,0.6,0.432,0,0.690008
E00099,2025-01-01,BU01,Operations,IC1,0.394,0.494,3.3,1.225,0.613,0,0.69585
E00100,2025-01-01,BU09,Operations,IC1,6.99,0.431,2.99,0.857,0.853,0,0.845767
E00101,2025-01-01,BU08,Finance,IC1,1.517,0.493,3.29,0.659,0.567,0,0.791922
E00102,2025-01-01,BU04,Clinical,IC3,4.728,0.646,3.52,0.6,0.747,0,0.732208
E00103,2025-01-01,BU10,Admin,IC1,2.001,0.602,3.73,1.397,0.618,0,0.537031
E00104,2025-01-01,BU05,Finance,IC2,2.448,0.682,3.6,0.757,0.577,0,0.686464
E00105,2025-01-01,BU05,Admin,IC3,4.32,0.598,3.39,0.6,0.454,0,0.701251
E00106,2025-01-01,BU06,Clinical,IC2,2.721,0.551,3.43,0.877,0.809,0,0.780678
E00107,2025-01-01,BU07,Education,IC1,3.715,0.427,3.86,0.637,0.649,0,0.706359
E00108,2025-01-01,BU08,Education,IC2,9.58,0.682,4.07,0.6,0.42,0,0.569625
E00109,2025-01-01,BU08,Clinical,M1,10.053,0.752,3.52,0.932,0.619,0,0.626414
E00110,2025-01-01,BU02,Finance,IC3,4.775,0.692,2.88,0.74,0.544,0,0.788531
E00111,2025-01-01,BU09,Clinical,IC2,4.033,0.607,3.34,0.767,0.818,0,0.800189
E00112,2025-01-01,BU07,IT,IC1,3.524,0.599,3.24,0.828,0.645,0,0.743963
E00113,2025-01-01,BU04,Operations,M2,6.467,0.663,3.45,0.707,0.696,0,0.764728
E00114,2025-01-01,BU04,Finance,IC3,8.148,0.42,3.45,1.6,0.619,0,0.567139
E00115,2025-01-01,BU08,Admin,IC2,3.242,0.518,3.57,0.86,0.488,0,0.660718
E00116,2025-01-01,BU04,IT,M1,5.216,0.646,3.27,0.6,0.533,0,0.776955
E00117,2025-01-01,BU06,Finance,IC2,0.83,0.391,2.45,0.747,0.462,0,0.860842
E00118,2025-01-01,BU05,Clinical,IC2,8.474,0.581,3.28,0.798,0.758,0,0.752521
E00119,2025-01-01,BU03,Clinical,IC3,10.806,0.57,3.26,0.6,0.785,0,0.811803
E00120,2025-01-01,BU10,Clinical,IC1,8.914,0.697,3.74,1.058,0.73,0,0.602627
E00121,2025-01-01,BU02,Clinical,M2,6.015,0.632,4.26,0.6,0.686,0,0.641787
E00122,2025-01-01,BU09,Admin,IC3,8.203,0.634,2.86,0.953,0.554,0,0.706953
E00123,2025-01-01,BU10,IT,IC3,10.705,0.637,3.49,0.983,0.545,0,0.615031
E00124,2025-01-01,BU09,Education,IC1,6.078,0.567,3.6,0.985,0.475,0,0.582078
E00125,2025-01-01,BU01,Operations,IC1,1.413,0.554,3.46,1.542,0.668,0,0.55718
E00126,2025-01-01,BU10,Admin,IC2,4.266,0.526,3.59,1.46,0.483,0,0.528828
E00127,2025-01-01,BU03,Admin,M1,4.476,0.55,3.53,0.6,0.478,0,0.710327
E00128,2025-01-01,BU08,Education,IC2,0.931,0.413,2.9,0.917,0.469,0,0.789727
E00129,2025-01-01,BU06,Education,IC2,2.828,0.522,3.3,0.6,0.55,0,0.75226
E00130,2025-01-01,BU05,Operations,IC3,1.035,0.484,3.65,0.6,0.635,0,0.744725
E00131,2025-01-01,BU05,Operations,IC1,1.309,0.481,2.6,0.605,0.569,0,0.855538
E00132,2025-01-01,BU06,Education,IC3,8.06,0.513,2.94,0.6,0.564,0,0.850071
E00133,2025-01-01,BU07,Clinical,IC1,4.983,0.567,3.62,0.622,0.743,0,0.718453
E00134,2025-01-01,BU01,Admin,M2,10.322,0.482,2.51,0.6,0.528,0,0.78007
E00135,2025-01-01,BU09,Finance,IC2,7.406,0.661,3.28,0.62,0.532,0,0.795245
E00136,2025-01-01,BU03,Operations,IC1,7.981,0.671,3.59,1.379,0.798,0,0.58204
E00137,2025-01-01,BU04,Operations,IC2,6.527,0.475,3.96,0.711,0.63,0,0.687192
E00138,2025-01-01,BU10,Education,IC2,4.632,0.696,4.02,0.6,0.721,0,0.665506
E00139,2025-01-01,BU01,IT,M1,4.517,0.514,2.82,0.6,0.585,0,0.917995
E00140,2025-01-01,BU10,Finance,IC3,0.216,0.437,3.55,0.701,0.523,0,0.728543
E00141,2025-01-01,BU03,Finance,IC3,7.058,0.501,3.71,0.6,0.71,0,0.725593
E00142,2025-01-01,BU02,Operations,IC1,4.641,0.541,3.05,0.902,0.618,0,0.789586
E00143,2025-01-01,BU02,Clinical,IC1,0.517,0.546,3.67,0.688,0.647,0,0.755462
E00144,2025-01-01,BU01,IT,IC1,8.638,0.524,3.37,0.981,0.44,0,0.663397
E00145,2025-01-01,BU08,Finance,IC3,5.15,0.75,2.97,1.553,0.425,0,0.440887
E00146,2025-01-01,BU03,Operations,M1,9.04,0.581,3.53,0.6,0.642,0,0.803797
E00147,2025-01-01,BU03,Finance,IC2,1.607,0.51,3.05,0.689,0.545,0,0.752372
E00148,2025-01-01,BU06,IT,IC1,2.754,0.678,3.18,0.758,0.54,0,0.724281
E00149,2025-01-01,BU08,IT,IC3,6.801,0.709,3.62,0.6,0.736,0,0.699499
E00150,2025-01-01,BU09,Admin,M1,5.821,0.507,3.97,0.693,0.458,0,0.649931
E00151,2025-01-01,BU09,Education,IC3,7.68,0.564,3.31,0.744,0.769,0,0.788752
E00152,2025-01-01,BU04,Education,M1,0.307,0.493,3.15,0.698,0.785,0,0.844131
E00153,2025-01-01,BU05,Operations,IC2,1.886,0.561,3.27,0.778,0.657,0,0.758958
E00154,2025-01-01,BU02,IT,IC1,4.304,0.468,3.39,0.6,0.62,0,0.827594
E00155,2025-01-01,BU09,Admin,M1,2.992,0.607,3.5,0.6,0.612,0,0.686752
E00156,2025-01-01,BU08,Admin,IC3,4.961,0.652,3.91,0.85,0.414,0,0.571186
E00157,2025-01-01,BU03,Finance,IC2,10.664,0.642,3.35,0.718,0.55,0,0.72399
E00158,2025-01-01,BU09,Finance,IC3,10.576,0.603,3.09,0.995,0.515,0,0.711539
E00159,2025-01-01,BU03,Admin,M1,2.524,0.571,3.2,0.6,0.567,0,0.736826
E00160,2025-01-01,BU09,Finance,IC3,0.827,0.675,3.94,0.6,0.593,0,0.587063
E00161,2025-01-01,BU02,IT,IC3,2.486,0.551,3.64,0.6,0.563,0,0.747618
E00162,2025-01-01,BU10,Clinical,IC2,7.31,0.579,3.58,0.897,0.707,0,0.686662
E00163,2025-01-01,BU09,IT,IC2,2.125,0.539,3.46,0.904,0.574,0,0.749724
E00164,2025-01-01,BU08,Admin,IC2,8.011,0.616,3.98,0.978,0.445,0,0.574402
E00165,2025-01-01,BU09,Admin,M1,4.183,0.423,3.69,0.6,0.631,0,0.809486
E00166,2025-01-01,BU05,IT,M1,5.399,0.735,3.34,0.6,0.503,0,0.765097
E00167,2025-01-01,BU02,Finance,M1,3.529,0.549,3.51,0.6,0.526,0,0.722385
E00168,2025-01-01,BU08,Finance,IC1,0.036,0.573,3.71,1.525,0.582,0,0.490605
E00169,2025-01-01,BU06,Education,IC3,2.385,0.524,3.08,0.6,0.681,0,0.805929
E00170,2025-01-01,BU08,Admin,M1,6.067,0.474,3.55,0.701,0.531,0,0.762843
E00171,2025-01-01,BU05,Operations,IC3,10.65,0.557,2.93,0.693,0.554,0,0.751905
E00172,2025-01-01,BU10,Education,M1,8.361,0.565,3.81,0.654,0.373,0,0.690036
E00173,2025-01-01,BU02,Finance,M1,1.227,0.455,3.26,0.968,0.608,0,0.808401
E00174,2025-01-01,BU06,IT,IC2,3.025,0.669,3.6,1.308,0.588,0,0.510358
E00175,2025-01-01,BU05,Finance,IC2,0.753,0.519,3.38,0.6,0.482,0,0.750642
E00176,2025-01-01,BU05,IT,IC1,5.218,0.595,3.12,0.6,0.58,0,0.785339
E00177,2025-01-01,BU01,Education,IC2,3.409,0.468,3.4,0.6,0.712,0,0.791404
E00178,2025-01-01,BU02,Admin,IC3,2.198,0.595,3.0,0.628,0.49,0,0.786563
E00179,2025-01-01,BU08,Finance,M1,7.017,0.601,4.01,0.6,0.551,0,0.694963
E00180,2025-01-01,BU03,IT,IC1,10.88,0.681,3.4,1.6,0.791,0,0.547732
E00181,2025-01-01,BU10,Admin,IC1,10.078,0.696,3.69,1.029,0.464,0,0.500291
E00182,2025-01-01,BU03,Operations,IC3,1.029,0.531,3.02,0.79,0.512,0,0.792696
E00183,2025-01-01,BU08,IT,IC1,7.611,0.655,3.35,1.042,0.571,0,0.703284
E00184,2025-01-01,BU08,Education,IC1,4.268,0.521,3.71,0.766,0.586,0,0.643142
E00185,2025-01-01,BU02,Operations,IC1,9.755,0.644,3.62,0.6,0.542,0,0.723183
E00186,2025-01-01,BU08,Operations,IC1,8.11,0.58,2.47,0.905,0.615,0,0.814756
E00187,2025-01-01,BU01,Clinical,IC1,10.527,0.508,2.93,1.6,0.606,0,0.664474
E00188,2025-01-01,BU06,Finance,IC2,6.951,0.628,3.45,0.6,0.638,0,0.747948
E00189,2025-01-01,BU08,IT,IC2,10.316,0.576,3.73,0.6,0.579,0,0.695236
E00190,2025-01-01,BU03,Operations,M1,3.962,0.643,3.58,1.074,0.648,0,0.609416
E00191,2025-01-01,BU08,Clinical,IC2,10.617,0.691,3.65,1.013,0.635,0,0.606505
E00192,2025-01-01,BU01,Education,IC3,0.715,0.529,3.31,0.7,0.744,0,0.7684
E00193,2025-01-01,BU09,Admin,IC1,10.064,0.613,3.38,1.474,0.62,0,0.513234
E00194,2025-01-01,BU09,IT,IC1,9.785,0.641,3.53,0.683,0.661,0,0.666404
E00195,2025-01-01,BU05,Operations,IC3,9.566,0.723,3.22,0.611,0.462,0,0.712552
E00196,2025-01-01,BU10,Finance,IC1,5.892,0.717,3.18,1.251,0.654,0,0.58352
E00197,2025-01-01,BU04,Clinical,IC2,4.786,0.609,3.75,1.553,0.779,0,0.501262
E00198,2025-01-01,BU06,Operations,IC3,6.606,0.725,2.51,0.6,0.627,0,0.844434
E00199,2025-01-01,BU07,Finance,IC3,10.281,0.45,3.39,1.002,0.555,0,0.729254
E00200,2025-01-01,BU05,Operations,IC1,10.847,0.576,3.57,1.073,0.756,0,0.65569
E00201,2025-01-01,BU10,IT,IC2,8.23,0.614,3.84,0.704,0.474,0,0.632762
E00202,2025-01-01,BU09,IT,IC3,9.415,0.694,3.32,0.6,0.698,0,0.793009
E00203,2025-01-01,BU03,IT,IC1,6.864,0.532,2.96,0.6,0.543,0,0.818478
E00204,2025-01-01,BU07,Education,IC3,1.103,0.639,2.42,0.888,0.505,0,0.815333
E00205,2025-01-01,BU10,Education,IC3,5.604,0.617,3.28,0.6,0.634,0,0.76717
E00206,2025-01-01,BU10,Clinical,M2,4.476,0.557,3.95,0.6,0.726,0,0.699696
E00207,2025-01-01,BU05,IT,IC1,7.406,0.749,3.66,1.251,0.656,0,0.440177
E00208,2025-01-01,BU07,Finance,M1,4.999,0.541,3.91,0.693,0.478,0,0.617884
E00209,2025-01-01,BU02,Operations,IC2,0.569,0.357,3.32,0.708,0.597,0,0.808982
E00210,2025-01-01,BU04,Admin,IC2,3.953,0.666,3.16,1.15,0.504,0,0.605976
E00211,2025-01-01,BU02,Finance,IC1,0.846,0.649,2.92,1.476,0.597,0,0.618295
E00212,2025-01-01,BU07,Education,IC3,10.998,0.504,3.76,1.005,0.645,0,0.663533
E00213,2025-01-01,BU02,Education,IC1,5.098,0.536,3.25,0.674,0.6,0,0.768985
E00214,2025-01-01,BU01,Finance,IC2,3.628,0.56,3.57,1.013,0.604,0,0.652985
E00215,2025-01-01,BU09,Education,IC1,6.226,0.549,3.43,0.909,0.49,0,0.702369
E00216,2025-01-01,BU01,IT,M1,7.264,0.701,3.16,0.906,0.616,0,0.689219
E00217,2025-01-01,BU08,Clinical,M1,9.558,0.535,3.44,0.6,0.758,0,0.768526
E00218,2025-01-01,BU02,Operations,IC3,5.098,0.66,2.64,0.6,0.78,0,0.843504
E00219,2025-01-01,BU08,Clinical,IC2,5.12,0.503,3.15,0.67,0.694,0,0.820846
E00220,2025-01-01,BU03,Operations,IC1,0.945,0.653,3.42,0.95,0.821,0,0.753916
E00221,2025-01-01,BU06,Operations,IC3,10.938,0.645,3.05,0.745,0.78,0,0.781063
E00222,2025-01-01,BU03,Clinical,IC2,2.85,0.593,3.6,0.871,0.844,0,0.725985
E00223,2025-01-01,BU07,Finance,IC1,0.318,0.618,3.26,1.034,0.677,0,0.73239
E00224,2025-01-01,BU10,Operations,IC3,5.788,0.607,3.59,0.798,0.719,0,0.683892
E00225,2025-01-01,BU09,Clinical,M2,8.988,0.569,3.01,0.6,0.707,0,0.827373
E00226,2025-01-01,BU02,Operations,IC3,7.617,0.648,3.33,0.6,0.495,0,0.724768
E00227,2025-01-01,BU05,Admin,IC3,0.441,0.468,3.06,0.6,0.358,0,0.843112
E00228,2025-01-01,BU06,Finance,M2,7.587,0.606,3.25,0.607,0.638,0,0.783762
E00229,2025-01-01,BU04,IT,IC1,8.041,0.496,3.14,1.034,0.53,0,0.772392
E00230,2025-01-01,BU04,Operations,IC3,1.974,0.582,2.56,0.6,0.643,0,0.898346
E00231,2025-01-01,BU04,Admin,M2,8.613,0.576,3.17,0.647,0.416,0,0.71632
E00232,2025-01-01,BU02,IT,IC1,8.602,0.565,3.63,1.6,0.601,0,0.482918
E00233,2025-01-01,BU04,IT,IC3,7.513,0.541,3.98,0.6,0.479,0,0.627381
E00234,2025-01-01,BU01,Operations,IC3,4.791,0.511,3.06,0.713,0.603,0,0.899691
E00235,2025-01-01,BU06,Clinical,IC3,7.617,0.671,3.88,0.6,0.822,0,0.708186
E00236,2025-01-01,BU01,Operations,IC3,2.461,0.642,3.33,0.716,0.601,0,0.707811
E00237,2025-01-01,BU10,Admin,M1,10.656,0.622,4.29,0.6,0.519,0,0.604997
E00238,2025-01-01,BU06,IT,M1,3.628,0.566,3.18,0.6,0.627,0,0.788461
E00239,2025-01-01,BU01,Operations,IC1,4.619,0.489,2.97,1.277,0.586,0,0.730773
E00240,2025-01-01,BU06,Clinical,M1,9.232,0.558,3.33,0.774,0.769,0,0.774237
E00241,2025-01-01,BU10,Operations,IC1,3.209,0.514,3.64,1.073,0.75,0,0.654199
E00242,2025-01-01,BU08,Finance,IC2,10.787,0.649,3.29,0.661,0.53,0,0.754384
E00243,2025-01-01,BU02,Clinical,IC2,0.945,0.552,3.47,0.6,0.571,0,0.697688
E00244,2025-01-01,BU02,Admin,IC2,2.615,0.705,3.39,0.6,0.382,0,0.665392
E00245,2025-01-01,BU04,IT,IC2,2.261,0.57,3.7,0.606,0.416,0,0.68566
E00246,2025-01-01,BU03,Operations,M2,9.982,0.643,2.84,0.6,0.811,0,0.852308
E00247,2025-01-01,BU04,Clinical,IC3,4.794,0.62,3.69,0.704,0.76,0,0.6754
E00248,2025-01-01,BU07,Finance,IC3,1.739,0.594,3.55,0.6,0.643,0,0.71205
E00249,2025-01-01,BU01,Clinical,IC1,9.002,0.651,3.33,1.041,0.648,0,0.668776
E00250,2025-01-01,BU06,Education,M1,4.969,0.528,3.27,0.764,0.429,0,0.723921
E00251,2025-01-01,BU03,Finance,M1,1.361,0.628,3.21,0.6,0.476,0,0.689527
E00252,2025-01-01,BU10,Admin,M1,2.867,0.601,3.41,0.6,0.622,0,0.732631
E00253,2025-01-01,BU07,IT,IC1,7.014,0.544,3.12,0.706,0.575,0,0.795213
E00254,2025-01-01,BU10,Admin,IC1,10.357,0.606,3.37,1.141,0.553,0,0.664188
E00255,2025-01-01,BU02,Operations,IC1,9.457,0.517,3.56,1.212,0.557,0,0.642696
E00256,2025-01-01,BU02,Clinical,IC1,10.209,0.626,3.25,1.176,0.803,0,0.689502
E00257,2025-01-01,BU04,Education,IC2,6.22,0.437,3.65,1.225,0.643,0,0.636784
E00258,2025-01-01,BU01,Finance,M1,6.875,0.515,3.5,0.6,0.515,0,0.717273
E00259,2025-01-01,BU03,Finance,IC2,0.567,0.581,3.27,1.519,0.536,0,0.552008
E00260,2025-01-01,BU09,Clinical,IC1,4.537,0.765,3.76,1.217,0.738,0,0.532428
E00261,2025-01-01,BU07,Education,IC2,2.793,0.548,3.25,0.6,0.588,0,0.812269
E00262,2025-01-01,BU07,Clinical,IC1,2.168,0.633,3.8,1.6,0.671,0,0.457861
E00263,2025-01-01,BU04,Operations,IC1,8.882,0.636,2.46,0.698,0.388,0,0.779351
E00264,2025-01-01,BU02,Admin,IC2,8.036,0.531,2.39,0.6,0.611,0,0.844412
E00265,2025-01-01,BU04,Finance,IC2,8.964,0.593,2.86,0.933,0.523,0,0.721059
E00266,2025-01-01,BU06,Operations,M1,7.54,0.694,3.72,0.6,0.751,0,0.708475
E00267,2025-01-01,BU03,Admin,M2,3.083,0.55,3.81,0.6,0.484,0,0.692296
E00268,2025-01-01,BU01,Operations,IC2,5.615,0.506,3.69,1.338,0.705,0,0.578772
E00269,2025-01-01,BU08,Education,IC2,3.094,0.605,3.53,0.949,0.528,0,0.658452
E00270,2025-01-01,BU05,Finance,M1,10.292,0.68,3.02,0.667,0.426,0,0.76901
E00271,2025-01-01,BU05,Clinical,IC2,3.953,0.512,3.38,0.6,0.9,0,0.815133
E00272,2025-01-01,BU04,Clinical,IC1,7.491,0.479,2.94,0.6,0.537,0,0.795767
E00273,2025-01-01,BU06,Admin,M1,0.621,0.59,3.5,0.719,0.457,0,0.673451
E00274,2025-01-01,BU03,IT,IC1,10.664,0.757,2.88,1.337,0.567,0,0.55365
E00275,2025-01-01,BU09,Education,IC3,3.915,0.659,4.01,0.898,0.693,0,0.589008
E00276,2025-01-01,BU05,Admin,IC3,7.149,0.47,3.31,0.631,0.506,0,0.804425
E00277,2025-01-01,BU03,IT,IC2,5.78,0.556,2.95,0.6,0.616,0,0.857371
E00278,2025-01-01,BU01,Operations,IC2,3.488,0.48,2.85,1.6,0.657,0,0.685514
E00279,2025-01-01,BU10,Education,M1,7.581,0.63,3.41,0.655,0.575,0,0.718753
E00280,2025-01-01,BU06,Operations,IC1,8.06,0.699,3.36,0.846,0.607,0,0.642505
E00281,2025-01-01,BU02,Finance,IC1,2.891,0.644,3.27,0.875,0.591,0,0.662028
E00282,2025-01-01,BU03,Education,IC3,8.537,0.504,3.61,0.683,0.536,0,0.674654
E00283,2025-01-01,BU01,IT,IC2,2.88,0.454,3.07,1.031,0.508,0,0.763625
E00284,2025-01-01,BU09,Finance,IC1,9.914,0.63,3.25,0.977,0.726,0,0.686041
E00285,2025-01-01,BU08,Clinical,M1,9.843,0.701,3.35,0.7,0.697,0,0.710298
E00286,2025-01-01,BU02,IT,IC2,9.169,0.454,3.5,0.782,0.247,0,0.645219
E00287,2025-01-01,BU08,Admin,M1,5.78,0.587,3.37,0.6,0.597,0,0.769627
E00288,2025-01-01,BU09,Clinical,M1,8.857,0.632,3.68,0.652,0.698,0,0.716021
E00289,2025-01-01,BU01,Clinical,IC3,2.68,0.706,4.07,0.802,0.492,0,0.52297
E00290,2025-01-01,BU05,Admin,IC2,7.288,0.77,3.57,0.745,0.489,0,0.576544
E00291,2025-01-01,BU08,Education,M2,10.571,0.662,2.76,0.6,0.462,0,0.766962
E00292,2025-01-01,BU02,Clinical,IC1,7.981,0.571,3.62,0.983,0.715,0,0.725493
E00293,2025-01-01,BU04,IT,IC3,10.42,0.605,3.58,0.636,0.774,0,0.791207
E00294,2025-01-01,BU07,Finance,IC1,6.021,0.607,3.94,0.716,0.541,0,0.636509
E00295,2025-01-01,BU03,Clinical,IC2,7.444,0.565,3.12,0.623,0.853,0,0.841271
E00296,2025-01-01,BU05,IT,IC2,3.247,0.382,3.1,0.867,0.353,0,0.739217
E00297,2025-01-01,BU08,Operations,M2,3.775,0.562,2.99,0.6,0.61,0,0.826014
E00298,2025-01-01,BU10,IT,M2,4.942,0.439,3.73,0.6,0.628,0,0.759775
E00299,2025-01-01,BU03,Finance,IC1,8.6,0.431,3.47,0.76,0.579,0,0.78548
E00300,2025-01-01,BU04,IT,IC1,10.735,0.569,3.75,0.721,0.471,0,0.630275
E00301,2025-01-01,BU09,Admin,IC3,10.196,0.746,3.75,0.797,0.518,0,0.539098
E00302,2025-01-01,BU07,Finance,IC2,0.353,0.589,3.93,0.6,0.55,0,0.693624
E00303,2025-01-01,BU01,Education,IC1,8.964,0.558,3.0,1.6,0.29,0,0.520979
E00304,2025-01-01,BU04,Operations,IC3,5.243,0.37,3.03,0.6,0.632,0,0.896976
E00305,2025-01-01,BU04,Admin,IC2,4.997,0.601,3.48,0.6,0.378,0,0.682028
E00306,2025-01-01,BU09,Education,M2,5.038,0.636,3.23,0.6,0.672,0,0.740506
E00307,2025-01-01,BU06,IT,IC1,5.755,0.504,3.21,0.922,0.377,0,0.653937
E00308,2025-01-01,BU09,Finance,IC2,5.347,0.617,3.41,1.137,0.6,0,0.629057
E00309,2025-01-01,BU06,Operations,IC2,8.632,0.558,3.54,0.821,0.803,0,0.733756
E00310,2025-01-01,BU06,Admin,M1,5.897,0.588,3.75,0.6,0.592,0,0.726978
E00311,2025-01-01,BU05,Education,IC2,3.584,0.448,2.99,0.657,0.777,0,0.864357
E00312,2025-01-01,BU05,Education,IC3,0.665,0.684,2.49,0.746,0.566,0,0.801579
E00313,2025-01-01,BU02,Operations,IC1,0.854,0.636,3.2,0.6,0.668,0,0.771934
E00314,2025-01-01,BU08,IT,M1,9.133,0.587,3.11,0.833,0.324,0,0.669096
E00315,2025-01-01,BU08,Operations,IC2,6.105,0.452,3.9,0.6,0.634,0,0.738911
E00316,2025-01-01,BU01,Education,IC1,10.133,0.574,3.36,1.504,0.673,0,0.635141
E00317,2025-01-01,BU08,Clinical,IC3,10.812,0.753,3.24,0.764,0.719,0,0.724535
E00318,2025-01-01,BU05,Admin,IC1,6.294,0.516,3.35,1.145,0.437,0,0.678133
E00319,2025-01-01,BU02,Operations,IC1,8.496,0.603,4.01,1.338,0.669,0,0.509883
E00320,2025-01-01,BU02,Education,M1,7.452,0.52,2.68,0.665,0.585,0,0.797694
E00321,2025-01-01,BU06,IT,IC2,8.156,0.547,3.7,0.879,0.475,0,0.687995
E00322,2025-01-01,BU09,Education,IC3,10.53,0.76,3.88,0.6,0.654,0,0.697119
E00323,2025-01-01,BU01,IT,IC2,10.366,0.606,2.93,0.815,0.65,0,0.740404
E00324,2025-01-01,BU06,Operations,M1,6.719,0.634,3.19,0.6,0.6,0,0.794319
E00325,2025-01-01,BU09,IT,IC1,5.361,0.753,4.15,0.787,0.586,0,0.521395
E00326,2025-01-01,BU08,Finance,IC2,8.712,0.698,3.49,1.515,0.701,0,0.469027
E00327,2025-01-01,BU06,Finance,M2,2.374,0.67,3.62,0.6,0.419,0,0.654402
E00328,2025-01-01,BU03,Finance,M1,6.319,0.493,3.1,0.6,0.561,0,0.832256
E00329,2025-01-01,BU08,Clinical,IC2,3.814,0.574,3.57,0.826,0.811,0,0.72871
E00330,2025-01-01,BU09,Operations,IC2,10.823,0.648,2.59,0.717,0.599,0,0.867281
E00331,2025-01-01,BU01,Education,M1,6.168,0.843,2.93,0.718,0.587,0,0.710748
E00332,2025-01-01,BU09,Education,IC2,8.857,0.573,3.7,0.969,0.693,0,0.678659
E00333,2025-01-01,BU06,Clinical,M1,10.198,0.423,3.53,0.6,0.679,0,0.829119
E00334,2025-01-01,BU06,IT,M1,7.789,0.778,2.26,0.6,0.492,0,0.80323
E00335,2025-01-01,BU04,Clinical,IC1,6.798,0.538,3.4,0.637,0.7,0,0.802559
E00336,2025-01-01,BU01,IT,IC1,4.621,0.536,2.73,1.235,0.515,0,0.722559
E00337,2025-01-01,BU10,IT,IC3,10.664,0.511,3.4,0.645,0.494,0,0.779513
E00338,2025-01-01,BU08,Admin,IC1,8.843,0.6,3.36,0.895,0.417,0,0.672473
E00339,2025-01-01,BU02,Education,IC2,9.04,0.522,3.68,0.953,0.349,0,0.622743
E00340,2025-01-01,BU01,Finance,M2,2.251,0.499,2.77,0.6,0.471,0,0.834202
E00341,2025-01-01,BU02,IT,IC3,1.588,0.605,4.0,0.845,0.54,0,0.543283
E00342,2025-01-01,BU01,Admin,M1,5.634,0.646,3.16,0.6,0.534,0,0.735163
E00343,2025-01-01,BU01,Education,IC3,1.577,0.608,3.8,1.05,0.565,0,0.545762
E00344,2025-01-01,BU09,Finance,IC3,8.95,0.657,3.6,0.6,0.817,0,0.714291
E00345,2025-01-01,BU01,IT,IC1,3.644,0.647,3.13,0.6,0.629,0,0.822164
E00346,2025-01-01,BU04,IT,IC2,3.31,0.36,3.86,0.647,0.51,0,0.745828
E00347,2025-01-01,BU10,Clinical,IC2,9.084,0.645,3.12,0.645,0.622,0,0.768589
E00348,2025-01-01,BU06,Clinical,IC2,5.248,0.639,3.81,0.67,0.704,0,0.704172
E00349,2025-01-01,BU07,Education,M1,4.857,0.457,3.28,0.6,0.683,0,0.802327
E00350,2025-01-01,BU02,Finance,IC2,9.941,0.571,3.75,1.169,0.532,0,0.580258
E00351,2025-01-01,BU06,IT,IC2,0.222,0.489,3.15,0.773,0.391,0,0.770244
E00352,2025-01-01,BU07,Education,IC2,1.117,0.504,2.59,0.6,0.691,0,0.872787
E00353,2025-01-01,BU10,Education,IC1,9.325,0.6,3.7,0.608,0.469,0,0.626216
E00354,2025-01-01,BU10,Operations,IC2,1.243,0.595,3.01,0.6,0.653,0,0.832524
E00355,2025-01-01,BU02,Clinical,IC1,10.322,0.571,3.47,0.6,0.749,0,0.787193
E00356,2025-01-01,BU02,Finance,IC1,3.313,0.636,3.41,0.775,0.444,0,0.676552
E00357,2025-01-01,BU10,IT,IC1,10.585,0.467,3.1,1.464,0.676,0,0.739361
E00358,2025-01-01,BU07,Education,IC2,2.366,0.482,3.74,0.6,0.482,0,0.663635
E00359,2025-01-01,BU01,IT,M1,0.137,0.215,3.43,0.607,0.595,0,0.901785
E00360,2025-01-01,BU08,Operations,IC2,5.996,0.619,3.58,0.6,0.596,0,0.746064
E00361,2025-01-01,BU03,Finance,IC2,4.2,0.479,3.63,1.403,0.566,0,0.559459
E00362,2025-01-01,BU06,Education,IC3,1.687,0.453,3.27,1.205,0.934,0,0.81398
E00363,2025-01-01,BU09,IT,IC1,4.945,0.647,3.08,1.104,0.462,0,0.632978
E00364,2025-01-01,BU06,Clinical,M1,1.391,0.724,3.82,1.005,0.606,0,0.579581
E00365,2025-01-01,BU09,Operations,IC2,8.939,0.504,3.23,0.887,0.774,0,0.741204
E00366,2025-01-01,BU07,Finance,IC2,9.796,0.6,3.27,0.994,0.533,1,0.769093
E00367,2025-01-01,BU09,Operations,IC3,2.73,0.534,3.01,0.975,0.619,0,0.749861
E00368,2025-01-01,BU02,Clinical,IC1,3.357,0.456,3.27,1.046,0.649,1,0.849258
E00369,2025-01-01,BU08,Finance,IC3,1.517,0.524,3.61,0.6,0.758,0,0.780826
E00370,2025-01-01,BU08,Operations,IC2,4.216,0.612,3.41,1.019,0.803,0,0.680345
E00371,2025-01-01,BU02,Admin,M1,2.026,0.579,3.74,0.6,0.449,0,0.670093
E00372,2025-01-01,BU04,Clinical,IC1,7.461,0.53,3.53,0.823,0.818,0,0.723777
E00373,2025-01-01,BU07,Clinical,IC2,7.373,0.591,3.53,0.832,0.469,0,0.694684
E00374,2025-01-01,BU04,Clinical,IC3,10.867,0.576,3.43,0.772,0.627,0,0.714368
E00375,2025-01-01,BU04,Admin,IC1,3.209,0.701,3.32,1.022,0.608,0,0.688124
E00376,2025-01-01,BU06,Admin,IC2,8.131,0.654,3.48,0.861,0.419,0,0.57918
E00377,2025-01-01,BU10,IT,IC3,4.397,0.632,3.37,0.6,0.623,0,0.74425
E00378,2025-01-01,BU06,Education,M1,9.821,0.616,3.75,0.6,0.577,0,0.646209
E00379,2025-01-01,BU10,Operations,IC2,9.503,0.59,3.43,0.918,0.621,0,0.684227
E00380,2025-01-01,BU03,IT,M1,4.805,0.665,3.37,0.93,0.509,0,0.657894
E00381,2025-01-01,BU09,Operations,M2,5.44,0.605,4.14,0.99,0.6,0,0.529414
E00382,2025-01-01,BU10,Education,M1,8.151,0.596,3.41,0.623,0.64,0,0.722238
E00383,2025-01-01,BU02,Admin,IC1,2.064,0.625,3.07,1.228,0.479,0,0.676873
E00384,2025-01-01,BU06,Education,IC3,1.859,0.611,3.56,1.223,0.671,0,0.614143
E00385,2025-01-01,BU07,Admin,IC2,5.196,0.562,3.1,0.632,0.505,0,0.76669
E00386,2025-01-01,BU09,Education,M2,1.561,0.534,3.42,0.6,0.618,0,0.806067
E00387,2025-01-01,BU03,IT,IC2,1.804,0.544,3.78,0.969,0.739,1,0.728005
E00388,2025-01-01,BU10,Finance,IC1,5.832,0.438,3.38,1.517,0.508,0,0.56685
E00389,2025-01-01,BU03,IT,IC3,10.267,0.679,3.25,0.6,0.446,0,0.739674
E00390,2025-01-01,BU07,Operations,IC2,7.436,0.491,3.2,0.6,0.756,0,0.796185
E00391,2025-01-01,BU04,IT,M2,1.64,0.429,3.25,0.6,0.55,0,0.829415
E00392,2025-01-01,BU08,Clinical,M2,5.084,0.703,3.92,0.6,0.821,0,0.710496
E00393,2025-01-01,BU07,Operations,IC3,5.194,0.567,3.74,0.862,0.72,0,0.673079
E00394,2025-01-01,BU05,Education,IC1,0.493,0.591,4.02,1.138,0.64,0,0.52658
E00395,2025-01-01,BU07,Operations,IC3,6.308,0.631,3.19,0.61,0.674,0,0.779063
E00396,2025-01-01,BU03,Finance,IC1,10.987,0.717,3.62,1.032,0.626,0,0.589403
E00397,2025-01-01,BU02,Admin,IC1,3.458,0.586,3.43,0.998,0.513,0,0.658869
E00398,2025-01-01,BU06,Education,M1,6.533,0.624,3.64,0.982,0.698,0,0.612012
E00399,2025-01-01,BU02,Operations,IC1,6.229,0.605,2.99,0.949,0.701,0,0.735835
E00400,2025-01-01,BU03,Education,IC2,4.077,0.506,3.11,0.657,0.465,0,0.837975
E00401,2025-01-01,BU06,Education,M2,7.313,0.492,3.78,0.6,0.683,0,0.732815
E00402,2025-01-01,BU05,Education,IC2,5.988,0.598,3.65,0.85,0.626,0,0.61724
E00403,2025-01-01,BU08,Admin,IC2,7.751,0.709,3.14,0.6,0.587,0,0.706794
E00404,2025-01-01,BU09,IT,M1,8.29,0.556,3.59,0.6,0.57,0,0.73334
E00405,2025-01-01,BU03,Education,IC1,4.742,0.627,3.52,0.92,0.697,0,0.732051
E00406,2025-01-01,BU10,Clinical,M1,3.187,0.628,3.22,0.6,0.708,0,0.805687
E00407,2025-01-01,BU03,Finance,M2,7.825,0.574,3.01,0.6,0.583,0,0.832712
E00408,2025-01-01,BU03,Admin,M1,9.268,0.66,3.26,0.6,0.429,0,0.739939
E00409,2025-01-01,BU06,Operations,IC3,1.886,0.552,3.51,0.773,0.506,0,0.687897
E00410,2025-01-01,BU01,Admin,IC2,8.693,0.715,3.07,0.722,0.478,0,0.709949
E00411,2025-01-01,BU07,Operations,IC2,10.533,0.612,3.38,0.81,0.66,0,0.659518
E00412,2025-01-01,BU01,Admin,M1,3.89,0.616,3.68,0.632,0.586,0,0.725239
E00413,2025-01-01,BU05,Operations,M1,8.361,0.504,2.87,0.6,0.64,0,0.840712
E00414,2025-01-01,BU10,Education,IC2,1.366,0.617,3.36,0.736,0.442,0,0.72
E00415,2025-01-01,BU08,IT,IC1,4.931,0.665,3.76,1.6,0.709,0,0.481469
E00416,2025-01-01,BU04,Operations,IC1,1.021,0.511,3.16,0.6,0.602,0,0.845158
E00417,2025-01-01,BU05,Operations,IC1,6.825,0.678,3.32,0.913,0.677,0,0.686006
E00418,2025-01-01,BU04,Clinical,IC3,1.183,0.501,2.75,0.941,0.692,0,0.787275
E00419,2025-01-01,BU04,Operations,IC2,6.316,0.63,3.35,0.809,0.742,0,0.719728
E00420,2025-01-01,BU08,Clinical,M1,4.668,0.623,3.59,0.666,0.693,0,0.709969
E00421,2025-01-01,BU02,Finance,IC3,2.557,0.531,3.01,0.6,0.743,0,0.88924
E00422,2025-01-01,BU01,Education,IC1,6.721,0.564,3.22,1.139,0.532,0,0.708003
E00423,2025-01-01,BU03,Clinical,IC3,10.188,0.655,3.23,0.6,0.822,0,0.794007
E00424,2025-01-01,BU09,IT,IC2,1.862,0.559,4.05,0.845,0.598,0,0.640182
E00425,2025-01-01,BU04,Education,IC3,1.153,0.571,3.5,0.626,0.656,0,0.716665
E00426,2025-01-01,BU10,Clinical,IC3,10.396,0.734,3.26,1.423,0.783,0,0.638745
E00427,2025-01-01,BU05,Education,M1,9.136,0.386,3.1,0.618,0.732,0,0.941138
E00428,2025-01-01,BU02,Education,M1,5.544,0.537,2.99,0.6,0.533,0,0.822709
E00429,2025-01-01,BU04,Education,IC2,2.604,0.647,2.8,0.6,0.41,0,0.752766
E00430,2025-01-01,BU02,Finance,IC1,3.28,0.607,3.3,1.028,0.506,0,0.667968
E00431,2025-01-01,BU02,IT,IC3,6.927,0.627,3.4,0.826,0.583,0,0.706461
E00432,2025-01-01,BU04,Admin,IC1,10.604,0.614,3.04,0.846,0.493,0,0.693704
E00433,2025-01-01,BU06,Admin,IC2,4.55,0.434,3.92,0.661,0.345,0,0.620297
E00434,2025-01-01,BU07,Clinical,IC1,6.669,0.556,2.76,0.8,0.718,0,0.83575
E00435,2025-01-01,BU10,Education,IC3,5.514,0.552,3.72,0.699,0.657,0,0.769254
E00436,2025-01-01,BU03,Clinical,IC1,4.528,0.525,2.45,1.173,0.652,0,0.869653
E00437,2025-01-01,BU03,Finance,IC3,8.476,0.65,2.86,1.058,0.661,0,0.740464
E00438,2025-01-01,BU10,Finance,M2,1.755,0.505,3.33,0.6,0.623,0,0.799502
E00439,2025-01-01,BU06,Operations,IC1,8.118,0.552,3.25,1.157,0.68,0,0.694743
E00440,2025-01-01,BU03,Finance,IC1,6.366,0.576,3.32,0.921,0.73,0,0.702728
E00441,2025-01-01,BU02,Operations,IC2,5.498,0.527,3.66,0.765,0.566,0,0.64724
E00442,2025-01-01,BU08,IT,M1,2.286,0.488,3.61,0.636,0.62,0,0.694383
E00443,2025-01-01,BU05,Clinical,IC1,6.437,0.531,3.59,1.021,0.63,0,0.68567
E00444,2025-01-01,BU01,IT,IC2,10.784,0.613,2.81,0.936,0.696,0,0.814272
E00445,2025-01-01,BU03,Finance,IC1,7.811,0.503,2.65,0.6,0.659,0,0.842299
E00446,2025-01-01,BU10,IT,M1,6.401,0.621,3.02,0.6,0.527,0,0.786633
E00447,2025-01-01,BU08,IT,IC2,1.645,0.58,3.35,1.263,0.412,0,0.585638
E00448,2025-01-01,BU04,IT,M1,1.747,0.74,3.25,0.6,0.703,0,0.719029
E00449,2025-01-01,BU07,Finance,M1,6.376,0.471,3.64,0.61,0.627,0,0.734516
E00450,2025-01-01,BU10,Education,IC1,4.515,0.558,2.99,1.299,0.576,0,0.679428
E00451,2025-01-01,BU02,IT,M1,7.899,0.513,3.1,0.629,0.648,0,0.799184
E00452,2025-01-01,BU07,Operations,IC1,10.735,0.466,3.54,1.156,0.602,0,0.657365
E00453,2025-01-01,BU05,Finance,M1,6.081,0.624,4.0,0.655,0.579,0,0.627431
E00454,2025-01-01,BU05,IT,IC3,4.11,0.685,2.49,0.6,0.48,0,0.838141
E00455,2025-01-01,BU06,Education,M1,1.752,0.5,3.7,0.6,0.555,0,0.727916
E00456,2025-01-01,BU09,Finance,IC1,1.528,0.592,3.71,1.129,0.638,0,0.602751
E00457,2025-01-01,BU06,Admin,IC1,5.55,0.604,3.61,1.427,0.535,0,0.477708
E00458,2025-01-01,BU08,Education,IC2,6.938,0.611,3.26,0.724,0.601,0,0.703678
E00459,2025-01-01,BU07,Operations,IC2,7.362,0.622,4.05,0.6,0.895,0,0.75065
E00460,2025-01-01,BU09,IT,IC1,9.53,0.701,3.76,0.65,0.608,0,0.682277
E00461,2025-01-01,BU04,Admin,IC2,7.828,0.546,3.21,0.98,0.452,0,0.740817
E00462,2025-01-01,BU02,Admin,IC1,1.273,0.493,2.89,0.837,0.547,0,0.75389
E00463,2025-01-01,BU07,Finance,IC2,1.916,0.633,3.06,0.783,0.657,0,0.729986
E00464,2025-01-01,BU06,Admin,M1,8.099,0.596,3.84,0.6,0.421,0,0.651799
E00465,2025-01-01,BU01,Operations,IC2,1.413,0.505,3.34,0.6,0.695,0,0.82194
E00466,2025-01-01,BU09,Operations,IC1,10.215,0.55,3.57,1.6,0.649,0,0.600735
E00467,2025-01-01,BU09,Clinical,IC2,3.786,0.634,3.02,0.6,0.833,0,0.806908
E00468,2025-01-01,BU02,Operations,IC1,6.037,0.663,3.24,0.982,0.787,0,0.714699
E00469,2025-01-01,BU03,Education,M2,7.666,0.6,3.12,0.6,0.572,0,0.70795
E00470,2025-01-01,BU05,Admin,IC1,3.535,0.661,3.69,0.79,0.441,0,0.620081
E00471,2025-01-01,BU05,Operations,IC3,4.225,0.756,3.35,0.967,0.627,0,0.639674
E00472,2025-01-01,BU01,Finance,M2,9.544,0.528,3.33,0.6,0.427,0,0.768235
E00473,2025-01-01,BU08,Clinical,M1,10.683,0.522,3.48,0.833,0.741,0,0.698169
E00474,2025-01-01,BU08,Admin,IC3,0.805,0.407,3.39,0.6,0.354,0,0.766099
E00475,2025-01-01,BU04,Clinical,M1,7.726,0.648,3.23,0.661,0.504,0,0.76546
E00476,2025-01-01,BU07,Admin,M2,3.997,0.605,3.36,0.6,0.535,0,0.776718
E00477,2025-01-01,BU10,Finance,IC3,9.733,0.584,3.75,0.77,0.586,0,0.663136
E00478,2025-01-01,BU03,Clinical,IC3,8.934,0.566,3.68,0.6,0.786,0,0.752869
E00479,2025-01-01,BU06,IT,IC3,10.084,0.703,3.49,0.6,0.661,0,0.706441
E00480,2025-01-01,BU10,Education,IC2,10.946,0.667,3.48,0.6,0.656,0,0.758078
E00481,2025-01-01,BU10,Education,IC3,8.23,0.635,2.77,0.736,0.628,0,0.848107
E00482,2025-01-01,BU09,Admin,IC2,0.564,0.549,3.61,1.352,0.522,0,0.542243
E00483,2025-01-01,BU01,IT,IC1,6.653,0.517,3.41,0.6,0.606,0,0.763826
E00484,2025-01-01,BU05,Clinical,IC1,8.123,0.634,3.34,0.666,0.632,0,0.750053
E00485,2025-01-01,BU04,IT,IC1,10.754,0.649,3.26,0.831,0.492,0,0.674703
E00486,2025-01-01,BU08,IT,IC2,10.103,0.526,3.1,0.809,0.514,0,0.756336
E00487,2025-01-01,BU01,Clinical,IC1,3.811,0.689,3.09,1.327,0.806,0,0.657019
E00488,2025-01-01,BU09,Finance,IC3,1.982,0.553,3.11,0.601,0.426,0,0.814822
E00489,2025-01-01,BU06,IT,IC2,0.561,0.564,3.63,0.693,0.638,0,0.67452
E00490,2025-01-01,BU04,IT,M1,9.851,0.591,3.36,0.831,0.45,0,0.722548
E00491,2025-01-01,BU09,Finance,IC1,8.402,0.689,3.71,1.176,0.445,0,0.504367
E00492,2025-01-01,BU05,IT,IC1,9.248,0.638,3.11,1.086,0.658,0,0.679467
E00493,2025-01-01,BU05,IT,IC3,8.665,0.713,3.48,0.704,0.566,0,0.7201
E00494,2025-01-01,BU05,IT,IC3,4.457,0.656,3.49,0.885,0.559,0,0.638983
E00495,2025-01-01,BU01,Education,IC1,10.242,0.477,3.44,0.735,0.656,0,0.794167
E00496,2025-01-01,BU01,Operations,M1,1.057,0.519,3.54,0.6,0.69,0,0.746394
E00497,2025-01-01,BU08,Finance,M1,3.885,0.532,3.07,0.69,0.517,0,0.844443
E00498,2025-01-01,BU08,IT,IC2,1.372,0.389,3.12,0.6,0.453,0,0.838742
E00499,2025-01-01,BU06,Education,IC2,1.903,0.677,3.35,0.855,0.685,0,0.747412
E00500,2025-01-01,BU04,Finance,M2,1.752,0.475,3.28,0.6,0.685,0,0.833418
E00001,2025-02-01,BU03,Operations,IC2,5.002,0.572,3.11,0.972,0.863,0,0.812919
E00002,2025-02-01,BU05,Education,IC2,7.912,0.635,2.83,1.6,0.748,0,0.686893
E00003,2025-02-01,BU01,Operations,IC2,0.397,0.318,3.39,0.658,0.803,0,0.862306
E00004,2025-02-01,BU01,Clinical,IC1,3.546,0.648,3.66,1.188,0.88,0,0.620085
E00005,2025-02-01,BU10,Finance,IC2,6.817,0.551,3.67,0.6,0.594,0,0.744444
E00006,2025-02-01,BU09,IT,M2,4.309,0.627,3.36,0.6,0.657,0,0.752583
E00007,2025-02-01,BU07,Operations,IC1,1.719,0.496,3.46,0.998,0.726,0,0.771316
E00008,2025-02-01,BU01,Finance,IC1,8.939,0.469,3.58,1.487,0.642,0,0.607064
E00009,2025-02-01,BU08,Clinical,IC2,4.238,0.597,3.02,0.6,0.667,0,0.860079
E00010,2025-02-01,BU03,Admin,M1,0.444,0.662,3.85,0.657,0.557,0,0.619492
E00011,2025-02-01,BU08,Education,IC3,0.832,0.519,3.74,0.6,0.58,0,0.756443
E00012,2025-02-01,BU05,Finance,IC3,3.376,0.598,3.0,0.6,0.488,0,0.813452
E00013,2025-02-01,BU01,Finance,IC1,6.746,0.761,3.3,1.018,0.54,0,0.606167
E00014,2025-02-01,BU07,Admin,IC3,7.346,0.622,3.78,1.145,0.466,1,0.640166
E00015,2025-02-01,BU05,Finance,IC2,3.808,0.579,3.36,0.6,0.576,0,0.789073
E00016,2025-02-01,BU06,Clinical,M1,3.291,0.667,3.78,0.6,0.74,0,0.728807
E00017,2025-02-01,BU06,Clinical,IC3,8.72,0.685,3.13,0.6,0.839,0,0.796741
E00018,2025-02-01,BU08,Admin,IC1,5.366,0.571,3.67,0.711,0.404,0,0.63784
E00019,2025-02-01,BU09,Education,IC1,6.442,0.588,3.09,1.533,0.641,0,0.633596
E00020,2025-02-01,BU02,IT,IC1,9.897,0.47,3.09,0.866,0.573,0,0.765986
E00021,2025-02-01,BU09,Operations,IC2,4.063,0.655,3.33,1.216,0.766,0,0.657895
E00022,2025-02-01,BU10,IT,IC2,5.922,0.534,3.38,1.151,0.566,0,0.638134
E00023,2025-02-01,BU09,Finance,IC3,9.81,0.638,3.69,0.6,0.496,0,0.652772
E00024,2025-02-01,BU10,Operations,IC2,6.995,0.606,2.94,0.6,0.744,0,0.834787
E00025,2025-02-01,BU10,Admin,IC2,11.08,0.559,3.67,0.6,0.644,0,0.769585
E00026,2025-02-01,BU07,Admin,IC1,1.591,0.58,3.58,0.632,0.478,0,0.686653
E00027,2025-02-01,BU01,Education,IC1,5.487,0.573,4.09,1.035,0.599,0,0.583815
E00028,2025-02-01,BU07,Operations,M1,2.533,0.441,3.56,0.6,0.81,0,0.825723
E00029,2025-02-01,BU10,Clinical,IC1,10.683,0.601,3.85,0.758,0.612,0,0.656926
E00030,2025-02-01,BU05,Operations,IC3,0.151,0.62,3.36,0.6,0.64,0,0.761761
E00031,2025-02-01,BU06,Finance,M1,1.06,0.396,3.12,0.6,0.389,0,0.837914
E00032,2025-02-01,BU10,Clinical,IC3,1.569,0.541,3.67,0.615,0.843,0,0.819494
E00033,2025-02-01,BU07,Admin,M1,8.578,0.583,3.67,0.6,0.535,0,0.71232
E00034,2025-02-01,BU05,Operations,IC2,4.383,0.527,3.42,0.814,0.725,0,0.781558
E00035,2025-02-01,BU07,IT,M2,7.849,0.573,3.75,0.6,0.64,0,0.719783
E00036,2025-02-01,BU09,Education,IC1,2.415,0.619,2.74,0.608,0.6,0,0.808154
E00037,2025-02-01,BU03,IT,IC1,9.032,0.601,3.84,1.6,0.722,0,0.484364
E00038,2025-02-01,BU08,Education,IC3,7.075,0.542,4.03,0.6,0.596,0,0.703954
E00039,2025-02-01,BU02,Finance,M2,8.827,0.503,3.0,0.6,0.555,0,0.767082
E00040,2025-02-01,BU07,IT,M1,4.37,0.674,3.34,0.6,0.535,0,0.711607
E00041,2025-02-01,BU02,Operations,IC1,6.601,0.644,3.54,1.6,0.641,0,0.460758
E00042,2025-02-01,BU04,Operations,IC2,2.218,0.569,3.25,0.601,0.678,0,0.799836
E00043,2025-02-01,BU07,IT,M2,4.854,0.467,3.91,0.61,0.6,0,0.782822
E00044,2025-02-01,BU03,Operations,IC2,10.078,0.573,3.13,0.807,0.603,0,0.7851
E00045,2025-02-01,BU02,Finance,M1,7.773,0.468,3.54,0.6,0.839,0,0.818652
E00046,2025-02-01,BU10,Clinical,M1,2.138,0.552,3.31,0.618,0.787,0,0.794707
E00047,2025-02-01,BU07,Finance,IC2,9.396,0.586,3.86,0.6,0.602,0,0.653584
E00048,2025-02-01,BU01,Education,IC2,1.859,0.57,3.18,0.6,0.713,0,0.807874
E00049,2025-02-01,BU08,Finance,IC2,2.125,0.503,3.53,0.641,0.514,0,0.809961
E00050,2025-02-01,BU03,Education,IC1,1.402,0.421,3.01,0.6,0.682,0,0.870633
E00051,2025-02-01,BU02,Operations,M1,6.571,0.626,3.41,0.6,0.844,0,0.828204
E00052,2025-02-01,BU03,Clinical,IC2,9.155,0.606,4.19,0.951,0.775,0,0.611025
E00053,2025-02-01,BU05,Operations,M1,7.819,0.621,3.42,0.6,0.72,0,0.77163
E00054,2025-02-01,BU08,Admin,IC1,4.887,0.557,3.25,1.479,0.491,0,0.491761
E00055,2025-02-01,BU10,Operations,M2,3.288,0.564,3.23,0.6,0.653,0,0.808228
E00056,2025-02-01,BU07,Education,IC2,8.742,0.61,3.14,1.174,0.632,0,0.709665
E00057,2025-02-01,BU07,Operations,IC1,10.757,0.809,3.64,0.917,0.68,0,0.616165
E00058,2025-02-01,BU07,Operations,IC1,7.863,0.471,3.23,0.667,0.684,0,0.851133
E00059,2025-02-01,BU08,Clinical,IC3,9.133,0.592,3.6,1.043,0.821,1,0.771624
E00060,2025-02-01,BU01,Operations,IC3,3.42,0.543,3.23,0.6,0.881,0,0.861687
E00061,2025-02-01,BU04,Clinical,M1,7.773,0.439,3.27,0.642,0.632,0,0.823656
E00062,2025-02-01,BU06,IT,IC1,9.21,0.553,4.06,1.2,0.725,0,0.531921
E00063,2025-02-01,BU09,Admin,IC1,5.758,0.651,3.74,1.199,0.667,0,0.514881
E00064,2025-02-01,BU02,Clinical,IC2,5.802,0.535,3.53,0.6,0.686,0,0.7846
E00065,2025-02-01,BU01,Education,IC2,1.697,0.503,3.18,1.032,0.519,1,0.819048
E00066,2025-02-01,BU10,IT,IC2,7.587,0.595,3.7,0.6,0.491,0,0.665503
E00067,2025-02-01,BU02,Clinical,M2,5.385,0.694,3.35,0.6,0.68,0,0.772767
E00068,2025-02-01,BU07,Clinical,M2,9.536,0.558,3.43,0.6,0.739,0,0.770457
E00069,2025-02-01,BU03,Admin,M2,1.739,0.681,2.85,0.6,0.671,0,0.823393
E00070,2025-02-01,BU10,Education,M1,9.32,0.555,3.22,0.6,0.709,0,0.845693
E00071,2025-02-01,BU02,Finance,IC2,1.29,0.435,3.88,0.925,0.627,0,0.689326
E00072,2025-02-01,BU07,Finance,IC2,7.573,0.524,3.47,1.036,0.715,0,0.698108
E00073,2025-02-01,BU02,Clinical,IC2,3.288,0.724,3.09,0.836,0.711,0,0.694797
E00074,2025-02-01,BU03,Operations,M1,4.742,0.584,3.32,0.6,0.67,0,0.726395
E00075,2025-02-01,BU07,Education,IC1,2.91,0.422,3.26,1.281,0.766,0,0.686718
E00076,2025-02-01,BU04,IT,IC2,3.584,0.515,3.56,0.723,0.582,0,0.708084
E00077,2025-02-01,BU01,Operations,IC1,6.237,0.726,2.78,0.6,0.622,0,0.802566
E00078,2025-02-01,BU05,Operations,IC2,9.205,0.659,3.48,0.6,0.652,0,0.74956
E00079,2025-02-01,BU09,Education,M1,6.982,0.61,3.57,0.6,0.421,0,0.727148
E00080,2025-02-01,BU08,Clinical,M1,3.146,0.578,3.4,0.894,0.686,0,0.719816
E00081,2025-02-01,BU09,Clinical,IC1,1.369,0.483,4.01,1.502,0.897,0,0.606823
E00082,2025-02-01,BU10,Clinical,M2,2.3,0.448,3.22,0.715,0.821,0,0.826563
E00083,2025-02-01,BU09,Clinical,IC3,2.3,0.45,3.25,0.728,0.694,0,0.871329
E00084,2025-02-01,BU07,Finance,IC1,10.171,0.681,3.63,1.314,0.638,0,0.599546
E00085,2025-02-01,BU04,Clinical,IC2,3.034,0.4,3.12,0.6,0.734,0,0.825126
E00086,2025-02-01,BU05,Finance,IC2,4.654,0.537,3.29,0.793,0.747,0,0.792806
E00087,2025-02-01,BU01,Finance,IC1,2.519,0.538,3.15,1.106,0.456,0,0.634109
E00088,2025-02-01,BU01,Clinical,M2,3.496,0.531,3.26,0.6,0.709,0,0.821959
E00089,2025-02-01,BU03,Admin,IC2,10.324,0.596,3.08,0.792,0.464,0,0.765462
E00090,2025-02-01,BU08,IT,M1,3.354,0.553,3.36,0.92,0.543,0,0.701697
E00091,2025-02-01,BU02,Operations,IC2,4.0,0.57,3.59,0.843,0.766,0,0.658582
E00092,2025-02-01,BU04,Finance,IC1,0.241,0.514,3.23,1.245,0.645,0,0.67807
E00093,2025-02-01,BU02,Education,IC2,8.266,0.633,3.01,0.6,0.616,0,0.795229
E00094,2025-02-01,BU05,Education,IC1,10.94,0.598,3.64,1.577,0.625,0,0.506127
E00095,2025-02-01,BU09,IT,IC2,3.756,0.545,3.06,0.663,0.676,0,0.870872
E00096,2025-02-01,BU01,Education,M1,8.747,0.647,2.76,0.6,0.693,0,0.903897
E00097,2025-02-01,BU05,Admin,IC2,8.613,0.366,3.1,0.689,0.386,0,0.823679
E00098,2025-02-01,BU09,Education,IC3,10.921,0.621,3.61,0.6,0.703,0,0.73088
E00099,2025-02-01,BU01,Operations,IC1,0.479,0.392,3.28,1.279,0.791,0,0.747662
E00100,2025-02-01,BU09,Operations,IC1,7.075,0.334,3.66,0.781,0.531,0,0.823392
E00101,2025-02-01,BU08,Finance,IC1,1.602,0.671,3.23,0.72,0.315,0,0.611607
E00102,2025-02-01,BU04,Clinical,IC3,4.813,0.624,2.91,0.6,0.7,0,0.834442
E00103,2025-02-01,BU10,Admin,IC1,2.086,0.589,3.85,1.305,0.715,0,0.561397
E00104,2025-02-01,BU05,Finance,IC2,2.533,0.468,3.43,0.758,0.559,0,0.755056
E00105,2025-02-01,BU05,Admin,IC3,4.405,0.52,3.89,0.6,0.709,0,0.703103
E00106,2025-02-01,BU06,Clinical,IC2,2.806,0.563,3.99,0.896,0.723,0,0.619791
E00107,2025-02-01,BU07,Education,IC1,3.8,0.619,3.48,0.654,0.731,0,0.73703
E00108,2025-02-01,BU08,Education,IC2,9.665,0.645,3.7,0.6,0.406,0,0.64496
E00109,2025-02-01,BU08,Clinical,M1,10.138,0.417,3.91,0.904,0.704,0,0.706637
E00110,2025-02-01,BU02,Finance,IC3,4.86,0.531,2.6,0.685,0.636,0,0.790928
E00111,2025-02-01,BU09,Clinical,IC2,4.118,0.594,3.82,0.679,0.677,0,0.684991
E00112,2025-02-01,BU07,IT,IC1,3.608,0.689,3.4,0.83,0.757,0,0.765063
E00113,2025-02-01,BU04,Operations,M2,6.552,0.44,3.31,0.703,0.792,0,0.846848
E00114,2025-02-01,BU04,Finance,IC3,8.233,0.554,3.02,1.6,0.475,0,0.597871
E00115,2025-02-01,BU08,Admin,IC2,3.326,0.426,3.94,0.877,0.445,0,0.625091
E00116,2025-02-01,BU04,IT,M1,5.3,0.578,3.15,0.6,0.534,0,0.765816
E00117,2025-02-01,BU06,Finance,IC2,0.914,0.665,3.01,0.659,0.603,0,0.745854
E00118,2025-02-01,BU05,Clinical,IC2,8.559,0.592,3.35,0.865,0.866,0,0.781748
E00119,2025-02-01,BU03,Clinical,IC3,10.891,0.57,3.51,0.6,0.737,0,0.794815
E00120,2025-02-01,BU10,Clinical,IC1,8.999,0.552,3.89,1.061,0.917,0,0.720774
E00121,2025-02-01,BU02,Clinical,M2,6.1,0.524,3.39,0.6,0.693,0,0.800011
E00122,2025-02-01,BU09,Admin,IC3,8.287,0.635,3.34,1.026,0.484,0,0.564021
E00123,2025-02-01,BU10,IT,IC3,10.79,0.503,3.57,0.923,0.591,0,0.679362
E00124,2025-02-01,BU09,Education,IC1,6.163,0.707,3.61,1.004,0.582,0,0.607595
E00125,2025-02-01,BU01,Operations,IC1,1.498,0.666,3.6,1.551,0.739,1,0.620255
E00126,2025-02-01,BU10,Admin,IC2,4.35,0.598,3.07,1.48,0.754,0,0.663634
E00127,2025-02-01,BU03,Admin,M1,4.561,0.547,3.38,0.6,0.89,0,0.829334
E00128,2025-02-01,BU08,Education,IC2,1.016,0.556,3.55,0.888,0.539,0,0.696337
E00129,2025-02-01,BU06,Education,IC2,2.913,0.579,3.47,0.6,0.694,0,0.754071
E00130,2025-02-01,BU05,Operations,IC3,1.12,0.521,3.13,0.6,0.804,0,0.820602
E00131,2025-02-01,BU05,Operations,IC1,1.394,0.651,3.53,0.662,0.752,0,0.737418
E00132,2025-02-01,BU06,Education,IC3,8.145,0.6,3.53,0.6,0.627,0,0.751733
E00133,2025-02-01,BU07,Clinical,IC1,5.068,0.538,3.3,0.605,0.751,0,0.788884
E00134,2025-02-01,BU01,Admin,M2,10.407,0.594,2.61,0.6,0.567,0,0.841169
E00135,2025-02-01,BU09,Finance,IC2,7.491,0.608,3.71,0.648,0.593,0,0.716703
E00136,2025-02-01,BU03,Operations,IC1,8.066,0.583,3.29,1.302,0.7,0,0.630197
E00137,2025-02-01,BU04,Operations,IC2,6.612,0.559,3.58,0.605,0.721,0,0.717421
E00138,2025-02-01,BU10,Education,IC2,4.717,0.561,2.99,0.6,0.71,0,0.844623
E00139,2025-02-01,BU01,IT,M1,4.602,0.573,2.94,0.6,0.727,0,0.820518
E00140,2025-02-01,BU10,Finance,IC3,0.301,0.424,3.53,0.659,0.611,0,0.777314
E00141,2025-02-01,BU03,Finance,IC3,7.143,0.49,3.16,0.6,0.45,0,0.740215
E00142,2025-02-01,BU02,Operations,IC1,4.726,0.662,3.45,0.933,0.733,0,0.699643
E00143,2025-02-01,BU02,Clinical,IC1,0.602,0.535,2.93,0.715,0.825,0,0.867942
E00144,2025-02-01,BU01,IT,IC1,8.723,0.618,3.34,1.008,0.603,0,0.697939
E00145,2025-02-01,BU08,Finance,IC3,5.235,0.643,3.45,1.573,0.743,0,0.509491
E00146,2025-02-01,BU03,Operations,M1,9.125,0.662,2.66,0.6,0.573,0,0.793896
E00147,2025-02-01,BU03,Finance,IC2,1.692,0.517,2.71,0.605,0.512,0,0.866195
E00148,2025-02-01,BU06,IT,IC1,2.839,0.553,3.31,0.69,0.515,0,0.705037
E00149,2025-02-01,BU08,IT,IC3,6.886,0.751,3.13,0.6,0.642,0,0.797329
E00150,2025-02-01,BU09,Admin,M1,5.906,0.526,3.11,0.802,0.589,0,0.829503
E00151,2025-02-01,BU09,Education,IC3,7.765,0.59,3.32,0.793,0.893,0,0.790897
E00152,2025-02-01,BU04,Education,M1,0.392,0.528,3.28,0.64,0.769,0,0.798916
E00153,2025-02-01,BU05,Operations,IC2,1.971,0.542,2.69,0.816,0.733,0,0.756974
E00154,2025-02-01,BU02,IT,IC1,4.389,0.559,3.3,0.6,0.702,0,0.761777
E00155,2025-02-01,BU09,Admin,M1,3.077,0.49,3.07,0.6,0.605,0,0.808048
E00156,2025-02-01,BU08,Admin,IC3,5.046,0.492,3.11,0.786,0.705,0,0.826418
E00157,2025-02-01,BU03,Finance,IC2,10.749,0.742,3.66,0.85,0.657,0,0.621508
E00158,2025-02-01,BU09,Finance,IC3,10.661,0.659,2.94,0.937,0.5,0,0.698665
E00159,2025-02-01,BU03,Admin,M1,2.609,0.433,3.6,0.6,0.566,0,0.831513
E00160,2025-02-01,BU09,Finance,IC3,0.912,0.709,4.03,0.6,0.531,0,0.545189
E00161,2025-02-01,BU02,IT,IC3,2.571,0.467,3.05,0.6,0.655,0,0.863542
E00162,2025-02-01,BU10,Clinical,IC2,7.395,0.617,3.55,0.87,0.745,0,0.712555
E00163,2025-02-01,BU09,IT,IC2,2.209,0.602,3.66,1.032,0.404,0,0.539563
E00164,2025-02-01,BU08,Admin,IC2,8.096,0.721,3.77,0.951,0.45,0,0.474782
E00165,2025-02-01,BU09,Admin,M1,4.268,0.565,3.85,0.6,0.565,0,0.729494
E00166,2025-02-01,BU05,IT,M1,5.484,0.563,3.44,0.6,0.765,0,0.745862
E00167,2025-02-01,BU02,Finance,M1,3.614,0.555,3.12,0.6,0.558,0,0.79585
E00168,2025-02-01,BU08,Finance,IC1,0.12,0.532,3.14,1.565,0.603,0,0.618117
E00169,2025-02-01,BU06,Education,IC3,2.47,0.549,3.3,0.6,0.673,0,0.797285
E00170,2025-02-01,BU08,Admin,M1,6.152,0.802,3.4,0.6,0.421,0,0.656045
E00171,2025-02-01,BU05,Operations,IC3,10.735,0.626,3.67,0.755,0.606,0,0.644716
E00172,2025-02-01,BU10,Education,M1,8.446,0.618,3.94,0.693,0.609,0,0.67307
E00173,2025-02-01,BU02,Finance,M1,1.311,0.549,3.37,0.944,0.644,0,0.711237
E00174,2025-02-01,BU06,IT,IC2,3.11,0.66,3.27,1.282,0.692,0,0.622215
E00175,2025-02-01,BU05,Finance,IC2,0.838,0.416,3.78,0.614,0.486,0,0.728199
E00176,2025-02-01,BU05,IT,IC1,5.303,0.552,3.64,0.6,0.519,0,0.72572
E00177,2025-02-01,BU01,Education,IC2,3.493,0.617,2.93,0.6,0.6,0,0.824955
E00178,2025-02-01,BU02,Admin,IC3,2.283,0.591,2.81,0.687,0.65,0,0.860059
E00179,2025-02-01,BU08,Finance,M1,7.102,0.513,3.11,0.6,0.47,0,0.778672
E00180,2025-02-01,BU03,IT,IC1,10.965,0.695,2.91,1.6,0.567,0,0.572055
E00181,2025-02-01,BU10,Admin,IC1,10.163,0.491,3.21,0.95,0.53,0,0.695931
E00182,2025-02-01,BU03,Operations,IC3,1.114,0.522,3.76,0.748,0.728,0,0.72394
E00183,2025-02-01,BU08,IT,IC1,7.696,0.547,3.66,0.968,0.587,0,0.596292
E00184,2025-02-01,BU08,Education,IC1,4.353,0.522,4.18,0.792,0.441,0,0.526783
E00185,2025-02-01,BU02,Operations,IC1,9.84,0.664,3.49,0.6,0.763,0,0.725539
E00186,2025-02-01,BU08,Operations,IC1,8.194,0.452,3.78,0.928,0.708,0,0.710906
E00187,2025-02-01,BU01,Clinical,IC1,10.612,0.705,3.28,1.6,0.936,0,0.645277
E00188,2025-02-01,BU06,Finance,IC2,7.036,0.579,3.37,0.6,0.519,0,0.776739
E00189,2025-02-01,BU08,IT,IC2,10.401,0.632,3.92,0.6,0.569,0,0.696312
E00190,2025-02-01,BU03,Operations,M1,4.047,0.616,2.94,1.024,0.852,0,0.793639
E00191,2025-02-01,BU08,Clinical,IC2,10.702,0.516,3.5,1.045,0.684,0,0.724959
E00192,2025-02-01,BU01,Education,IC3,0.799,0.551,3.59,0.655,0.598,0,0.711035
E00193,2025-02-01,BU09,Admin,IC1,10.149,0.632,3.5,1.462,0.525,0,0.542465
E00194,2025-02-01,BU09,IT,IC1,9.87,0.465,3.53,0.714,0.458,0,0.743871
E00195,2025-02-01,BU05,Operations,IC3,9.651,0.675,3.28,0.6,0.98,0,0.831273
E00196,2025-02-01,BU10,Finance,IC1,5.977,0.668,3.53,1.316,0.537,0,0.522565
E00197,2025-02-01,BU04,Clinical,IC2,4.871,0.557,2.87,1.505,0.681,0,0.713958
E00198,2025-02-01,BU06,Operations,IC3,6.691,0.583,3.31,0.6,0.707,0,0.837903
E00199,2025-02-01,BU07,Finance,IC3,10.366,0.557,3.07,0.974,0.532,0,0.693225
E00200,2025-02-01,BU05,Operations,IC1,10.932,0.596,3.75,1.049,0.682,0,0.622015
E00201,2025-02-01,BU10,IT,IC2,8.315,0.762,3.01,0.794,0.646,0,0.716667
E00202,2025-02-01,BU09,IT,IC3,9.5,0.486,4.21,0.634,0.51,0,0.607292
E00203,2025-02-01,BU03,IT,IC1,6.949,0.559,2.69,0.6,0.564,0,0.893234
E00204,2025-02-01,BU07,Education,IC3,1.188,0.481,4.54,0.909,0.85,0,0.570999
E00205,2025-02-01,BU10,Education,IC3,5.689,0.694,3.42,0.6,0.704,0,0.720062
E00206,2025-02-01,BU10,Clinical,M2,4.561,0.731,3.61,0.6,0.704,0,0.715612
E00207,2025-02-01,BU05,IT,IC1,7.491,0.658,3.08,1.335,0.659,0,0.648451
E00208,2025-02-01,BU07,Finance,M1,5.084,0.595,2.87,0.641,0.49,0,0.845711
E00209,2025-02-01,BU02,Operations,IC2,0.654,0.497,3.09,0.789,0.733,0,0.859349
E00210,2025-02-01,BU04,Admin,IC2,4.038,0.375,3.74,1.166,0.584,0,0.644738
E00211,2025-02-01,BU02,Finance,IC1,0.931,0.514,3.22,1.523,0.46,0,0.55397
E00212,2025-02-01,BU07,Education,IC3,11.083,0.666,3.03,0.965,0.707,0,0.715681
E00213,2025-02-01,BU02,Education,IC1,5.183,0.499,3.36,0.778,0.505,0,0.741001
E00214,2025-02-01,BU01,Finance,IC2,3.713,0.569,2.8,1.086,0.591,0,0.783608
E00215,2025-02-01,BU09,Education,IC1,6.311,0.594,3.32,0.997,0.625,0,0.701607
E00216,2025-02-01,BU01,IT,M1,7.348,0.639,3.15,0.903,0.464,0,0.685293
E00217,2025-02-01,BU08,Clinical,M1,9.643,0.606,3.43,0.6,0.773,0,0.858477
E00218,2025-02-01,BU02,Operations,IC3,5.183,0.645,2.88,0.6,0.963,0,0.885189
E00219,2025-02-01,BU08,Clinical,IC2,5.205,0.558,3.53,0.688,0.753,0,0.746104
E00220,2025-02-01,BU03,Operations,IC1,1.029,0.611,3.07,0.997,0.809,0,0.826922
E00221,2025-02-01,BU06,Operations,IC3,11.023,0.718,3.7,0.851,0.705,0,0.649836
E00222,2025-02-01,BU03,Clinical,IC2,2.935,0.587,2.83,0.895,0.68,0,0.780035
E00223,2025-02-01,BU07,Finance,IC1,0.402,0.391,3.34,0.951,0.54,0,0.702399
E00224,2025-02-01,BU10,Operations,IC3,5.873,0.442,3.59,0.797,0.881,0,0.810264
E00225,2025-02-01,BU09,Clinical,M2,9.073,0.646,3.37,0.6,0.905,0,0.775445
E00226,2025-02-01,BU02,Operations,IC3,7.702,0.53,3.62,0.6,0.744,0,0.791127
E00227,2025-02-01,BU05,Admin,IC3,0.526,0.517,2.78,0.6,0.714,0,0.911537
E00228,2025-02-01,BU06,Finance,M2,7.671,0.563,3.54,0.654,0.796,0,0.749152
E00229,2025-02-01,BU04,IT,IC1,8.126,0.674,3.34,1.049,0.666,0,0.640431
E00230,2025-02-01,BU04,Operations,IC3,2.059,0.507,2.71,0.6,0.63,0,0.870207
E00231,2025-02-01,BU04,Admin,M2,8.698,0.484,3.23,0.645,0.702,0,0.814587
E00232,2025-02-01,BU02,IT,IC1,8.687,0.65,3.22,1.6,0.677,0,0.527909
E00233,2025-02-01,BU04,IT,IC3,7.598,0.481,3.22,0.6,0.641,0,0.866379
E00234,2025-02-01,BU01,Operations,IC3,4.876,0.54,3.1,0.704,0.613,0,0.803495
E00235,2025-02-01,BU06,Clinical,IC3,7.702,0.607,3.4,0.6,0.598,0,0.787433
E00236,2025-02-01,BU01,Operations,IC3,2.546,0.592,3.84,0.773,0.596,0,0.694048
E00237,2025-02-01,BU10,Admin,M1,10.741,0.622,2.77,0.6,0.547,0,0.807651
E00238,2025-02-01,BU06,IT,M1,3.713,0.501,3.6,0.6,0.631,0,0.765355
E00239,2025-02-01,BU01,Operations,IC1,4.704,0.574,3.26,1.276,0.622,0,0.586577
E00240,2025-02-01,BU06,Clinical,M1,9.317,0.509,4.17,0.796,0.8,0,0.672131
E00241,2025-02-01,BU10,Operations,IC1,3.294,0.368,3.23,1.087,0.756,0,0.771081
E00242,2025-02-01,BU08,Finance,IC2,10.872,0.63,3.83,0.654,0.393,0,0.557476
E00243,2025-02-01,BU02,Clinical,IC2,1.029,0.536,3.02,0.6,0.791,0,0.889686
E00244,2025-02-01,BU02,Admin,IC2,2.7,0.58,2.95,0.6,0.577,0,0.827981
E00245,2025-02-01,BU04,IT,IC2,2.346,0.504,4.22,0.6,0.69,0,0.652966
E00246,2025-02-01,BU03,Operations,M2,10.067,0.427,3.06,0.6,0.668,0,0.815876
E00247,2025-02-01,BU04,Clinical,IC3,4.879,0.561,2.83,0.646,0.749,0,0.859296
E00248,2025-02-01,BU07,Finance,IC3,1.823,0.553,3.35,0.6,0.569,0,0.726276
E00249,2025-02-01,BU01,Clinical,IC1,9.087,0.55,3.3,0.986,0.761,0,0.787712
E00250,2025-02-01,BU06,Education,M1,5.054,0.533,3.46,0.728,0.711,0,0.77675
E00251,2025-02-01,BU03,Finance,M1,1.446,0.432,3.26,0.6,0.552,0,0.785701
E00252,2025-02-01,BU10,Admin,M1,2.951,0.417,3.36,0.6,0.621,0,0.819859
E00253,2025-02-01,BU07,IT,IC1,7.099,0.449,3.5,0.69,0.536,0,0.769961
E00254,2025-02-01,BU10,Admin,IC1,10.442,0.575,3.7,1.163,0.682,0,0.635643
E00255,2025-02-01,BU02,Operations,IC1,9.541,0.541,3.1,1.172,0.553,0,0.706547
E00256,2025-02-01,BU02,Clinical,IC1,10.294,0.48,3.65,1.063,0.712,0,0.661245
E00257,2025-02-01,BU04,Education,IC2,6.305,0.629,3.76,1.168,0.782,0,0.653865
E00258,2025-02-01,BU01,Finance,M1,6.96,0.662,3.68,0.6,0.518,0,0.676243
E00259,2025-02-01,BU03,Finance,IC2,0.652,0.537,2.9,1.522,0.521,0,0.616651
E00260,2025-02-01,BU09,Clinical,IC1,4.621,0.471,3.62,1.289,0.547,0,0.614023
E00261,2025-02-01,BU07,Education,IC2,2.877,0.636,3.34,0.6,0.861,0,0.746684
E00262,2025-02-01,BU07,Clinical,IC1,2.253,0.545,3.47,1.6,0.561,0,0.489759
E00263,2025-02-01,BU04,Operations,IC1,8.966,0.617,4.02,0.628,0.747,0,0.72254
E00264,2025-02-01,BU02,Admin,IC2,8.12,0.558,2.6,0.6,0.595,0,0.832622
E00265,2025-02-01,BU04,Finance,IC2,9.049,0.713,3.08,0.938,0.57,0,0.69699
E00266,2025-02-01,BU06,Operations,M1,7.625,0.465,3.77,0.6,0.824,0,0.801522
E00267,2025-02-01,BU03,Admin,M2,3.168,0.602,3.05,0.6,0.622,0,0.802362
E00268,2025-02-01,BU01,Operations,IC2,5.7,0.6,3.15,1.312,0.752,0,0.689593
E00269,2025-02-01,BU08,Education,IC2,3.179,0.594,3.45,0.879,0.501,0,0.669045
E00270,2025-02-01,BU05,Finance,M1,10.376,0.428,3.37,0.667,0.509,0,0.790056
E00271,2025-02-01,BU05,Clinical,IC2,4.038,0.695,3.22,0.6,0.731,0,0.786808
E00272,2025-02-01,BU04,Clinical,IC1,7.576,0.62,2.91,0.6,0.656,0,0.828067
E00273,2025-02-01,BU06,Admin,M1,0.706,0.645,2.98,0.699,0.477,0,0.721755
E00274,2025-02-01,BU03,IT,IC1,10.749,0.845,3.34,1.324,0.649,0,0.481382
E00275,2025-02-01,BU09,Education,IC3,4.0,0.59,3.21,0.867,0.592,0,0.782532
E00276,2025-02-01,BU05,Admin,IC3,7.233,0.593,3.19,0.609,0.314,0,0.721852
E00277,2025-02-01,BU03,IT,IC2,5.864,0.569,3.38,0.6,0.663,0,0.792549
E00278,2025-02-01,BU01,Operations,IC2,3.573,0.537,3.45,1.6,0.818,0,0.622088
E00279,2025-02-01,BU10,Education,M1,7.666,0.577,3.2,0.669,0.582,0,0.785236
E00280,2025-02-01,BU06,Operations,IC1,8.145,0.575,3.6,0.911,0.649,0,0.663238
E00281,2025-02-01,BU02,Finance,IC1,2.976,0.432,3.32,0.855,0.492,0,0.754519
E00282,2025-02-01,BU03,Education,IC3,8.621,0.549,3.43,0.631,0.756,0,0.789297
E00283,2025-02-01,BU01,IT,IC2,2.965,0.614,3.01,1.02,0.568,0,0.769294
E00284,2025-02-01,BU09,Finance,IC1,9.999,0.455,4.28,0.911,0.541,0,0.57246
E00285,2025-02-01,BU08,Clinical,M1,9.927,0.597,3.5,0.772,0.908,0,0.839999
E00286,2025-02-01,BU02,IT,IC2,9.254,0.697,3.5,0.837,0.475,0,0.614136
E00287,2025-02-01,BU08,Admin,M1,5.864,0.568,4.18,0.6,0.507,0,0.61789
E00288,2025-02-01,BU09,Clinical,M1,8.942,0.625,3.22,0.682,0.853,0,0.787694
E00289,2025-02-01,BU01,Clinical,IC3,2.765,0.475,2.86,0.769,0.557,1,0.857106
E00290,2025-02-01,BU05,Admin,IC2,7.373,0.643,2.86,0.723,0.496,0,0.818081
E00291,2025-02-01,BU08,Education,M2,10.656,0.606,3.65,0.6,0.309,0,0.680908
E00292,2025-02-01,BU02,Clinical,IC1,8.066,0.523,2.96,1.042,0.623,0,0.742034
E00293,2025-02-01,BU04,IT,IC3,10.505,0.599,3.09,0.611,0.78,0,0.832089
E00294,2025-02-01,BU07,Finance,IC1,6.105,0.606,3.73,0.826,0.565,0,0.633439
E00295,2025-02-01,BU03,Clinical,IC2,7.529,0.704,3.35,0.6,0.992,0,0.832101
E00296,2025-02-01,BU05,IT,IC2,3.332,0.585,3.41,0.897,0.787,0,0.757444
E00297,2025-02-01,BU08,Operations,M2,3.86,0.639,3.93,0.6,0.752,0,0.715178
E00298,2025-02-01,BU10,IT,M2,5.027,0.561,3.53,0.6,0.826,0,0.760799
E00299,2025-02-01,BU03,Finance,IC1,8.684,0.648,3.77,0.732,0.444,0,0.630664
E00300,2025-02-01,BU04,IT,IC1,10.82,0.748,4.13,0.68,0.612,0,0.565395
E00301,2025-02-01,BU09,Admin,IC3,10.281,0.601,3.74,0.706,0.515,0,0.661831
E00302,2025-02-01,BU07,Finance,IC2,0.438,0.466,3.29,0.607,0.527,0,0.760568
E00303,2025-02-01,BU01,Education,IC1,9.049,0.657,2.97,1.6,0.694,0,0.627792
E00304,2025-02-01,BU04,Operations,IC3,5.328,0.711,2.99,0.6,0.769,0,0.805396
E00305,2025-02-01,BU04,Admin,IC2,5.081,0.634,3.41,0.6,0.706,0,0.814528
E00306,2025-02-01,BU09,Education,M2,5.123,0.552,3.64,0.6,0.556,0,0.740873
E00307,2025-02-01,BU06,IT,IC1,5.84,0.545,2.95,0.966,0.553,0,0.71564
E00308,2025-02-01,BU09,Finance,IC2,5.432,0.572,3.08,1.131,0.693,0,0.702242
E00309,2025-02-01,BU06,Operations,IC2,8.717,0.508,3.18,0.797,0.759,0,0.806627
E00310,2025-02-01,BU06,Admin,M1,5.982,0.66,3.51,0.6,0.422,0,0.658622
E00311,2025-02-01,BU05,Education,IC2,3.669,0.568,3.41,0.725,0.719,0,0.709088
E00312,2025-02-01,BU05,Education,IC3,0.75,0.451,3.61,0.646,0.554,0,0.774527
E00313,2025-02-01,BU02,Operations,IC1,0.939,0.476,3.06,0.6,0.829,0,0.81705
E00314,2025-02-01,BU08,IT,M1,9.218,0.461,3.56,0.843,0.409,0,0.680293
E00315,2025-02-01,BU08,Operations,IC2,6.19,0.616,3.91,0.6,0.821,0,0.686968
E00316,2025-02-01,BU01,Education,IC1,10.218,0.614,2.74,1.53,0.82,0,0.712698
E00317,2025-02-01,BU08,Clinical,IC3,10.897,0.776,3.14,0.738,0.751,0,0.767254
E00318,2025-02-01,BU05,Admin,IC1,6.379,0.478,3.59,1.131,0.52,0,0.664443
E00319,2025-02-01,BU02,Operations,IC1,8.58,0.582,3.12,1.361,0.601,0,0.636491
E00320,2025-02-01,BU02,Education,M1,7.537,0.64,3.44,0.649,0.596,0,0.735688
E00321,2025-02-01,BU06,IT,IC2,8.241,0.596,3.13,0.99,0.385,0,0.694625
E00322,2025-02-01,BU09,Education,IC3,10.615,0.695,3.28,0.6,0.5,0,0.68272
E00323,2025-02-01,BU01,IT,IC2,10.45,0.639,3.4,0.805,0.493,0,0.690078
E00324,2025-02-01,BU06,Operations,M1,6.804,0.639,3.66,0.6,0.627,0,0.716268
E00325,2025-02-01,BU09,IT,IC1,5.446,0.776,3.7,0.871,0.586,0,0.590466
E00326,2025-02-01,BU08,Finance,IC2,8.797,0.54,3.23,1.489,0.428,0,0.51989
E00327,2025-02-01,BU06,Finance,M2,2.459,0.536,2.82,0.6,0.562,0,0.870601
E00328,2025-02-01,BU03,Finance,M1,6.404,0.516,2.55,0.6,0.693,0,0.903133
E00329,2025-02-01,BU08,Clinical,IC2,3.899,0.444,3.33,0.757,0.859,0,0.838732
E00330,2025-02-01,BU09,Operations,IC2,10.908,0.557,3.43,0.696,0.803,0,0.789241
E00331,2025-02-01,BU01,Education,M1,6.253,0.396,2.63,0.658,0.624,0,0.889249
E00332,2025-02-01,BU09,Education,IC2,8.942,0.673,2.62,0.962,0.769,0,0.807234
E00333,2025-02-01,BU06,Clinical,M1,10.283,0.565,3.86,0.6,0.625,0,0.715838
E00334,2025-02-01,BU06,IT,M1,7.874,0.642,3.78,0.6,0.749,0,0.687911
E00335,2025-02-01,BU04,Clinical,IC1,6.883,0.662,3.18,0.6,0.588,0,0.752401
E00336,2025-02-01,BU01,IT,IC1,4.706,0.537,3.01,1.234,0.601,0,0.746559
E00337,2025-02-01,BU10,IT,IC3,10.749,0.541,3.07,0.652,0.587,0,0.782953
E00338,2025-02-01,BU08,Admin,IC1,8.928,0.57,2.97,0.912,0.447,0,0.706283
E00339,2025-02-01,BU02,Education,IC2,9.125,0.478,2.56,0.949,0.675,0,0.832052
E00340,2025-02-01,BU01,Finance,M2,2.335,0.481,3.27,0.6,0.644,0,0.754917
E00341,2025-02-01,BU02,IT,IC3,1.673,0.484,3.28,0.837,0.476,0,0.713888
E00342,2025-02-01,BU01,Admin,M1,5.719,0.715,3.9,0.6,0.68,0,0.668823
E00343,2025-02-01,BU01,Education,IC3,1.662,0.437,3.12,1.062,0.533,0,0.718623
E00344,2025-02-01,BU09,Finance,IC3,9.035,0.588,3.33,0.6,0.557,0,0.746029
E00345,2025-02-01,BU01,IT,IC1,3.729,0.442,3.65,0.6,0.546,0,0.747812
E00346,2025-02-01,BU04,IT,IC2,3.395,0.685,3.23,0.675,0.6,0,0.774246
E00347,2025-02-01,BU10,Clinical,IC2,9.169,0.592,2.92,0.636,0.924,0,0.846918
E00348,2025-02-01,BU06,Clinical,IC2,5.333,0.622,3.83,0.661,0.706,0,0.713369
E00349,2025-02-01,BU07,Education,M1,4.942,0.68,3.31,0.614,0.65,0,0.772123
E00350,2025-02-01,BU02,Finance,IC2,10.026,0.667,3.41,1.038,0.424,0,0.558736
E00351,2025-02-01,BU06,IT,IC2,0.307,0.535,3.3,0.776,0.539,0,0.766295
E00352,2025-02-01,BU07,Education,IC2,1.202,0.585,2.96,0.6,0.685,0,0.826391
E00353,2025-02-01,BU10,Education,IC1,9.41,0.717,3.33,0.625,0.614,0,0.738763
E00354,2025-02-01,BU10,Operations,IC2,1.328,0.412,3.75,0.6,0.691,0,0.80955
E00355,2025-02-01,BU02,Clinical,IC1,10.407,0.616,3.24,0.6,0.642,0,0.766149
E00356,2025-02-01,BU02,Finance,IC1,3.398,0.604,3.03,0.694,0.528,0,0.749697
E00357,2025-02-01,BU10,IT,IC1,10.669,0.531,4.01,1.48,0.584,0,0.488337
E00358,2025-02-01,BU07,Education,IC2,2.45,0.762,3.19,0.6,0.48,0,0.648003
E00359,2025-02-01,BU01,IT,M1,0.222,0.559,2.19,0.623,0.753,0,0.886504
E00360,2025-02-01,BU08,Operations,IC2,6.081,0.589,3.22,0.6,0.709,0,0.790385
E00361,2025-02-01,BU03,Finance,IC2,4.285,0.576,3.97,1.359,0.661,0,0.513128
E00362,2025-02-01,BU06,Education,IC3,1.771,0.513,3.95,1.19,0.641,0,0.606227
E00363,2025-02-01,BU09,IT,IC1,5.029,0.555,3.13,1.141,0.735,0,0.722486
E00364,2025-02-01,BU06,Clinical,M1,1.476,0.539,3.46,1.013,0.741,0,0.685022
E00365,2025-02-01,BU09,Operations,IC2,9.024,0.625,3.39,0.855,0.721,0,0.720142
E00366,2025-02-01,BU07,Finance,IC2,9.881,0.7,3.05,0.963,0.507,0,0.720366
E00367,2025-02-01,BU09,Operations,IC3,2.815,0.545,3.37,0.974,0.659,0,0.686245
E00368,2025-02-01,BU02,Clinical,IC1,3.441,0.561,3.04,1.016,0.606,0,0.758417
E00369,2025-02-01,BU08,Finance,IC3,1.602,0.572,3.12,0.6,0.846,0,0.867109
E00370,2025-02-01,BU08,Operations,IC2,4.301,0.588,3.56,0.958,0.677,0,0.655809
E00371,2025-02-01,BU02,Admin,M1,2.111,0.702,3.47,0.6,0.636,0,0.733449
E00372,2025-02-01,BU04,Clinical,IC1,7.546,0.465,3.36,0.801,0.549,0,0.769106
E00373,2025-02-01,BU07,Clinical,IC2,7.458,0.532,3.52,0.898,0.839,0,0.743131
E00374,2025-02-01,BU04,Clinical,IC3,10.951,0.656,3.16,0.777,0.665,0,0.778074
E00375,2025-02-01,BU04,Admin,IC1,3.294,0.441,3.11,0.876,0.617,0,0.800115
E00376,2025-02-01,BU06,Admin,IC2,8.216,0.608,3.18,0.958,0.427,0,0.665736
E00377,2025-02-01,BU10,IT,IC3,4.482,0.612,3.94,0.6,0.648,0,0.653379
E00378,2025-02-01,BU06,Education,M1,9.906,0.512,3.52,0.6,0.59,0,0.782301
E00379,2025-02-01,BU10,Operations,IC2,9.588,0.632,3.47,1.014,0.698,0,0.689936
E00380,2025-02-01,BU03,IT,M1,4.89,0.532,3.54,0.983,0.347,0,0.608264
E00381,2025-02-01,BU09,Operations,M2,5.525,0.655,3.26,0.983,0.729,0,0.673148
E00382,2025-02-01,BU10,Education,M1,8.235,0.476,3.46,0.6,0.678,0,0.823615
E00383,2025-02-01,BU02,Admin,IC1,2.149,0.52,2.84,1.181,0.476,0,0.673865
E00384,2025-02-01,BU06,Education,IC3,1.944,0.519,2.81,1.234,0.543,1,0.793632
E00385,2025-02-01,BU07,Admin,IC2,5.281,0.35,2.58,0.604,0.519,0,0.8699
E00386,2025-02-01,BU09,Education,M2,1.645,0.591,3.11,0.6,0.619,0,0.746067
E00387,2025-02-01,BU03,IT,IC2,1.889,0.485,3.61,0.978,0.718,0,0.719681
E00388,2025-02-01,BU10,Finance,IC1,5.916,0.709,3.6,1.516,0.65,0,0.496453
E00389,2025-02-01,BU03,IT,IC3,10.352,0.618,3.13,0.6,0.714,0,0.793765
E00390,2025-02-01,BU07,Operations,IC2,7.521,0.635,3.71,0.6,0.673,0,0.718078
E00391,2025-02-01,BU04,IT,M2,1.725,0.617,3.03,0.6,0.621,0,0.857236
E00392,2025-02-01,BU08,Clinical,M2,5.169,0.627,4.04,0.6,1.0,0,0.782228
E00393,2025-02-01,BU07,Operations,IC3,5.279,0.675,3.08,0.923,0.695,0,0.782919
E00394,2025-02-01,BU05,Education,IC1,0.578,0.461,3.59,1.13,0.697,0,0.654685
E00395,2025-02-01,BU07,Operations,IC3,6.393,0.482,3.06,0.62,0.826,0,0.891324
E00396,2025-02-01,BU03,Finance,IC1,11.072,0.603,3.42,1.077,0.435,0,0.619121
E00397,2025-02-01,BU02,Admin,IC1,3.543,0.57,3.49,1.041,0.616,0,0.683435
E00398,2025-02-01,BU06,Education,M1,6.617,0.511,3.51,1.028,0.628,0,0.682477
E00399,2025-02-01,BU02,Operations,IC1,6.313,0.575,3.86,0.995,0.801,0,0.632205
E00400,2025-02-01,BU03,Education,IC2,4.162,0.47,3.55,0.672,0.589,0,0.741313
E00401,2025-02-01,BU06,Education,M2,7.398,0.793,3.09,0.6,0.724,0,0.771258
E00402,2025-02-01,BU05,Education,IC2,6.073,0.647,3.28,0.896,0.556,0,0.729367
E00403,2025-02-01,BU08,Admin,IC2,7.836,0.578,3.76,0.6,0.617,0,0.714068
E00404,2025-02-01,BU09,IT,M1,8.375,0.743,3.48,0.6,0.467,0,0.618324
E00405,2025-02-01,BU03,Education,IC1,4.827,0.508,3.25,0.839,0.757,0,0.825613
E00406,2025-02-01,BU10,Clinical,M1,3.272,0.577,3.8,0.6,0.583,0,0.738238
E00407,2025-02-01,BU03,Finance,M2,7.91,0.679,3.63,0.756,0.722,0,0.644548
E00408,2025-02-01,BU03,Admin,M1,9.352,0.62,3.04,0.6,0.538,0,0.817925
E00409,2025-02-01,BU06,Operations,IC3,1.971,0.583,3.48,0.768,0.592,0,0.729166
E00410,2025-02-01,BU01,Admin,IC2,8.778,0.542,3.83,0.716,0.466,0,0.640086
E00411,2025-02-01,BU07,Operations,IC2,10.617,0.685,3.22,0.76,0.568,0,0.750748
E00412,2025-02-01,BU01,Admin,M1,3.975,0.595,3.16,0.631,0.6,0,0.801161
E00413,2025-02-01,BU05,Operations,M1,8.446,0.561,3.14,0.6,0.52,0,0.758035
E00414,2025-02-01,BU10,Education,IC2,1.451,0.495,3.45,0.751,0.775,0,0.779509
E00415,2025-02-01,BU08,IT,IC1,5.016,0.657,3.61,1.6,0.513,0,0.466743
E00416,2025-02-01,BU04,Operations,IC1,1.106,0.456,3.42,0.6,0.751,0,0.805716
E00417,2025-02-01,BU05,Operations,IC1,6.91,0.668,3.35,0.892,0.717,0,0.720808
E00418,2025-02-01,BU04,Clinical,IC3,1.268,0.57,3.72,0.938,0.756,0,0.707189
E00419,2025-02-01,BU04,Operations,IC2,6.401,0.799,4.43,0.886,0.443,0,0.321027
E00420,2025-02-01,BU08,Clinical,M1,4.753,0.745,3.14,0.714,0.739,0,0.765757
E00421,2025-02-01,BU02,Finance,IC3,2.642,0.617,2.88,0.6,0.599,0,0.783771
E00422,2025-02-01,BU01,Education,IC1,6.806,0.434,2.92,1.098,0.628,0,0.788663
E00423,2025-02-01,BU03,Clinical,IC3,10.272,0.686,3.09,0.6,0.871,0,0.800381
E00424,2025-02-01,BU09,IT,IC2,1.947,0.581,3.91,0.847,0.611,0,0.610958
E00425,2025-02-01,BU04,Education,IC3,1.238,0.548,3.44,0.663,0.467,0,0.777036
E00426,2025-02-01,BU10,Clinical,IC3,10.48,0.573,3.52,1.381,0.623,0,0.590812
E00427,2025-02-01,BU05,Education,M1,9.221,0.552,2.45,0.671,0.573,0,0.839638
E00428,2025-02-01,BU02,Education,M1,5.629,0.467,2.8,0.6,0.721,0,0.931021
E00429,2025-02-01,BU04,Education,IC2,2.689,0.528,3.47,0.6,0.663,0,0.741889
E00430,2025-02-01,BU02,Finance,IC1,3.365,0.618,3.24,0.989,0.635,0,0.666253
E00431,2025-02-01,BU02,IT,IC3,7.012,0.483,3.45,0.851,0.624,0,0.771839
E00432,2025-02-01,BU04,Admin,IC1,10.689,0.638,2.66,0.887,0.635,0,0.794175
E00433,2025-02-01,BU06,Admin,IC2,4.635,0.627,3.54,0.693,0.611,0,0.711407
E00434,2025-02-01,BU07,Clinical,IC1,6.754,0.591,3.14,0.741,0.77,0,0.738841
E00435,2025-02-01,BU10,Education,IC3,5.599,0.632,3.94,0.818,0.665,0,0.647193
E00436,2025-02-01,BU03,Clinical,IC1,4.613,0.56,2.68,1.244,0.73,0,0.809473
E00437,2025-02-01,BU03,Finance,IC3,8.561,0.444,3.39,1.004,0.55,0,0.718695
E00438,2025-02-01,BU10,Finance,M2,1.84,0.637,3.35,0.6,0.712,0,0.767164
E00439,2025-02-01,BU06,Operations,IC1,8.203,0.648,2.91,1.072,0.878,0,0.731628
E00440,2025-02-01,BU03,Finance,IC1,6.45,0.49,3.61,0.906,0.745,0,0.698215
E00441,2025-02-01,BU02,Operations,IC2,5.582,0.651,3.95,0.762,0.743,0,0.571044
E00442,2025-02-01,BU08,IT,M1,2.371,0.601,2.78,0.6,0.638,0,0.859928
E00443,2025-02-01,BU05,Clinical,IC1,6.522,0.691,3.28,1.085,0.747,0,0.637001
E00444,2025-02-01,BU01,IT,IC2,10.869,0.573,3.56,0.908,0.643,0,0.74
E00445,2025-02-01,BU03,Finance,IC1,7.896,0.603,3.45,0.6,0.852,0,0.758519
E00446,2025-02-01,BU10,IT,M1,6.486,0.639,3.39,0.6,0.405,0,0.708352
E00447,2025-02-01,BU08,IT,IC2,1.73,0.507,3.21,1.326,0.593,0,0.678037
E00448,2025-02-01,BU04,IT,M1,1.832,0.663,2.89,0.6,0.503,0,0.846465
E00449,2025-02-01,BU07,Finance,M1,6.461,0.664,3.2,0.63,0.533,0,0.700778
E00450,2025-02-01,BU10,Education,IC1,4.6,0.544,3.71,1.329,0.647,0,0.564746
E00451,2025-02-01,BU02,IT,M1,7.984,0.642,2.85,0.6,0.602,0,0.861006
E00452,2025-02-01,BU07,Operations,IC1,10.82,0.715,3.65,1.156,0.642,0,0.522077
E00453,2025-02-01,BU05,Finance,M1,6.166,0.632,3.8,0.686,0.65,0,0.69404
E00454,2025-02-01,BU05,IT,IC3,4.194,0.651,3.55,0.6,0.638,0,0.73247
E00455,2025-02-01,BU06,Education,M1,1.837,0.656,3.16,0.6,0.589,0,0.771241
E00456,2025-02-01,BU09,Finance,IC1,1.613,0.382,3.47,0.994,0.534,0,0.742978
E00457,2025-02-01,BU06,Admin,IC1,5.634,0.649,3.33,1.474,0.556,0,0.537738
E00458,2025-02-01,BU08,Education,IC2,7.023,0.632,3.34,0.794,0.754,0,0.752511
E00459,2025-02-01,BU07,Operations,IC2,7.447,0.644,3.82,0.6,0.732,0,0.728037
E00460,2025-02-01,BU09,IT,IC1,9.615,0.676,2.74,0.65,0.587,0,0.813322
E00461,2025-02-01,BU04,Admin,IC2,7.912,0.573,3.63,0.933,0.659,0,0.737944
E00462,2025-02-01,BU02,Admin,IC1,1.358,0.614,3.11,0.921,0.453,0,0.674344
E00463,2025-02-01,BU07,Finance,IC2,2.001,0.6,3.73,0.757,0.688,0,0.728864
E00464,2025-02-01,BU06,Admin,M1,8.183,0.664,3.14,0.6,0.658,0,0.74728
E00465,2025-02-01,BU01,Operations,IC2,1.498,0.513,3.37,0.6,0.763,0,0.800993
E00466,2025-02-01,BU09,Operations,IC1,10.3,0.529,3.18,1.6,0.626,1,0.736084
E00467,2025-02-01,BU09,Clinical,IC2,3.871,0.562,3.83,0.613,0.693,0,0.697362
E00468,2025-02-01,BU02,Operations,IC1,6.122,0.699,3.51,0.964,0.695,0,0.62753
E00469,2025-02-01,BU03,Education,M2,7.751,0.723,3.47,0.6,0.672,0,0.693517
E00470,2025-02-01,BU05,Admin,IC1,3.619,0.633,3.31,0.799,0.506,0,0.678659
E00471,2025-02-01,BU05,Operations,IC3,4.309,0.732,3.76,1.006,0.605,0,0.586138
E00472,2025-02-01,BU01,Finance,M2,9.629,0.755,3.62,0.6,0.707,0,0.701947
E00473,2025-02-01,BU08,Clinical,M1,10.768,0.504,3.56,0.799,0.871,0,0.796222
E00474,2025-02-01,BU08,Admin,IC3,0.89,0.537,3.58,0.6,0.441,0,0.695657
E00475,2025-02-01,BU04,Clinical,M1,7.811,0.518,3.3,0.748,0.739,1,0.798865
E00476,2025-02-01,BU07,Admin,M2,4.082,0.621,3.52,0.6,0.697,0,0.761772
E00477,2025-02-01,BU10,Finance,IC3,9.818,0.569,3.76,0.72,0.673,0,0.687814
E00478,2025-02-01,BU03,Clinical,IC3,9.018,0.591,2.89,0.6,0.842,0,0.856498
E00479,2025-02-01,BU06,IT,IC3,10.168,0.621,2.86,0.6,0.662,0,0.782028
E00480,2025-02-01,BU10,Education,IC2,11.031,0.597,3.1,0.6,0.847,0,0.823516
E00481,2025-02-01,BU10,Education,IC3,8.315,0.612,3.66,0.726,0.582,0,0.671155
E00482,2025-02-01,BU09,Admin,IC2,0.649,0.502,3.86,1.295,0.557,0,0.559652
E00483,2025-02-01,BU01,IT,IC1,6.738,0.47,3.32,0.6,0.642,0,0.781292
E00484,2025-02-01,BU05,Clinical,IC1,8.208,0.623,3.75,0.708,0.719,0,0.634233
E00485,2025-02-01,BU04,IT,IC1,10.839,0.535,3.41,0.901,0.563,0,0.720178
E00486,2025-02-01,BU08,IT,IC2,10.188,0.684,3.35,0.786,0.734,0,0.750533
E00487,2025-02-01,BU01,Clinical,IC1,3.896,0.507,3.7,1.253,0.743,0,0.606521
E00488,2025-02-01,BU09,Finance,IC3,2.067,0.611,3.58,0.6,0.533,0,0.703237
E00489,2025-02-01,BU06,IT,IC2,0.646,0.485,3.36,0.607,0.66,0,0.75895
E00490,2025-02-01,BU04,IT,M1,9.936,0.659,3.2,0.768,0.704,0,0.74198
E00491,2025-02-01,BU09,Finance,IC1,8.487,0.63,3.67,1.188,0.62,0,0.58966
E00492,2025-02-01,BU05,IT,IC1,9.333,0.592,3.51,1.071,0.648,0,0.677301
E00493,2025-02-01,BU05,IT,IC3,8.75,0.505,3.1,0.6,0.454,0,0.831137
E00494,2025-02-01,BU05,IT,IC3,4.542,0.574,3.68,0.882,0.523,0,0.695301
E00495,2025-02-01,BU01,Education,IC1,10.327,0.61,3.07,0.683,0.617,0,0.799261
E00496,2025-02-01,BU01,Operations,M1,1.142,0.57,3.53,0.6,0.552,0,0.753227
E00497,2025-02-01,BU08,Finance,M1,3.97,0.457,3.98,0.66,0.43,0,0.679161
E00498,2025-02-01,BU08,IT,IC2,1.457,0.599,3.61,0.6,0.738,0,0.695258
E00499,2025-02-01,BU06,Education,IC2,1.988,0.534,3.02,0.746,0.729,0,0.847336
E00500,2025-02-01,BU04,Finance,M2,1.837,0.598,3.59,0.6,0.598,0,0.762197
E00001,2025-03-01,BU03,Operations,IC2,5.079,0.679,2.78,0.935,0.714,0,0.801373
E00002,2025-03-01,BU05,Education,IC2,7.989,0.49,3.45,1.6,0.625,0,0.533516
E00003,2025-03-01,BU01,Operations,IC2,0.474,0.51,3.27,0.607,0.878,0,0.835488
E00004,2025-03-01,BU01,Clinical,IC1,3.622,0.424,3.55,1.146,0.812,0,0.727885
E00005,2025-03-01,BU10,Finance,IC2,6.894,0.609,3.62,0.6,0.617,1,0.785707
E00006,2025-03-01,BU09,IT,M2,4.386,0.613,3.53,0.6,0.573,0,0.696648
E00007,2025-03-01,BU07,Operations,IC1,1.796,0.54,3.93,1.044,0.934,0,0.697618
E00008,2025-03-01,BU01,Finance,IC1,9.016,0.637,3.19,1.564,0.728,0,0.595764
E00009,2025-03-01,BU08,Clinical,IC2,4.315,0.595,3.04,0.6,0.829,0,0.868379
E00010,2025-03-01,BU03,Admin,M1,0.52,0.595,3.21,0.704,0.598,0,0.801356
E00011,2025-03-01,BU08,Education,IC3,0.909,0.58,3.49,0.6,0.635,0,0.779011
E00012,2025-03-01,BU05,Finance,IC3,3.452,0.656,2.76,0.6,0.626,0,0.835061
E00013,2025-03-01,BU01,Finance,IC1,6.823,0.568,2.95,0.941,0.6,0,0.782906
E00014,2025-03-01,BU07,Admin,IC3,7.422,0.557,3.52,1.193,0.53,0,0.606007
E00015,2025-03-01,BU05,Finance,IC2,3.885,0.63,3.56,0.6,0.597,0,0.715431
E00016,2025-03-01,BU06,Clinical,M1,3.368,0.553,3.05,0.6,0.668,0,0.865421
E00017,2025-03-01,BU06,Clinical,IC3,8.797,0.783,3.65,0.6,0.677,0,0.633947
E00018,2025-03-01,BU08,Admin,IC1,5.443,0.643,3.52,0.836,0.627,0,0.718224
E00019,2025-03-01,BU09,Education,IC1,6.519,0.648,3.6,1.501,0.648,0,0.503647
E00020,2025-03-01,BU02,IT,IC1,9.974,0.55,2.54,0.864,0.559,0,0.782218
E00021,2025-03-01,BU09,Operations,IC2,4.14,0.699,3.85,1.198,0.787,0,0.499631
E00022,2025-03-01,BU10,IT,IC2,5.999,0.536,2.6,1.01,0.717,0,0.887606
E00023,2025-03-01,BU09,Finance,IC3,9.886,0.623,2.81,0.6,0.446,0,0.786769
E00024,2025-03-01,BU10,Operations,IC2,7.072,0.719,4.15,0.688,0.724,0,0.623386
E00025,2025-03-01,BU10,Admin,IC2,11.157,0.637,3.81,0.6,0.519,0,0.631005
E00026,2025-03-01,BU07,Admin,IC1,1.667,0.557,3.49,0.61,0.611,0,0.762647
E00027,2025-03-01,BU01,Education,IC1,5.563,0.609,2.89,1.071,0.738,0,0.765559
E00028,2025-03-01,BU07,Operations,M1,2.609,0.489,3.23,0.6,0.861,0,0.782326
E00029,2025-03-01,BU10,Clinical,IC1,10.76,0.55,3.69,0.724,1.0,0,0.780406
E00030,2025-03-01,BU05,Operations,IC3,0.227,0.555,3.45,0.6,0.677,0,0.772078
E00031,2025-03-01,BU06,Finance,M1,1.136,0.593,3.37,0.6,0.873,0,0.853527
E00032,2025-03-01,BU10,Clinical,IC3,1.645,0.41,3.59,0.6,0.824,0,0.774346
E00033,2025-03-01,BU07,Admin,M1,8.654,0.494,4.08,0.6,0.659,0,0.687416
E00034,2025-03-01,BU05,Operations,IC2,4.46,0.738,3.06,0.819,0.765,0,0.705381
E00035,2025-03-01,BU07,IT,M2,7.926,0.566,3.46,0.6,0.853,0,0.775363
E00036,2025-03-01,BU09,Education,IC1,2.491,0.586,3.49,0.6,0.566,0,0.786256
E00037,2025-03-01,BU03,IT,IC1,9.109,0.627,3.33,1.6,0.668,0,0.493692
E00038,2025-03-01,BU08,Education,IC3,7.151,0.488,3.5,0.6,0.385,0,0.743147
E00039,2025-03-01,BU02,Finance,M2,8.903,0.642,2.53,0.6,0.558,0,0.884151
E00040,2025-03-01,BU07,IT,M1,4.446,0.635,3.45,0.6,0.55,0,0.72378
E00041,2025-03-01,BU02,Operations,IC1,6.678,0.671,3.44,1.6,0.632,0,0.482387
E00042,2025-03-01,BU04,Operations,IC2,2.294,0.615,2.96,0.6,0.947,0,0.85066
E00043,2025-03-01,BU07,IT,M2,4.931,0.484,3.21,0.6,0.662,0,0.856408
E00044,2025-03-01,BU03,Operations,IC2,10.155,0.587,3.75,0.789,0.687,0,0.707318
E00045,2025-03-01,BU02,Finance,M1,7.849,0.607,4.01,0.6,0.518,0,0.55683
E00046,2025-03-01,BU10,Clinical,M1,2.215,0.474,3.22,0.682,0.875,0,0.794629
E00047,2025-03-01,BU07,Finance,IC2,9.473,0.573,3.56,0.6,0.69,0,0.733688
E00048,2025-03-01,BU01,Education,IC2,1.936,0.533,3.25,0.6,0.409,0,0.779117
E00049,2025-03-01,BU08,Finance,IC2,2.201,0.478,3.41,0.609,0.727,0,0.842718
E00050,2025-03-01,BU03,Education,IC1,1.478,0.416,3.08,0.6,0.499,0,0.884935
E00051,2025-03-01,BU02,Operations,M1,6.648,0.607,3.36,0.6,0.776,0,0.795952
E00052,2025-03-01,BU03,Clinical,IC2,9.232,0.576,2.88,1.019,0.705,0,0.757061
E00053,2025-03-01,BU05,Operations,M1,7.896,0.548,3.34,0.6,0.834,0,0.819485
E00054,2025-03-01,BU08,Admin,IC1,4.964,0.594,3.94,1.488,0.305,0,0.45671
E00055,2025-03-01,BU10,Operations,M2,3.365,0.63,3.05,0.6,0.729,0,0.776115
E00056,2025-03-01,BU07,Education,IC2,8.819,0.736,3.14,1.103,0.68,0,0.59008
E00057,2025-03-01,BU07,Operations,IC1,10.834,0.537,2.94,0.89,0.8,0,0.838874
E00058,2025-03-01,BU07,Operations,IC1,7.94,0.513,3.22,0.762,0.702,0,0.798051
E00059,2025-03-01,BU08,Clinical,IC3,9.21,0.555,3.44,1.087,0.806,0,0.719087
E00060,2025-03-01,BU01,Operations,IC3,3.496,0.485,3.5,0.6,0.699,0,0.81247
E00061,2025-03-01,BU04,Clinical,M1,7.849,0.609,2.34,0.6,0.806,0,0.883827
E00062,2025-03-01,BU06,IT,IC1,9.287,0.595,3.58,1.206,0.638,0,0.61373
E00063,2025-03-01,BU09,Admin,IC1,5.834,0.739,3.59,1.312,0.475,0,0.446007
E00064,2025-03-01,BU02,Clinical,IC2,5.878,0.581,2.99,0.6,0.744,0,0.831933
E00065,2025-03-01,BU01,Education,IC2,1.774,0.504,3.71,1.101,0.733,0,0.634148
E00066,2025-03-01,BU10,IT,IC2,7.663,0.591,3.17,0.6,0.747,0,0.851353
E00067,2025-03-01,BU02,Clinical,M2,5.462,0.5,2.9,0.6,0.703,0,0.850556
E00068,2025-03-01,BU07,Clinical,M2,9.613,0.623,2.68,0.6,0.785,0,0.84523
E00069,2025-03-01,BU03,Admin,M2,1.815,0.542,3.09,0.6,0.607,0,0.821818
E00070,2025-03-01,BU10,Education,M1,9.396,0.511,3.81,0.6,0.489,0,0.70607
E00071,2025-03-01,BU02,Finance,IC2,1.366,0.55,3.03,0.865,0.431,0,0.712672
E00072,2025-03-01,BU07,Finance,IC2,7.65,0.578,3.36,1.091,0.743,0,0.701222
E00073,2025-03-01,BU02,Clinical,IC2,3.365,0.693,3.61,0.832,0.927,0,0.641061
E00074,2025-03-01,BU03,Operations,M1,4.819,0.421,3.29,0.6,0.532,0,0.803893
E00075,2025-03-01,BU07,Education,IC1,2.987,0.676,3.31,1.296,0.605,0,0.577239
E00076,2025-03-01,BU04,IT,IC2,3.661,0.671,3.94,0.787,0.586,0,0.595511
E00077,2025-03-01,BU01,Operations,IC1,6.313,0.589,3.34,0.6,0.648,0,0.791533
E00078,2025-03-01,BU05,Operations,IC2,9.281,0.469,3.58,0.6,0.709,0,0.772307
E00079,2025-03-01,BU09,Education,M1,7.058,0.509,3.62,0.6,0.525,0,0.707033
E00080,2025-03-01,BU08,Clinical,M1,3.222,0.576,3.14,0.915,0.975,0,0.772885
E00081,2025-03-01,BU09,Clinical,IC1,1.446,0.518,3.57,1.471,0.803,0,0.612889
E00082,2025-03-01,BU10,Clinical,M2,2.376,0.613,3.57,0.704,0.723,0,0.753714
E00083,2025-03-01,BU09,Clinical,IC3,2.376,0.646,2.94,0.647,0.76,0,0.786418
E00084,2025-03-01,BU07,Finance,IC1,10.248,0.826,3.27,1.299,0.701,0,0.56252
E00085,2025-03-01,BU04,Clinical,IC2,3.11,0.573,3.81,0.6,0.861,0,0.768607
E00086,2025-03-01,BU05,Finance,IC2,4.731,0.481,3.42,0.733,0.62,0,0.774751
E00087,2025-03-01,BU01,Finance,IC1,2.595,0.611,3.11,1.086,0.69,0,0.721669
E00088,2025-03-01,BU01,Clinical,M2,3.573,0.634,3.55,0.6,0.747,0,0.716277
E00089,2025-03-01,BU03,Admin,IC2,10.401,0.495,3.45,0.808,0.581,0,0.788638
E00090,2025-03-01,BU08,IT,M1,3.431,0.486,3.32,0.914,0.635,0,0.784779
E00091,2025-03-01,BU02,Operations,IC2,4.077,0.641,3.1,0.916,0.767,0,0.691079
E00092,2025-03-01,BU04,Finance,IC1,0.318,0.361,3.25,1.321,0.708,0,0.696535
E00093,2025-03-01,BU02,Education,IC2,8.342,0.621,3.54,0.6,0.663,0,0.742896
E00094,2025-03-01,BU05,Education,IC1,11.017,0.73,3.46,1.568,0.587,0,0.474234
E00095,2025-03-01,BU09,IT,IC2,3.833,0.75,3.39,0.661,0.69,0,0.711964
E00096,2025-03-01,BU01,Education,M1,8.824,0.656,3.48,0.6,0.477,0,0.706972
E00097,2025-03-01,BU05,Admin,IC2,8.69,0.718,3.29,0.707,0.459,0,0.735476
E00098,2025-03-01,BU09,Education,IC3,10.998,0.518,3.42,0.6,0.529,0,0.755558
E00099,2025-03-01,BU01,Operations,IC1,0.556,0.58,3.49,1.386,0.552,0,0.543603
E00100,2025-03-01,BU09,Operations,IC1,7.151,0.449,3.21,0.806,0.602,0,0.829406
E00101,2025-03-01,BU08,Finance,IC1,1.678,0.555,3.45,0.689,0.54,0,0.66681
E00102,2025-03-01,BU04,Clinical,IC3,4.89,0.439,3.41,0.6,1.0,0,0.890911
E00103,2025-03-01,BU10,Admin,IC1,2.163,0.665,3.58,1.335,0.538,0,0.481669
E00104,2025-03-01,BU05,Finance,IC2,2.609,0.603,3.11,0.765,0.582,0,0.801703
E00105,2025-03-01,BU05,Admin,IC3,4.482,0.464,3.24,0.6,0.301,1,0.778602
E00106,2025-03-01,BU06,Clinical,IC2,2.883,0.482,3.57,0.861,0.856,0,0.73336
E00107,2025-03-01,BU07,Education,IC1,3.877,0.52,3.11,0.724,0.66,0,0.801595
E00108,2025-03-01,BU08,Education,IC2,9.741,0.554,3.79,0.6,0.708,0,0.729474
E00109,2025-03-01,BU08,Clinical,M1,10.215,0.614,2.94,0.942,0.651,0,0.743525
E00110,2025-03-01,BU02,Finance,IC3,4.936,0.65,3.46,0.771,0.641,0,0.696645
E00111,2025-03-01,BU09,Clinical,IC2,4.194,0.774,3.3,0.746,0.65,0,0.682004
E00112,2025-03-01,BU07,IT,IC1,3.685,0.51,3.64,0.823,0.55,0,0.704258
E00113,2025-03-01,BU04,Operations,M2,6.628,0.535,3.37,0.683,0.407,0,0.69617
E00114,2025-03-01,BU04,Finance,IC3,8.309,0.485,3.62,1.6,0.665,0,0.595771
E00115,2025-03-01,BU08,Admin,IC2,3.403,0.624,3.26,0.87,0.666,0,0.746817
E00116,2025-03-01,BU04,IT,M1,5.377,0.564,2.9,0.6,0.784,0,0.866766
E00117,2025-03-01,BU06,Finance,IC2,0.991,0.515,3.87,0.722,0.768,0,0.684379
E00118,2025-03-01,BU05,Clinical,IC2,8.635,0.56,3.06,0.838,0.863,0,0.839801
E00119,2025-03-01,BU03,Clinical,IC3,10.968,0.701,2.92,0.6,0.763,0,0.804017
E00120,2025-03-01,BU10,Clinical,IC1,9.076,0.527,3.68,1.008,0.745,0,0.704484
E00121,2025-03-01,BU02,Clinical,M2,6.177,0.587,2.98,0.6,0.825,0,0.860637
E00122,2025-03-01,BU09,Admin,IC3,8.364,0.56,3.14,1.007,0.63,0,0.720398
E00123,2025-03-01,BU10,IT,IC3,10.867,0.716,3.48,0.934,0.473,0,0.559896
E00124,2025-03-01,BU09,Education,IC1,6.24,0.65,3.69,0.905,0.481,0,0.596035
E00125,2025-03-01,BU01,Operations,IC1,1.574,0.61,3.42,1.545,0.573,0,0.546444
E00126,2025-03-01,BU10,Admin,IC2,4.427,0.58,3.87,1.481,0.574,0,0.456528
E00127,2025-03-01,BU03,Admin,M1,4.638,0.684,3.24,0.605,0.56,0,0.748191
E00128,2025-03-01,BU08,Education,IC2,1.092,0.439,3.6,0.84,0.553,0,0.698888
E00129,2025-03-01,BU06,Education,IC2,2.99,0.53,3.7,0.6,0.653,0,0.730655
E00130,2025-03-01,BU05,Operations,IC3,1.196,0.646,2.99,0.6,0.743,0,0.82604
E00131,2025-03-01,BU05,Operations,IC1,1.47,0.479,3.26,0.766,0.683,0,0.838279
E00132,2025-03-01,BU06,Education,IC3,8.222,0.702,3.38,0.6,0.673,0,0.737026
E00133,2025-03-01,BU07,Clinical,IC1,5.144,0.551,4.1,0.6,0.984,0,0.71691
E00134,2025-03-01,BU01,Admin,M2,10.483,0.577,3.68,0.6,0.477,0,0.635703
E00135,2025-03-01,BU09,Finance,IC2,7.567,0.453,3.46,0.608,0.608,0,0.814017
E00136,2025-03-01,BU03,Operations,IC1,8.142,0.687,2.46,1.367,0.838,0,0.784488
E00137,2025-03-01,BU04,Operations,IC2,6.689,0.507,3.11,0.6,0.677,0,0.835412
E00138,2025-03-01,BU10,Education,IC2,4.794,0.495,3.95,0.6,0.425,0,0.706333
E00139,2025-03-01,BU01,IT,M1,4.679,0.576,3.46,0.6,0.671,0,0.742272
E00140,2025-03-01,BU10,Finance,IC3,0.378,0.633,3.18,0.603,0.632,0,0.816143
E00141,2025-03-01,BU03,Finance,IC3,7.22,0.675,2.64,0.6,0.634,0,0.869615
E00142,2025-03-01,BU02,Operations,IC1,4.802,0.686,3.59,0.899,0.773,0,0.686422
E00143,2025-03-01,BU02,Clinical,IC1,0.679,0.504,3.12,0.668,0.833,0,0.853601
E00144,2025-03-01,BU01,IT,IC1,8.799,0.514,3.01,1.05,0.647,0,0.721817
E00145,2025-03-01,BU08,Finance,IC3,5.311,0.465,3.7,1.571,0.734,0,0.5396
E00146,2025-03-01,BU03,Operations,M1,9.202,0.611,3.35,0.6,0.699,0,0.779682
E00147,2025-03-01,BU03,Finance,IC2,1.769,0.594,3.12,0.671,0.834,0,0.794126
E00148,2025-03-01,BU06,IT,IC1,2.916,0.6,4.24,0.75,0.671,0,0.617536
E00149,2025-03-01,BU08,IT,IC3,6.962,0.557,3.36,0.6,0.813,0,0.810947
E00150,2025-03-01,BU09,Admin,M1,5.982,0.583,3.54,0.766,0.613,0,0.703714
E00151,2025-03-01,BU09,Education,IC3,7.841,0.542,4.07,0.725,0.563,0,0.640004
E00152,2025-03-01,BU04,Education,M1,0.468,0.541,3.59,0.715,0.52,0,0.717431
E00153,2025-03-01,BU05,Operations,IC2,2.048,0.395,3.46,0.749,0.883,1,0.868237
E00154,2025-03-01,BU02,IT,IC1,4.465,0.429,3.54,0.6,0.661,0,0.763156
E00155,2025-03-01,BU09,Admin,M1,3.154,0.633,3.84,0.6,0.439,0,0.628829
E00156,2025-03-01,BU08,Admin,IC3,5.123,0.576,3.87,0.865,0.622,0,0.676828
E00157,2025-03-01,BU03,Finance,IC2,10.825,0.543,3.78,0.822,0.655,0,0.679945
E00158,2025-03-01,BU09,Finance,IC3,10.738,0.676,3.25,1.01,0.656,0,0.613676
E00159,2025-03-01,BU03,Admin,M1,2.686,0.502,3.1,0.6,0.42,0,0.804058
E00160,2025-03-01,BU09,Finance,IC3,0.988,0.626,4.02,0.6,0.633,0,0.653892
E00161,2025-03-01,BU02,IT,IC3,2.648,0.466,3.53,0.6,0.71,0,0.815413
E00162,2025-03-01,BU10,Clinical,IC2,7.472,0.568,3.63,0.903,0.598,0,0.703487
E00163,2025-03-01,BU09,IT,IC2,2.286,0.43,3.12,1.026,0.68,0,0.782599
E00164,2025-03-01,BU08,Admin,IC2,8.172,0.541,3.91,1.008,0.557,0,0.584995
E00165,2025-03-01,BU09,Admin,M1,4.345,0.504,3.82,0.6,0.54,0,0.696242
E00166,2025-03-01,BU05,IT,M1,5.561,0.588,3.58,0.6,0.78,0,0.780731
E00167,2025-03-01,BU02,Finance,M1,3.691,0.526,2.71,0.6,0.592,0,0.828065
E00168,2025-03-01,BU08,Finance,IC1,0.197,0.474,3.21,1.535,0.648,0,0.645435
E00169,2025-03-01,BU06,Education,IC3,2.546,0.551,3.4,0.6,0.709,0,0.793254
E00170,2025-03-01,BU08,Admin,M1,6.229,0.654,3.45,0.6,0.514,0,0.75816
E00171,2025-03-01,BU05,Operations,IC3,10.812,0.592,3.06,0.804,0.626,0,0.772673
E00172,2025-03-01,BU10,Education,M1,8.523,0.585,3.37,0.627,0.758,0,0.737676
E00173,2025-03-01,BU02,Finance,M1,1.388,0.598,3.24,0.914,0.479,0,0.667295
E00174,2025-03-01,BU06,IT,IC2,3.187,0.641,2.85,1.269,0.72,0,0.782216
E00175,2025-03-01,BU05,Finance,IC2,0.914,0.483,3.45,0.631,0.412,0,0.772064
E00176,2025-03-01,BU05,IT,IC1,5.38,0.638,3.46,0.6,0.645,0,0.792397
E00177,2025-03-01,BU01,Education,IC2,3.57,0.597,3.75,0.6,0.56,0,0.667031
E00178,2025-03-01,BU02,Admin,IC3,2.36,0.561,3.01,0.6,0.698,0,0.787843
E00179,2025-03-01,BU08,Finance,M1,7.179,0.594,3.05,0.6,0.574,0,0.793077
E00180,2025-03-01,BU03,IT,IC1,11.042,0.638,3.41,1.6,0.694,0,0.577343
E00181,2025-03-01,BU10,Admin,IC1,10.24,0.473,3.35,0.899,0.56,0,0.772593
E00182,2025-03-01,BU03,Operations,IC3,1.191,0.457,3.41,0.723,0.677,0,0.780642
E00183,2025-03-01,BU08,IT,IC1,7.773,0.665,2.53,1.015,0.774,0,0.744739
E00184,2025-03-01,BU08,Education,IC1,4.43,0.522,3.05,0.749,0.643,0,0.838905
E00185,2025-03-01,BU02,Operations,IC1,9.916,0.576,3.71,0.6,0.743,0,0.785635
E00186,2025-03-01,BU08,Operations,IC1,8.271,0.725,3.53,0.929,0.614,0,0.63712
E00187,2025-03-01,BU01,Clinical,IC1,10.689,0.612,3.5,1.6,0.842,0,0.570987
E00188,2025-03-01,BU06,Finance,IC2,7.113,0.596,3.24,0.6,0.666,0,0.79241
E00189,2025-03-01,BU08,IT,IC2,10.478,0.62,3.17,0.6,0.518,0,0.733227
E00190,2025-03-01,BU03,Operations,M1,4.123,0.735,3.43,1.008,0.654,0,0.642721
E00191,2025-03-01,BU08,Clinical,IC2,10.779,0.585,2.74,1.004,0.776,0,0.795868
E00192,2025-03-01,BU01,Education,IC3,0.876,0.459,2.97,0.6,0.654,0,0.841328
E00193,2025-03-01,BU09,Admin,IC1,10.226,0.667,3.25,1.427,0.577,0,0.611334
E00194,2025-03-01,BU09,IT,IC1,9.947,0.796,3.44,0.685,0.715,0,0.706582
E00195,2025-03-01,BU05,Operations,IC3,9.728,0.649,3.13,0.6,0.706,0,0.785304
E00196,2025-03-01,BU10,Finance,IC1,6.053,0.594,3.83,1.337,0.511,0,0.45835
E00197,2025-03-01,BU04,Clinical,IC2,4.947,0.59,3.34,1.6,0.835,0,0.581681
E00198,2025-03-01,BU06,Operations,IC3,6.768,0.635,3.79,0.6,0.812,0,0.729065
E00199,2025-03-01,BU07,Finance,IC3,10.442,0.564,3.07,0.993,0.617,0,0.76812
E00200,2025-03-01,BU05,Operations,IC1,11.009,0.563,3.98,1.088,0.886,0,0.695065
E00201,2025-03-01,BU10,IT,IC2,8.392,0.634,2.97,0.831,0.403,0,0.685192
E00202,2025-03-01,BU09,IT,IC3,9.577,0.59,3.45,0.7,0.696,0,0.841113
E00203,2025-03-01,BU03,IT,IC1,7.025,0.54,3.66,0.6,0.514,0,0.696525
E00204,2025-03-01,BU07,Education,IC3,1.265,0.506,2.95,0.851,0.654,0,0.749959
E00205,2025-03-01,BU10,Education,IC3,5.766,0.527,4.28,0.6,0.707,0,0.657403
E00206,2025-03-01,BU10,Clinical,M2,4.638,0.751,4.1,0.6,0.655,0,0.652274
E00207,2025-03-01,BU05,IT,IC1,7.567,0.544,3.01,1.268,0.706,0,0.685466
E00208,2025-03-01,BU07,Finance,M1,5.161,0.469,3.41,0.632,0.638,0,0.842033
E00209,2025-03-01,BU02,Operations,IC2,0.731,0.48,3.29,0.748,0.623,0,0.746306
E00210,2025-03-01,BU04,Admin,IC2,4.115,0.487,3.55,1.122,0.501,0,0.63686
E00211,2025-03-01,BU02,Finance,IC1,1.008,0.51,3.36,1.521,0.698,0,0.646525
E00212,2025-03-01,BU07,Education,IC3,11.159,0.593,3.54,0.936,0.648,0,0.656423
E00213,2025-03-01,BU02,Education,IC1,5.259,0.591,2.94,0.793,0.668,0,0.807737
E00214,2025-03-01,BU01,Finance,IC2,3.789,0.577,3.45,1.091,0.61,0,0.703322
E00215,2025-03-01,BU09,Education,IC1,6.387,0.576,2.87,0.953,0.528,0,0.770594
E00216,2025-03-01,BU01,IT,M1,7.425,0.556,3.35,1.005,0.314,0,0.604091
E00217,2025-03-01,BU08,Clinical,M1,9.719,0.62,3.19,0.6,0.776,0,0.836102
E00218,2025-03-01,BU02,Operations,IC3,5.259,0.578,3.06,0.617,0.583,0,0.811403
E00219,2025-03-01,BU08,Clinical,IC2,5.281,0.58,3.2,0.6,0.834,0,0.843269
E00220,2025-03-01,BU03,Operations,IC1,1.106,0.541,3.47,0.966,0.621,0,0.732131
E00221,2025-03-01,BU06,Operations,IC3,11.099,0.642,3.62,0.724,0.857,0,0.775967
E00222,2025-03-01,BU03,Clinical,IC2,3.012,0.604,3.72,0.84,0.838,0,0.729578
E00223,2025-03-01,BU07,Finance,IC1,0.479,0.45,3.37,1.117,0.6,0,0.692018
E00224,2025-03-01,BU10,Operations,IC3,5.949,0.551,2.9,0.815,0.763,0,0.821999
E00225,2025-03-01,BU09,Clinical,M2,9.15,0.556,3.39,0.6,0.798,0,0.813456
E00226,2025-03-01,BU02,Operations,IC3,7.778,0.672,3.55,0.6,0.671,1,0.817525
E00227,2025-03-01,BU05,Admin,IC3,0.602,0.655,3.36,0.6,0.466,0,0.724102
E00228,2025-03-01,BU06,Finance,M2,7.748,0.683,3.41,0.679,0.563,0,0.685165
E00229,2025-03-01,BU04,IT,IC1,8.203,0.625,3.9,1.047,0.364,0,0.497701
E00230,2025-03-01,BU04,Operations,IC3,2.136,0.512,3.96,0.6,0.678,0,0.725556
E00231,2025-03-01,BU04,Admin,M2,8.775,0.69,3.36,0.725,0.626,0,0.688141
E00232,2025-03-01,BU02,IT,IC1,8.764,0.626,3.35,1.6,0.649,0,0.542372
E00233,2025-03-01,BU04,IT,IC3,7.674,0.525,3.27,0.6,0.591,0,0.819873
E00234,2025-03-01,BU01,Operations,IC3,4.953,0.622,3.3,0.743,0.734,0,0.758362
E00235,2025-03-01,BU06,Clinical,IC3,7.778,0.637,3.29,0.6,0.78,0,0.817314
E00236,2025-03-01,BU01,Operations,IC3,2.623,0.714,3.04,0.756,0.627,0,0.748922
E00237,2025-03-01,BU10,Admin,M1,10.817,0.477,3.44,0.6,0.563,0,0.811519
E00238,2025-03-01,BU06,IT,M1,3.789,0.676,3.6,0.6,0.725,0,0.790176
E00239,2025-03-01,BU01,Operations,IC1,4.78,0.578,3.46,1.302,0.549,0,0.616211
E00240,2025-03-01,BU06,Clinical,M1,9.394,0.413,3.15,0.733,0.713,0,0.830698
E00241,2025-03-01,BU10,Operations,IC1,3.37,0.695,3.65,1.054,0.762,0,0.608983
E00242,2025-03-01,BU08,Finance,IC2,10.949,0.51,3.4,0.633,0.514,0,0.720507
E00243,2025-03-01,BU02,Clinical,IC2,1.106,0.607,3.69,0.6,0.971,0,0.7698
E00244,2025-03-01,BU02,Admin,IC2,2.776,0.538,3.18,0.6,0.412,0,0.751148
E00245,2025-03-01,BU04,IT,IC2,2.423,0.436,3.7,0.681,0.518,0,0.710164
E00246,2025-03-01,BU03,Operations,M2,10.144,0.493,2.8,0.6,0.737,0,0.898287
E00247,2025-03-01,BU04,Clinical,IC3,4.956,0.545,3.38,0.6,0.78,0,0.824291
E00248,2025-03-01,BU07,Finance,IC3,1.9,0.583,3.84,0.6,0.661,0,0.659192
E00249,2025-03-01,BU01,Clinical,IC1,9.164,0.662,2.67,1.011,0.915,0,0.821442
E00250,2025-03-01,BU06,Education,M1,5.131,0.635,3.59,0.77,0.575,0,0.682632
E00251,2025-03-01,BU03,Finance,M1,1.522,0.481,2.95,0.6,0.598,0,0.864472
E00252,2025-03-01,BU10,Admin,M1,3.028,0.668,3.7,0.6,0.618,0,0.7255
E00253,2025-03-01,BU07,IT,IC1,7.176,0.568,3.25,0.689,0.759,0,0.784139
E00254,2025-03-01,BU10,Admin,IC1,10.519,0.532,3.4,1.168,0.654,0,0.64302
E00255,2025-03-01,BU02,Operations,IC1,9.618,0.658,3.6,1.168,0.664,0,0.58618
E00256,2025-03-01,BU02,Clinical,IC1,10.371,0.581,3.36,1.017,0.822,0,0.740504
E00257,2025-03-01,BU04,Education,IC2,6.382,0.595,3.49,1.202,0.778,0,0.671092
E00258,2025-03-01,BU01,Finance,M1,7.036,0.59,2.98,0.6,0.782,0,0.850357
E00259,2025-03-01,BU03,Finance,IC2,0.728,0.532,4.29,1.505,0.647,0,0.439889
E00260,2025-03-01,BU09,Clinical,IC1,4.698,0.63,3.46,1.202,0.693,0,0.658534
E00261,2025-03-01,BU07,Education,IC2,2.954,0.554,4.2,0.6,0.596,0,0.678433
E00262,2025-03-01,BU07,Clinical,IC1,2.33,0.616,3.46,1.6,0.862,0,0.590871
E00263,2025-03-01,BU04,Operations,IC1,9.043,0.605,3.78,0.697,0.682,0,0.726632
E00264,2025-03-01,BU02,Admin,IC2,8.197,0.63,3.46,0.6,0.557,0,0.688946
E00265,2025-03-01,BU04,Finance,IC2,9.125,0.612,2.89,0.899,0.543,0,0.737903
E00266,2025-03-01,BU06,Operations,M1,7.702,0.593,3.4,0.6,0.77,0,0.801697
E00267,2025-03-01,BU03,Admin,M2,3.244,0.599,3.8,0.6,0.584,0,0.734975
E00268,2025-03-01,BU01,Operations,IC2,5.777,0.62,3.22,1.293,0.807,0,0.696066
E00269,2025-03-01,BU08,Education,IC2,3.255,0.644,4.35,0.895,0.768,0,0.579396
E00270,2025-03-01,BU05,Finance,M1,10.453,0.724,3.52,0.719,0.566,0,0.717328
E00271,2025-03-01,BU05,Clinical,IC2,4.115,0.668,3.01,0.639,0.777,0,0.795273
E00272,2025-03-01,BU04,Clinical,IC1,7.652,0.635,3.13,0.6,0.84,0,0.813456
E00273,2025-03-01,BU06,Admin,M1,0.783,0.585,3.29,0.693,0.689,0,0.808161
E00274,2025-03-01,BU03,IT,IC1,10.825,0.738,3.04,1.304,0.654,0,0.652656
E00275,2025-03-01,BU09,Education,IC3,4.077,0.488,2.89,0.866,0.712,0,0.824035
E00276,2025-03-01,BU05,Admin,IC3,7.31,0.533,3.18,0.704,0.557,0,0.785031
E00277,2025-03-01,BU03,IT,IC2,5.941,0.693,3.43,0.6,0.781,0,0.767964
E00278,2025-03-01,BU01,Operations,IC2,3.65,0.444,3.45,1.6,0.679,0,0.568217
E00279,2025-03-01,BU10,Education,M1,7.743,0.557,3.36,0.656,0.587,0,0.804387
E00280,2025-03-01,BU06,Operations,IC1,8.222,0.564,3.4,0.783,0.679,0,0.75773
E00281,2025-03-01,BU02,Finance,IC1,3.053,0.69,3.21,0.89,0.684,0,0.674267
E00282,2025-03-01,BU03,Education,IC3,8.698,0.541,3.76,0.716,0.72,0,0.708483
E00283,2025-03-01,BU01,IT,IC2,3.042,0.534,3.68,1.055,0.438,0,0.602906
E00284,2025-03-01,BU09,Finance,IC1,10.075,0.596,3.18,0.985,0.602,0,0.719501
E00285,2025-03-01,BU08,Clinical,M1,10.004,0.492,3.24,0.685,0.934,0,0.787446
E00286,2025-03-01,BU02,IT,IC2,9.331,0.563,3.23,0.731,0.62,0,0.761573
E00287,2025-03-01,BU08,Admin,M1,5.941,0.618,3.5,0.6,0.552,0,0.713838
E00288,2025-03-01,BU09,Clinical,M1,9.018,0.52,3.65,0.611,0.93,0,0.776114
E00289,2025-03-01,BU01,Clinical,IC3,2.842,0.596,3.19,0.724,0.729,0,0.758728
E00290,2025-03-01,BU05,Admin,IC2,7.45,0.577,3.3,0.734,0.58,0,0.743998
E00291,2025-03-01,BU08,Education,M2,10.732,0.512,3.18,0.6,0.625,0,0.796373
E00292,2025-03-01,BU02,Clinical,IC1,8.142,0.616,2.92,1.008,0.916,0,0.740321
E00293,2025-03-01,BU04,IT,IC3,10.582,0.719,3.14,0.659,0.615,0,0.788653
E00294,2025-03-01,BU07,Finance,IC1,6.182,0.494,3.65,0.706,0.536,0,0.730815
E00295,2025-03-01,BU03,Clinical,IC2,7.606,0.528,3.11,0.6,0.859,0,0.828514
E00296,2025-03-01,BU05,IT,IC2,3.409,0.531,3.08,0.843,0.664,0,0.795722
E00297,2025-03-01,BU08,Operations,M2,3.937,0.555,3.86,0.6,0.446,0,0.675519
E00298,2025-03-01,BU10,IT,M2,5.103,0.654,3.56,0.6,0.706,0,0.766783
E00299,2025-03-01,BU03,Finance,IC1,8.761,0.552,3.12,0.742,0.818,0,0.76824
E00300,2025-03-01,BU04,IT,IC1,10.897,0.657,3.48,0.678,0.69,0,0.703441
E00301,2025-03-01,BU09,Admin,IC3,10.357,0.616,4.09,0.818,0.478,0,0.554539
E00302,2025-03-01,BU07,Finance,IC2,0.515,0.554,3.84,0.614,0.668,0,0.727845
E00303,2025-03-01,BU01,Education,IC1,9.125,0.482,3.37,1.6,0.709,0,0.598218
E00304,2025-03-01,BU04,Operations,IC3,5.405,0.644,3.22,0.6,0.67,0,0.783423
E00305,2025-03-01,BU04,Admin,IC2,5.158,0.6,3.41,0.6,0.517,0,0.745285
E00306,2025-03-01,BU09,Education,M2,5.199,0.5,3.5,0.6,0.693,0,0.693032
E00307,2025-03-01,BU06,IT,IC1,5.916,0.649,3.4,0.864,0.711,0,0.744798
E00308,2025-03-01,BU09,Finance,IC2,5.509,0.535,3.43,1.113,0.669,0,0.70188
E00309,2025-03-01,BU06,Operations,IC2,8.794,0.5,3.6,0.845,0.74,0,0.755893
E00310,2025-03-01,BU06,Admin,M1,6.059,0.695,2.98,0.6,0.738,0,0.788396
E00311,2025-03-01,BU05,Education,IC2,3.745,0.704,3.53,0.707,0.818,0,0.699015
E00312,2025-03-01,BU05,Education,IC3,0.827,0.63,3.51,0.705,0.676,0,0.78691
E00313,2025-03-01,BU02,Operations,IC1,1.016,0.551,2.93,0.6,0.857,0,0.812288
E00314,2025-03-01,BU08,IT,M1,9.295,0.567,2.99,0.807,0.733,0,0.791824
E00315,2025-03-01,BU08,Operations,IC2,6.267,0.715,3.41,0.6,0.767,0,0.740949
E00316,2025-03-01,BU01,Education,IC1,10.294,0.629,3.68,1.474,0.689,0,0.484625
E00317,2025-03-01,BU08,Clinical,IC3,10.973,0.518,3.05,0.647,0.787,0,0.858244
E00318,2025-03-01,BU05,Admin,IC1,6.456,0.71,2.88,1.138,0.744,0,0.756722
E00319,2025-03-01,BU02,Operations,IC1,8.657,0.675,3.13,1.339,0.868,0,0.68593
E00320,2025-03-01,BU02,Education,M1,7.614,0.617,3.64,0.657,0.699,0,0.73639
E00321,2025-03-01,BU06,IT,IC2,8.318,0.626,3.47,1.022,0.633,0,0.649729
E00322,2025-03-01,BU09,Education,IC3,10.691,0.556,3.38,0.6,0.833,0,0.777269
E00323,2025-03-01,BU01,IT,IC2,10.527,0.552,3.12,0.83,0.4,0,0.691879
E00324,2025-03-01,BU06,Operations,M1,6.88,0.676,3.58,0.6,0.559,0,0.734491
E00325,2025-03-01,BU09,IT,IC1,5.522,0.542,3.3,0.848,0.771,0,0.809363
E00326,2025-03-01,BU08,Finance,IC2,8.873,0.546,3.48,1.448,0.726,0,0.60775
E00327,2025-03-01,BU06,Finance,M2,2.535,0.52,3.74,0.6,0.698,0,0.756316
E00328,2025-03-01,BU03,Finance,M1,6.48,0.561,2.82,0.6,0.414,0,0.825015
E00329,2025-03-01,BU08,Clinical,IC2,3.975,0.618,2.44,0.857,0.698,0,0.841123
E00330,2025-03-01,BU09,Operations,IC2,10.984,0.682,2.89,0.765,0.6,0,0.761809
E00331,2025-03-01,BU01,Education,M1,6.33,0.515,2.35,0.605,0.8,0,0.92339
E00332,2025-03-01,BU09,Education,IC2,9.018,0.529,3.81,0.878,0.627,0,0.649287
E00333,2025-03-01,BU06,Clinical,M1,10.36,0.493,3.93,0.6,0.692,0,0.712447
E00334,2025-03-01,BU06,IT,M1,7.951,0.538,3.35,0.6,0.601,0,0.803326
E00335,2025-03-01,BU04,Clinical,IC1,6.96,0.546,3.96,0.635,0.846,0,0.73987
E00336,2025-03-01,BU01,IT,IC1,4.783,0.683,3.58,1.196,0.586,1,0.61359
E00337,2025-03-01,BU10,IT,IC3,10.825,0.515,3.08,0.706,0.748,0,0.813948
E00338,2025-03-01,BU08,Admin,IC1,9.005,0.73,4.11,0.913,0.646,0,0.539532
E00339,2025-03-01,BU02,Education,IC2,9.202,0.654,3.91,0.899,0.564,0,0.605589
E00340,2025-03-01,BU01,Finance,M2,2.412,0.656,3.05,0.6,0.788,0,0.79296
E00341,2025-03-01,BU02,IT,IC3,1.749,0.549,3.88,0.813,0.544,0,0.657493
E00342,2025-03-01,BU01,Admin,M1,5.796,0.631,3.39,0.6,0.576,0,0.746708
E00343,2025-03-01,BU01,Education,IC3,1.739,0.574,3.86,0.998,0.712,0,0.704027
E00344,2025-03-01,BU09,Finance,IC3,9.112,0.67,3.57,0.6,0.484,0,0.645546
E00345,2025-03-01,BU01,IT,IC1,3.806,0.508,3.85,0.6,0.48,0,0.697911
E00346,2025-03-01,BU04,IT,IC2,3.472,0.609,2.94,0.678,0.478,0,0.800895
E00347,2025-03-01,BU10,Clinical,IC2,9.246,0.475,4.43,0.629,0.742,0,0.638316
E00348,2025-03-01,BU06,Clinical,IC2,5.41,0.725,3.15,0.727,0.852,0,0.76947
E00349,2025-03-01,BU07,Education,M1,5.018,0.652,3.84,0.6,0.784,0,0.706004
E00350,2025-03-01,BU02,Finance,IC2,10.103,0.586,3.41,1.031,0.598,0,0.688351
E00351,2025-03-01,BU06,IT,IC2,0.383,0.491,3.78,0.714,0.59,1,0.804775
E00352,2025-03-01,BU07,Education,IC2,1.279,0.443,3.3,0.6,0.499,0,0.751015
E00353,2025-03-01,BU10,Education,IC1,9.487,0.585,3.51,0.643,0.521,0,0.750344
E00354,2025-03-01,BU10,Operations,IC2,1.405,0.513,3.54,0.658,0.89,0,0.82064
E00355,2025-03-01,BU02,Clinical,IC1,10.483,0.593,2.72,0.6,0.764,0,0.865049
E00356,2025-03-01,BU02,Finance,IC1,3.474,0.624,3.49,0.699,0.589,0,0.70265
E00357,2025-03-01,BU10,IT,IC1,10.746,0.57,3.61,1.388,0.617,0,0.574679
E00358,2025-03-01,BU07,Education,IC2,2.527,0.566,3.92,0.6,0.63,0,0.671535
E00359,2025-03-01,BU01,IT,M1,0.298,0.47,3.61,0.6,0.671,0,0.818752
E00360,2025-03-01,BU08,Operations,IC2,6.157,0.687,2.81,0.6,0.674,0,0.839307
E00361,2025-03-01,BU03,Finance,IC2,4.361,0.661,3.25,1.434,0.629,0,0.586283
E00362,2025-03-01,BU06,Education,IC3,1.848,0.463,3.33,1.143,0.682,1,0.791207
E00363,2025-03-01,BU09,IT,IC1,5.106,0.553,2.97,1.105,0.502,0,0.710695
E00364,2025-03-01,BU06,Clinical,M1,1.552,0.601,3.06,1.012,0.806,0,0.770055
E00365,2025-03-01,BU09,Operations,IC2,9.101,0.595,3.52,0.843,0.816,0,0.716384
E00366,2025-03-01,BU07,Finance,IC2,9.958,0.602,3.36,0.985,0.69,0,0.689105
E00367,2025-03-01,BU09,Operations,IC3,2.891,0.568,3.47,0.984,0.74,0,0.678309
E00368,2025-03-01,BU02,Clinical,IC1,3.518,0.601,3.45,0.987,0.81,0,0.722311
E00369,2025-03-01,BU08,Finance,IC3,1.678,0.507,3.15,0.6,0.543,0,0.790133
E00370,2025-03-01,BU08,Operations,IC2,4.378,0.683,3.52,0.968,0.686,0,0.721551
E00371,2025-03-01,BU02,Admin,M1,2.188,0.691,3.17,0.6,0.457,0,0.718562
E00372,2025-03-01,BU04,Clinical,IC1,7.622,0.425,3.47,0.781,0.854,0,0.808375
E00373,2025-03-01,BU07,Clinical,IC2,7.535,0.635,3.02,0.823,0.814,0,0.767994
E00374,2025-03-01,BU04,Clinical,IC3,11.028,0.585,3.3,0.826,0.98,0,0.802577
E00375,2025-03-01,BU04,Admin,IC1,3.37,0.532,3.71,0.942,0.516,0,0.643104
E00376,2025-03-01,BU06,Admin,IC2,8.293,0.61,2.96,0.949,0.563,0,0.73408
E00377,2025-03-01,BU10,IT,IC3,4.559,0.565,3.5,0.6,0.649,0,0.779164
E00378,2025-03-01,BU06,Education,M1,9.982,0.643,3.46,0.6,0.542,0,0.685655
E00379,2025-03-01,BU10,Operations,IC2,9.665,0.484,3.16,0.988,0.743,0,0.799723
E00380,2025-03-01,BU03,IT,M1,4.966,0.645,3.0,1.02,0.527,0,0.724905
E00381,2025-03-01,BU09,Operations,M2,5.602,0.734,3.65,0.969,0.617,0,0.508672
E00382,2025-03-01,BU10,Education,M1,8.312,0.585,3.25,0.6,0.72,0,0.803473
E00383,2025-03-01,BU02,Admin,IC1,2.226,0.672,3.48,1.19,0.567,0,0.580621
E00384,2025-03-01,BU06,Education,IC3,2.021,0.537,3.64,1.29,0.71,0,0.634311
E00385,2025-03-01,BU07,Admin,IC2,5.358,0.725,3.36,0.6,0.696,0,0.722687
E00386,2025-03-01,BU09,Education,M2,1.722,0.585,3.04,0.6,0.584,0,0.802994
E00387,2025-03-01,BU03,IT,IC2,1.966,0.669,3.21,1.014,0.679,0,0.711512
E00388,2025-03-01,BU10,Finance,IC1,5.993,0.659,3.66,1.583,0.532,0,0.489915
E00389,2025-03-01,BU03,IT,IC3,10.428,0.502,3.17,0.6,0.707,0,0.817132
E00390,2025-03-01,BU07,Operations,IC2,7.598,0.576,3.32,0.6,0.815,0,0.803744
E00391,2025-03-01,BU04,IT,M2,1.802,0.386,3.44,0.6,0.464,0,0.767281
E00392,2025-03-01,BU08,Clinical,M2,5.246,0.543,3.62,0.6,0.773,0,0.785094
E00393,2025-03-01,BU07,Operations,IC3,5.355,0.75,2.61,0.915,0.693,0,0.776158
E00394,2025-03-01,BU05,Education,IC1,0.654,0.558,3.15,1.124,0.733,0,0.810135
E00395,2025-03-01,BU07,Operations,IC3,6.47,0.634,3.33,0.634,0.769,0,0.764082
E00396,2025-03-01,BU03,Finance,IC1,11.149,0.475,3.71,1.13,0.529,0,0.606957
E00397,2025-03-01,BU02,Admin,IC1,3.619,0.495,3.51,1.061,0.649,0,0.715097
E00398,2025-03-01,BU06,Education,M1,6.694,0.621,3.24,0.949,0.723,0,0.811637
E00399,2025-03-01,BU02,Operations,IC1,6.39,0.418,2.81,0.96,0.753,0,0.820277
E00400,2025-03-01,BU03,Education,IC2,4.238,0.582,3.34,0.675,0.572,0,0.773003
E00401,2025-03-01,BU06,Education,M2,7.474,0.573,3.23,0.6,0.704,0,0.791194
E00402,2025-03-01,BU05,Education,IC2,6.149,0.619,2.82,0.818,0.532,0,0.785142
E00403,2025-03-01,BU08,Admin,IC2,7.912,0.79,3.58,0.6,0.735,1,0.734603
E00404,2025-03-01,BU09,IT,M1,8.452,0.455,3.83,0.6,0.543,0,0.678515
E00405,2025-03-01,BU03,Education,IC1,4.903,0.514,3.52,0.908,0.507,0,0.634545
E00406,2025-03-01,BU10,Clinical,M1,3.348,0.499,3.79,0.6,0.863,0,0.787373
E00407,2025-03-01,BU03,Finance,M2,7.986,0.571,3.14,0.6,0.746,0,0.784788
E00408,2025-03-01,BU03,Admin,M1,9.429,0.513,2.89,0.6,0.375,0,0.807714
E00409,2025-03-01,BU06,Operations,IC3,2.048,0.48,3.3,0.757,0.687,0,0.76474
E00410,2025-03-01,BU01,Admin,IC2,8.854,0.565,2.68,0.757,0.706,0,0.857964
E00411,2025-03-01,BU07,Operations,IC2,10.694,0.541,3.08,0.823,0.711,0,0.791301
E00412,2025-03-01,BU01,Admin,M1,4.052,0.587,2.79,0.6,0.544,0,0.793335
E00413,2025-03-01,BU05,Operations,M1,8.523,0.538,3.55,0.6,0.862,0,0.790278
E00414,2025-03-01,BU10,Education,IC2,1.528,0.468,3.66,0.8,0.518,0,0.699973
E00415,2025-03-01,BU08,IT,IC1,5.092,0.587,3.39,1.6,0.597,0,0.57881
E00416,2025-03-01,BU04,Operations,IC1,1.183,0.451,3.05,0.6,0.623,0,0.821614
E00417,2025-03-01,BU05,Operations,IC1,6.987,0.559,3.43,0.951,0.573,0,0.690194
E00418,2025-03-01,BU04,Clinical,IC3,1.344,0.491,3.26,0.97,0.762,0,0.774561
E00419,2025-03-01,BU04,Operations,IC2,6.478,0.636,3.0,0.816,0.719,0,0.817036
E00420,2025-03-01,BU08,Clinical,M1,4.83,0.643,3.91,0.698,0.711,0,0.650853
E00421,2025-03-01,BU02,Finance,IC3,2.719,0.535,3.33,0.6,0.694,0,0.798677
E00422,2025-03-01,BU01,Education,IC1,6.883,0.566,3.08,1.135,0.61,0,0.700767
E00423,2025-03-01,BU03,Clinical,IC3,10.349,0.579,3.4,0.6,0.6,0,0.783564
E00424,2025-03-01,BU09,IT,IC2,2.023,0.528,3.97,0.912,0.534,0,0.613365
E00425,2025-03-01,BU04,Education,IC3,1.314,0.489,3.34,0.642,0.722,0,0.813657
E00426,2025-03-01,BU10,Clinical,IC3,10.557,0.452,3.46,1.426,0.908,0,0.708577
E00427,2025-03-01,BU05,Education,M1,9.298,0.519,3.33,0.669,0.718,0,0.791815
E00428,2025-03-01,BU02,Education,M1,5.706,0.663,3.43,0.6,0.563,0,0.678676
E00429,2025-03-01,BU04,Education,IC2,2.765,0.63,2.61,0.6,0.762,0,0.905971
E00430,2025-03-01,BU02,Finance,IC1,3.441,0.607,3.63,0.962,0.727,0,0.698805
E00431,2025-03-01,BU02,IT,IC3,7.088,0.519,2.81,0.882,0.648,0,0.750326
E00432,2025-03-01,BU04,Admin,IC1,10.765,0.654,3.43,0.898,0.889,0,0.757737
E00433,2025-03-01,BU06,Admin,IC2,4.712,0.61,3.17,0.639,0.597,0,0.745201
E00434,2025-03-01,BU07,Clinical,IC1,6.831,0.668,3.23,0.78,0.953,1,0.794881
E00435,2025-03-01,BU10,Education,IC3,5.676,0.712,3.44,0.811,0.735,0,0.706954
E00436,2025-03-01,BU03,Clinical,IC1,4.69,0.614,3.5,1.224,0.727,0,0.621365
E00437,2025-03-01,BU03,Finance,IC3,8.638,0.592,3.47,1.081,0.566,0,0.610927
E00438,2025-03-01,BU10,Finance,M2,1.916,0.502,3.51,0.6,0.599,0,0.783332
E00439,2025-03-01,BU06,Operations,IC1,8.279,0.729,4.01,1.122,0.642,0,0.500096
E00440,2025-03-01,BU03,Finance,IC1,6.527,0.686,3.45,0.88,0.703,0,0.682511
E00441,2025-03-01,BU02,Operations,IC2,5.659,0.526,3.2,0.761,0.714,0,0.775494
E00442,2025-03-01,BU08,IT,M1,2.448,0.517,3.61,0.6,0.501,0,0.679952
E00443,2025-03-01,BU05,Clinical,IC1,6.598,0.526,3.57,1.079,0.731,0,0.715579
E00444,2025-03-01,BU01,IT,IC2,10.946,0.588,3.35,0.91,0.532,0,0.704123
E00445,2025-03-01,BU03,Finance,IC1,7.973,0.554,3.33,0.607,0.537,0,0.7902
E00446,2025-03-01,BU10,IT,M1,6.563,0.611,3.53,0.6,0.671,0,0.703244
E00447,2025-03-01,BU08,IT,IC2,1.807,0.688,3.62,1.335,0.672,0,0.600437
E00448,2025-03-01,BU04,IT,M1,1.908,0.658,3.3,0.6,0.596,0,0.773187
E00449,2025-03-01,BU07,Finance,M1,6.538,0.584,3.03,0.617,0.577,0,0.803521
E00450,2025-03-01,BU10,Education,IC1,4.676,0.633,3.84,1.336,0.596,0,0.482889
E00451,2025-03-01,BU02,IT,M1,8.06,0.608,3.12,0.667,0.61,0,0.773383
E00452,2025-03-01,BU07,Operations,IC1,10.897,0.647,3.05,1.094,0.777,0,0.711777
E00453,2025-03-01,BU05,Finance,M1,6.242,0.666,3.34,0.752,0.577,0,0.721806
E00454,2025-03-01,BU05,IT,IC3,4.271,0.708,2.9,0.6,0.597,0,0.780171
E00455,2025-03-01,BU06,Education,M1,1.914,0.676,3.33,0.6,0.733,0,0.770512
E00456,2025-03-01,BU09,Finance,IC1,1.689,0.533,3.51,1.102,0.694,0,0.710036
E00457,2025-03-01,BU06,Admin,IC1,5.711,0.599,3.3,1.46,0.594,0,0.536288
E00458,2025-03-01,BU08,Education,IC2,7.099,0.707,3.23,0.803,0.801,0,0.7195
E00459,2025-03-01,BU07,Operations,IC2,7.524,0.553,3.13,0.608,0.829,0,0.821168
E00460,2025-03-01,BU09,IT,IC1,9.692,0.695,4.14,0.713,0.786,0,0.615083
E00461,2025-03-01,BU04,Admin,IC2,7.989,0.553,3.38,1.082,0.659,0,0.719202
E00462,2025-03-01,BU02,Admin,IC1,1.435,0.406,3.49,0.869,0.519,0,0.752242
E00463,2025-03-01,BU07,Finance,IC2,2.078,0.587,3.18,0.723,0.565,0,0.750758
E00464,2025-03-01,BU06,Admin,M1,8.26,0.56,3.12,0.676,0.635,0,0.786729
E00465,2025-03-01,BU01,Operations,IC2,1.574,0.531,3.22,0.6,0.699,0,0.810528
E00466,2025-03-01,BU09,Operations,IC1,10.376,0.509,4.07,1.6,0.61,0,0.423684
E00467,2025-03-01,BU09,Clinical,IC2,3.948,0.691,2.95,0.69,0.73,0,0.78268
E00468,2025-03-01,BU02,Operations,IC1,6.198,0.563,3.08,0.991,0.821,0,0.76386
E00469,2025-03-01,BU03,Education,M2,7.828,0.852,3.31,0.6,0.635,0,0.723348
E00470,2025-03-01,BU05,Admin,IC1,3.696,0.615,3.48,0.805,0.513,0,0.703403
E00471,2025-03-01,BU05,Operations,IC3,4.386,0.431,3.03,0.964,0.746,0,0.845971
E00472,2025-03-01,BU01,Finance,M2,9.706,0.587,3.42,0.6,0.505,1,0.830398
E00473,2025-03-01,BU08,Clinical,M1,10.845,0.688,3.97,0.733,0.815,0,0.591638
E00474,2025-03-01,BU08,Admin,IC3,0.966,0.685,3.24,0.626,0.631,0,0.688198
E00475,2025-03-01,BU04,Clinical,M1,7.888,0.542,2.61,0.653,0.657,0,0.83788
E00476,2025-03-01,BU07,Admin,M2,4.159,0.616,3.11,0.6,0.556,0,0.784331
E00477,2025-03-01,BU10,Finance,IC3,9.895,0.529,3.49,0.746,0.672,0,0.754206
E00478,2025-03-01,BU03,Clinical,IC3,9.095,0.565,3.29,0.6,0.8,0,0.862169
E00479,2025-03-01,BU06,IT,IC3,10.245,0.784,3.15,0.6,0.916,0,0.811999
E00480,2025-03-01,BU10,Education,IC2,11.107,0.7,2.99,0.6,0.633,0,0.758088
E00481,2025-03-01,BU10,Education,IC3,8.392,0.617,3.9,0.7,0.768,0,0.7067
E00482,2025-03-01,BU09,Admin,IC2,0.726,0.557,3.39,1.336,0.522,0,0.643029
E00483,2025-03-01,BU01,IT,IC1,6.815,0.637,3.37,0.6,0.749,0,0.817895
E00484,2025-03-01,BU05,Clinical,IC1,8.285,0.521,3.15,0.699,0.754,0,0.794627
E00485,2025-03-01,BU04,IT,IC1,10.916,0.578,3.11,0.767,0.472,0,0.70429
E00486,2025-03-01,BU08,IT,IC2,10.264,0.554,2.68,0.75,0.462,0,0.879078
E00487,2025-03-01,BU01,Clinical,IC1,3.973,0.583,3.28,1.208,0.802,0,0.685746
E00488,2025-03-01,BU09,Finance,IC3,2.144,0.533,3.52,0.651,0.728,0,0.772028
E00489,2025-03-01,BU06,IT,IC2,0.723,0.629,3.5,0.707,0.759,0,0.728447
E00490,2025-03-01,BU04,IT,M1,10.012,0.572,2.85,0.789,0.729,0,0.854779
E00491,2025-03-01,BU09,Finance,IC1,8.564,0.547,4.11,1.196,0.522,0,0.512106
E00492,2025-03-01,BU05,IT,IC1,9.41,0.625,2.87,1.062,0.613,0,0.760968
E00493,2025-03-01,BU05,IT,IC3,8.827,0.713,3.07,0.67,0.596,0,0.729722
E00494,2025-03-01,BU05,IT,IC3,4.619,0.686,4.01,0.914,0.57,0,0.515985
E00495,2025-03-01,BU01,Education,IC1,10.404,0.686,2.97,0.753,0.638,0,0.728724
E00496,2025-03-01,BU01,Operations,M1,1.218,0.511,3.43,0.6,0.764,0,0.797182
E00497,2025-03-01,BU08,Finance,M1,4.047,0.58,3.59,0.665,0.632,0,0.711977
E00498,2025-03-01,BU08,IT,IC2,1.533,0.568,3.54,0.6,0.51,0,0.700453
E00499,2025-03-01,BU06,Education,IC2,2.064,0.595,3.45,0.798,0.789,0,0.736001
E00500,2025-03-01,BU04,Finance,M2,1.914,0.422,3.3,0.6,0.539,0,0.814048
E00001,2025-04-01,BU03,Operations,IC2,5.164,0.535,3.55,0.948,0.825,0,0.715151
E00002,2025-04-01,BU05,Education,IC2,8.074,0.597,3.07,1.6,0.575,0,0.640705
E00003,2025-04-01,BU01,Operations,IC2,0.559,0.686,3.54,0.6,0.74,0,0.72496
E00004,2025-04-01,BU01,Clinical,IC1,3.707,0.599,4.01,1.174,0.778,0,0.565231
E00005,2025-04-01,BU10,Finance,IC2,6.979,0.613,3.98,0.6,0.48,0,0.581649
E00006,2025-04-01,BU09,IT,M2,4.471,0.511,3.61,0.6,0.677,0,0.827457
E00007,2025-04-01,BU07,Operations,IC1,1.881,0.519,3.52,1.12,0.658,0,0.652213
E00008,2025-04-01,BU01,Finance,IC1,9.101,0.625,2.67,1.515,0.739,0,0.727941
E00009,2025-04-01,BU08,Clinical,IC2,4.4,0.446,3.82,0.6,0.732,0,0.786944
E00010,2025-04-01,BU03,Admin,M1,0.605,0.537,3.57,0.719,0.564,0,0.764148
E00011,2025-04-01,BU08,Education,IC3,0.994,0.522,3.89,0.6,0.855,0,0.802528
E00012,2025-04-01,BU05,Finance,IC3,3.537,0.673,3.0,0.6,0.552,0,0.803647
E00013,2025-04-01,BU01,Finance,IC1,6.908,0.674,2.78,0.93,0.702,0,0.770947
E00014,2025-04-01,BU07,Admin,IC3,7.507,0.543,4.13,1.169,0.671,0,0.554906
E00015,2025-04-01,BU05,Finance,IC2,3.97,0.588,3.78,0.6,0.719,0,0.705331
E00016,2025-04-01,BU06,Clinical,M1,3.452,0.559,3.39,0.6,0.565,1,0.896205
E00017,2025-04-01,BU06,Clinical,IC3,8.882,0.51,3.37,0.6,0.834,0,0.861819
E00018,2025-04-01,BU08,Admin,IC1,5.528,0.553,3.17,0.758,0.513,0,0.723778
E00019,2025-04-01,BU09,Education,IC1,6.604,0.566,3.99,1.58,0.746,0,0.498968
E00020,2025-04-01,BU02,IT,IC1,10.059,0.6,2.98,0.779,0.56,0,0.796415
E00021,2025-04-01,BU09,Operations,IC2,4.225,0.618,3.39,1.201,0.787,0,0.678016
E00022,2025-04-01,BU10,IT,IC2,6.084,0.524,3.79,1.071,0.437,0,0.567043
E00023,2025-04-01,BU09,Finance,IC3,9.971,0.519,3.03,0.6,0.734,0,0.837242
E00024,2025-04-01,BU10,Operations,IC2,7.157,0.51,2.9,0.643,0.89,0,0.862141
E00025,2025-04-01,BU10,Admin,IC2,11.242,0.462,3.49,0.6,0.453,0,0.761074
E00026,2025-04-01,BU07,Admin,IC1,1.752,0.673,3.43,0.661,0.612,0,0.679239
E00027,2025-04-01,BU01,Education,IC1,5.648,0.565,3.91,1.007,0.648,0,0.640322
E00028,2025-04-01,BU07,Operations,M1,2.694,0.585,3.81,0.6,0.801,0,0.742248
E00029,2025-04-01,BU10,Clinical,IC1,10.845,0.563,3.96,0.72,0.839,0,0.704893
E00030,2025-04-01,BU05,Operations,IC3,0.312,0.543,3.47,0.6,0.668,0,0.781425
E00031,2025-04-01,BU06,Finance,M1,1.221,0.67,3.24,0.6,0.561,0,0.76885
E00032,2025-04-01,BU10,Clinical,IC3,1.73,0.33,3.31,0.6,0.775,0,0.819576
E00033,2025-04-01,BU07,Admin,M1,8.739,0.635,3.78,0.6,0.555,0,0.643862
E00034,2025-04-01,BU05,Operations,IC2,4.545,0.476,3.7,0.83,0.575,0,0.681848
E00035,2025-04-01,BU07,IT,M2,8.011,0.494,4.4,0.6,0.605,0,0.671287
E00036,2025-04-01,BU09,Education,IC1,2.576,0.581,3.19,0.6,0.525,0,0.757388
E00037,2025-04-01,BU03,IT,IC1,9.194,0.641,3.24,1.6,0.666,0,0.535177
E00038,2025-04-01,BU08,Education,IC3,7.236,0.574,3.57,0.6,0.515,0,0.721797
E00039,2025-04-01,BU02,Finance,M2,8.988,0.694,3.12,0.6,0.52,0,0.738306
E00040,2025-04-01,BU07,IT,M1,4.531,0.669,3.81,0.6,0.779,0,0.722239
E00041,2025-04-01,BU02,Operations,IC1,6.762,0.533,3.41,1.6,0.704,0,0.580254
E00042,2025-04-01,BU04,Operations,IC2,2.379,0.591,3.38,0.624,0.682,0,0.755597
E00043,2025-04-01,BU07,IT,M2,5.016,0.657,3.46,0.66,0.634,0,0.698242
E00044,2025-04-01,BU03,Operations,IC2,10.24,0.56,3.29,0.793,0.763,0,0.774956
E00045,2025-04-01,BU02,Finance,M1,7.934,0.581,3.34,0.6,0.559,0,0.80264
E00046,2025-04-01,BU10,Clinical,M1,2.3,0.522,3.47,0.69,1.0,0,0.82017
E00047,2025-04-01,BU07,Finance,IC2,9.558,0.528,3.62,0.6,0.532,0,0.736843
E00048,2025-04-01,BU01,Education,IC2,2.021,0.544,3.66,0.6,0.649,0,0.748656
E00049,2025-04-01,BU08,Finance,IC2,2.286,0.503,2.88,0.64,0.665,0,0.856311
E00050,2025-04-01,BU03,Education,IC1,1.563,0.575,2.17,0.6,0.668,0,0.920307
E00051,2025-04-01,BU02,Operations,M1,6.732,0.634,3.73,0.6,0.625,0,0.738094
E00052,2025-04-01,BU03,Clinical,IC2,9.317,0.497,3.05,1.068,0.79,0,0.808211
E00053,2025-04-01,BU05,Operations,M1,7.981,0.473,3.27,0.6,0.848,0,0.912291
E00054,2025-04-01,BU08,Admin,IC1,5.049,0.496,3.64,1.505,0.609,0,0.591181
E00055,2025-04-01,BU10,Operations,M2,3.45,0.52,3.42,0.6,0.671,0,0.87455
E00056,2025-04-01,BU07,Education,IC2,8.903,0.7,3.42,1.05,0.658,0,0.602557
E00057,2025-04-01,BU07,Operations,IC1,10.919,0.733,3.31,0.936,0.627,0,0.664309
E00058,2025-04-01,BU07,Operations,IC1,8.025,0.458,3.26,0.746,0.581,0,0.748989
E00059,2025-04-01,BU08,Clinical,IC3,9.295,0.63,3.72,1.029,0.575,0,0.557994
E00060,2025-04-01,BU01,Operations,IC3,3.581,0.702,3.8,0.6,0.852,0,0.71516
E00061,2025-04-01,BU04,Clinical,M1,7.934,0.645,3.32,0.6,0.76,0,0.757234
E00062,2025-04-01,BU06,IT,IC1,9.372,0.687,4.1,1.227,0.862,0,0.469436
E00063,2025-04-01,BU09,Admin,IC1,5.919,0.585,2.95,1.199,0.421,0,0.697347
E00064,2025-04-01,BU02,Clinical,IC2,5.963,0.495,2.96,0.6,0.774,0,0.894141
E00065,2025-04-01,BU01,Education,IC2,1.859,0.611,2.44,1.077,0.766,0,0.799433
E00066,2025-04-01,BU10,IT,IC2,7.748,0.535,4.27,0.6,0.759,0,0.706495
E00067,2025-04-01,BU02,Clinical,M2,5.547,0.641,2.77,0.6,0.768,0,0.804365
E00068,2025-04-01,BU07,Clinical,M2,9.697,0.738,3.76,0.6,0.593,0,0.659945
E00069,2025-04-01,BU03,Admin,M2,1.9,0.477,2.79,0.6,0.739,0,0.850564
E00070,2025-04-01,BU10,Education,M1,9.481,0.488,3.8,0.6,0.68,0,0.735597
E00071,2025-04-01,BU02,Finance,IC2,1.451,0.598,3.51,0.85,0.616,0,0.700517
E00072,2025-04-01,BU07,Finance,IC2,7.734,0.649,2.73,1.14,0.549,0,0.742497
E00073,2025-04-01,BU02,Clinical,IC2,3.45,0.684,2.92,0.76,0.895,0,0.767777
E00074,2025-04-01,BU03,Operations,M1,4.903,0.592,3.68,0.6,0.666,0,0.826277
E00075,2025-04-01,BU07,Education,IC1,3.072,0.512,3.6,1.316,0.587,0,0.614706
E00076,2025-04-01,BU04,IT,IC2,3.745,0.709,3.86,0.834,0.809,0,0.644017
E00077,2025-04-01,BU01,Operations,IC1,6.398,0.755,3.37,0.6,0.773,0,0.804125
E00078,2025-04-01,BU05,Operations,IC2,9.366,0.571,2.97,0.6,0.878,0,0.865397
E00079,2025-04-01,BU09,Education,M1,7.143,0.57,3.37,0.6,0.602,0,0.823727
E00080,2025-04-01,BU08,Clinical,M1,3.307,0.586,3.57,0.882,0.717,0,0.688143
E00081,2025-04-01,BU09,Clinical,IC1,1.53,0.468,3.27,1.442,0.849,0,0.742081
E00082,2025-04-01,BU10,Clinical,M2,2.461,0.491,3.54,0.679,0.928,0,0.862748
E00083,2025-04-01,BU09,Clinical,IC3,2.461,0.572,3.6,0.722,0.684,0,0.740209
E00084,2025-04-01,BU07,Finance,IC1,10.333,0.724,3.38,1.341,0.697,0,0.599527
E00085,2025-04-01,BU04,Clinical,IC2,3.195,0.499,3.19,0.6,0.93,0,0.81444
E00086,2025-04-01,BU05,Finance,IC2,4.816,0.665,2.94,0.684,0.555,0,0.791904
E00087,2025-04-01,BU01,Finance,IC1,2.68,0.622,3.08,1.091,0.673,0,0.697713
E00088,2025-04-01,BU01,Clinical,M2,3.658,0.61,2.37,0.6,0.897,0,0.883045
E00089,2025-04-01,BU03,Admin,IC2,10.486,0.437,3.44,0.78,0.629,0,0.7652
E00090,2025-04-01,BU08,IT,M1,3.515,0.597,3.36,0.953,0.701,0,0.735072
E00091,2025-04-01,BU02,Operations,IC2,4.162,0.749,3.53,0.838,0.633,0,0.656425
E00092,2025-04-01,BU04,Finance,IC1,0.402,0.478,3.53,1.232,0.649,0,0.657999
E00093,2025-04-01,BU02,Education,IC2,8.427,0.451,3.35,0.6,0.661,0,0.82526
E00094,2025-04-01,BU05,Education,IC1,11.102,0.592,2.5,1.558,0.733,0,0.764678
E00095,2025-04-01,BU09,IT,IC2,3.918,0.5,3.55,0.734,0.617,0,0.701306
E00096,2025-04-01,BU01,Education,M1,8.909,0.599,3.01,0.6,0.495,0,0.777627
E00097,2025-04-01,BU05,Admin,IC2,8.775,0.597,2.8,0.738,0.706,0,0.823082
E00098,2025-04-01,BU09,Education,IC3,11.083,0.664,3.28,0.6,0.728,0,0.7479
E00099,2025-04-01,BU01,Operations,IC1,0.641,0.375,3.03,1.306,0.695,0,0.775754
E00100,2025-04-01,BU09,Operations,IC1,7.236,0.574,3.35,0.849,0.91,0,0.739103
E00101,2025-04-01,BU08,Finance,IC1,1.763,0.697,3.58,0.768,0.431,0,0.666114
E00102,2025-04-01,BU04,Clinical,IC3,4.975,0.64,3.63,0.636,0.848,0,0.779742
E00103,2025-04-01,BU10,Admin,IC1,2.248,0.697,3.4,1.327,0.701,1,0.689337
E00104,2025-04-01,BU05,Finance,IC2,2.694,0.406,2.52,0.804,0.606,0,0.897655
E00105,2025-04-01,BU05,Admin,IC3,4.567,0.512,2.96,0.6,0.533,0,0.736973
E00106,2025-04-01,BU06,Clinical,IC2,2.968,0.549,3.29,0.899,0.829,0,0.801015
E00107,2025-04-01,BU07,Education,IC1,3.962,0.566,2.7,0.641,0.509,0,0.787529
E00108,2025-04-01,BU08,Education,IC2,9.826,0.708,2.98,0.6,0.715,0,0.834361
E00109,2025-04-01,BU08,Clinical,M1,10.3,0.689,3.3,0.83,0.748,0,0.701662
E00110,2025-04-01,BU02,Finance,IC3,5.021,0.579,3.61,0.762,0.736,0,0.710858
E00111,2025-04-01,BU09,Clinical,IC2,4.279,0.512,3.01,0.743,0.859,0,0.868604
E00112,2025-04-01,BU07,IT,IC1,3.77,0.681,3.4,0.829,0.474,0,0.654835
E00113,2025-04-01,BU04,Operations,M2,6.713,0.535,3.79,0.76,0.814,0,0.71178
E00114,2025-04-01,BU04,Finance,IC3,8.394,0.586,3.32,1.6,0.456,0,0.525566
E00115,2025-04-01,BU08,Admin,IC2,3.488,0.505,3.69,0.849,0.616,0,0.723063
E00116,2025-04-01,BU04,IT,M1,5.462,0.47,3.24,0.6,0.738,0,0.840759
E00117,2025-04-01,BU06,Finance,IC2,1.076,0.464,2.79,0.728,0.579,0,0.871235
E00118,2025-04-01,BU05,Clinical,IC2,8.72,0.485,3.23,0.854,0.652,0,0.772821
E00119,2025-04-01,BU03,Clinical,IC3,11.053,0.514,3.61,0.6,1.0,0,0.805215
E00120,2025-04-01,BU10,Clinical,IC1,9.161,0.649,4.35,1.09,0.774,0,0.547643
E00121,2025-04-01,BU02,Clinical,M2,6.261,0.536,3.33,0.6,0.822,0,0.812066
E00122,2025-04-01,BU09,Admin,IC3,8.449,0.693,2.8,1.004,0.574,0,0.715073
E00123,2025-04-01,BU10,IT,IC3,10.951,0.614,3.52,0.942,0.65,0,0.674073
E00124,2025-04-01,BU09,Education,IC1,6.324,0.645,4.01,1.0,0.884,0,0.651036
E00125,2025-04-01,BU01,Operations,IC1,1.659,0.596,3.11,1.52,0.689,0,0.641697
E00126,2025-04-01,BU10,Admin,IC2,4.512,0.562,3.63,1.54,0.616,0,0.538258
E00127,2025-04-01,BU03,Admin,M1,4.723,0.512,3.03,0.6,0.513,0,0.837614
E00128,2025-04-01,BU08,Education,IC2,1.177,0.561,3.46,0.876,0.685,0,0.709549
E00129,2025-04-01,BU06,Education,IC2,3.075,0.563,3.33,0.6,0.587,0,0.820151
E00130,2025-04-01,BU05,Operations,IC3,1.281,0.539,3.36,0.6,0.651,0,0.795465
E00131,2025-04-01,BU05,Operations,IC1,1.555,0.465,3.54,0.651,0.619,0,0.794226
E00132,2025-04-01,BU06,Education,IC3,8.307,0.522,3.6,0.6,0.674,0,0.77684
E00133,2025-04-01,BU07,Clinical,IC1,5.229,0.534,3.09,0.646,0.882,0,0.865097
E00134,2025-04-01,BU01,Admin,M2,10.568,0.597,3.29,0.6,0.641,0,0.805955
E00135,2025-04-01,BU09,Finance,IC2,7.652,0.648,4.08,0.613,0.686,0,0.611698
E00136,2025-04-01,BU03,Operations,IC1,8.227,0.628,3.19,1.32,0.797,0,0.699191
E00137,2025-04-01,BU04,Operations,IC2,6.773,0.635,3.46,0.633,0.647,0,0.767455
E00138,2025-04-01,BU10,Education,IC2,4.879,0.57,3.12,0.6,0.909,0,0.880586
E00139,2025-04-01,BU01,IT,M1,4.764,0.66,3.15,0.6,0.448,0,0.748685
E00140,2025-04-01,BU10,Finance,IC3,0.463,0.557,3.35,0.61,0.628,0,0.761835
E00141,2025-04-01,BU03,Finance,IC3,7.305,0.453,3.11,0.6,0.578,0,0.856772
E00142,2025-04-01,BU02,Operations,IC1,4.887,0.702,3.19,0.916,0.657,0,0.708413
E00143,2025-04-01,BU02,Clinical,IC1,0.764,0.496,3.44,0.686,1.0,0,0.860923
E00144,2025-04-01,BU01,IT,IC1,8.884,0.695,3.0,1.08,0.616,0,0.65585
E00145,2025-04-01,BU08,Finance,IC3,5.396,0.536,3.47,1.6,0.577,0,0.489156
E00146,2025-04-01,BU03,Operations,M1,9.287,0.549,3.61,0.6,0.586,0,0.728778
E00147,2025-04-01,BU03,Finance,IC2,1.854,0.533,3.24,0.6,0.648,1,0.891012
E00148,2025-04-01,BU06,IT,IC1,3.001,0.566,2.89,0.701,0.59,0,0.87287
E00149,2025-04-01,BU08,IT,IC3,7.047,0.657,3.4,0.6,0.616,0,0.764264
E00150,2025-04-01,BU09,Admin,M1,6.067,0.649,3.69,0.795,0.688,0,0.642297
E00151,2025-04-01,BU09,Education,IC3,7.926,0.547,3.17,0.718,0.537,0,0.793665
E00152,2025-04-01,BU04,Education,M1,0.553,0.576,3.32,0.736,0.711,0,0.799968
E00153,2025-04-01,BU05,Operations,IC2,2.133,0.528,2.87,0.73,0.648,0,0.831789
E00154,2025-04-01,BU02,IT,IC1,4.55,0.713,3.36,0.6,0.498,0,0.751641
E00155,2025-04-01,BU09,Admin,M1,3.239,0.658,3.53,0.6,0.417,0,0.697745
E00156,2025-04-01,BU08,Admin,IC3,5.207,0.724,4.14,0.851,0.461,0,0.475191
E00157,2025-04-01,BU03,Finance,IC2,10.91,0.468,2.18,0.841,0.734,0,0.873143
E00158,2025-04-01,BU09,Finance,IC3,10.823,0.538,3.45,1.069,0.578,0,0.691442
E00159,2025-04-01,BU03,Admin,M1,2.771,0.579,3.51,0.6,0.572,0,0.743357
E00160,2025-04-01,BU09,Finance,IC3,1.073,0.514,3.99,0.6,0.619,0,0.731614
E00161,2025-04-01,BU02,IT,IC3,2.732,0.494,3.17,0.6,0.668,0,0.810297
E00162,2025-04-01,BU10,Clinical,IC2,7.556,0.662,3.16,0.898,0.698,0,0.750119
E00163,2025-04-01,BU09,IT,IC2,2.371,0.373,3.67,0.941,0.563,0,0.745522
E00164,2025-04-01,BU08,Admin,IC2,8.257,0.716,3.46,1.025,0.575,0,0.559801
E00165,2025-04-01,BU09,Admin,M1,4.43,0.677,3.15,0.6,0.519,0,0.722543
E00166,2025-04-01,BU05,IT,M1,5.645,0.542,2.89,0.6,0.714,0,0.906898
E00167,2025-04-01,BU02,Finance,M1,3.775,0.524,2.92,0.6,0.648,0,0.877519
E00168,2025-04-01,BU08,Finance,IC1,0.282,0.526,3.31,1.516,0.785,0,0.649357
E00169,2025-04-01,BU06,Education,IC3,2.631,0.519,3.33,0.6,0.637,0,0.821579
E00170,2025-04-01,BU08,Admin,M1,6.313,0.612,2.41,0.6,0.572,0,0.822011
E00171,2025-04-01,BU05,Operations,IC3,10.897,0.665,3.22,0.77,0.842,0,0.785413
E00172,2025-04-01,BU10,Education,M1,8.608,0.441,3.68,0.647,0.636,0,0.777062
E00173,2025-04-01,BU02,Finance,M1,1.473,0.594,3.31,0.982,0.627,0,0.664405
E00174,2025-04-01,BU06,IT,IC2,3.272,0.466,3.54,1.244,0.729,0,0.695956
E00175,2025-04-01,BU05,Finance,IC2,0.999,0.59,3.7,0.6,0.738,0,0.780836
E00176,2025-04-01,BU05,IT,IC1,5.465,0.734,3.24,0.6,0.618,0,0.727285
E00177,2025-04-01,BU01,Education,IC2,3.655,0.53,3.34,0.6,0.596,0,0.792933
E00178,2025-04-01,BU02,Admin,IC3,2.445,0.455,3.29,0.702,0.696,0,0.797626
E00179,2025-04-01,BU08,Finance,M1,7.264,0.563,3.1,0.6,0.629,0,0.822475
E00180,2025-04-01,BU03,IT,IC1,11.127,0.656,3.04,1.6,0.846,0,0.642888
E00181,2025-04-01,BU10,Admin,IC1,10.324,0.52,3.41,0.887,0.386,0,0.678706
E00182,2025-04-01,BU03,Operations,IC3,1.276,0.521,3.95,0.712,0.8,0,0.688791
E00183,2025-04-01,BU08,IT,IC1,7.858,0.562,3.58,0.952,0.652,0,0.717858
E00184,2025-04-01,BU08,Education,IC1,4.515,0.536,3.28,0.776,0.763,0,0.788213
E00185,2025-04-01,BU02,Operations,IC1,10.001,0.465,3.27,0.6,0.794,0,0.864144
E00186,2025-04-01,BU08,Operations,IC1,8.356,0.825,3.16,0.87,0.677,0,0.661907
E00187,2025-04-01,BU01,Clinical,IC1,10.773,0.609,3.4,1.6,0.876,0,0.550192
E00188,2025-04-01,BU06,Finance,IC2,7.198,0.589,3.1,0.6,0.578,0,0.78417
E00189,2025-04-01,BU08,IT,IC2,10.563,0.717,3.42,0.6,0.399,0,0.615852
E00190,2025-04-01,BU03,Operations,M1,4.208,0.557,3.08,1.032,0.755,0,0.781412
E00191,2025-04-01,BU08,Clinical,IC2,10.864,0.504,3.33,1.0,0.754,0,0.76185
E00192,2025-04-01,BU01,Education,IC3,0.961,0.539,2.78,0.684,0.729,0,0.902928
E00193,2025-04-01,BU09,Admin,IC1,10.311,0.634,3.15,1.568,0.431,0,0.51471
E00194,2025-04-01,BU09,IT,IC1,10.031,0.519,3.39,0.697,0.453,0,0.730069
E00195,2025-04-01,BU05,Operations,IC3,9.812,0.586,3.24,0.6,0.708,0,0.84038
E00196,2025-04-01,BU10,Finance,IC1,6.138,0.548,2.73,1.347,0.485,0,0.684205
E00197,2025-04-01,BU04,Clinical,IC2,5.032,0.613,3.2,1.526,1.0,0,0.715342
E00198,2025-04-01,BU06,Operations,IC3,6.853,0.6,3.47,0.6,0.587,0,0.749973
E00199,2025-04-01,BU07,Finance,IC3,10.527,0.564,3.68,0.949,0.595,0,0.66293
E00200,2025-04-01,BU05,Operations,IC1,11.094,0.554,3.54,1.021,0.878,0,0.76157
E00201,2025-04-01,BU10,IT,IC2,8.476,0.729,3.0,0.761,0.549,0,0.762056
E00202,2025-04-01,BU09,IT,IC3,9.662,0.628,3.02,0.608,0.688,0,0.844049
E00203,2025-04-01,BU03,IT,IC1,7.11,0.62,3.51,0.6,0.551,0,0.725122
E00204,2025-04-01,BU07,Education,IC3,1.35,0.455,3.28,0.86,0.622,0,0.811704
E00205,2025-04-01,BU10,Education,IC3,5.851,0.622,3.07,0.6,0.571,0,0.794353
E00206,2025-04-01,BU10,Clinical,M2,4.723,0.667,3.8,0.6,0.609,0,0.709049
E00207,2025-04-01,BU05,IT,IC1,7.652,0.567,3.28,1.245,0.445,0,0.606988
E00208,2025-04-01,BU07,Finance,M1,5.246,0.628,3.4,0.699,0.595,0,0.737378
E00209,2025-04-01,BU02,Operations,IC2,0.816,0.602,2.9,0.72,0.742,0,0.78011
E00210,2025-04-01,BU04,Admin,IC2,4.2,0.638,3.71,1.113,0.626,0,0.545341
E00211,2025-04-01,BU02,Finance,IC1,1.092,0.43,3.39,1.538,0.63,0,0.611136
E00212,2025-04-01,BU07,Education,IC3,11.244,0.57,3.7,1.067,0.732,0,0.658202
E00213,2025-04-01,BU02,Education,IC1,5.344,0.52,3.46,0.759,0.705,0,0.786238
E00214,2025-04-01,BU01,Finance,IC2,3.874,0.536,3.06,1.016,0.812,0,0.819398
E00215,2025-04-01,BU09,Education,IC1,6.472,0.509,3.37,1.023,0.691,0,0.715348
E00216,2025-04-01,BU01,IT,M1,7.51,0.517,3.33,1.039,0.639,0,0.700453
E00217,2025-04-01,BU08,Clinical,M1,9.804,0.799,3.2,0.6,0.862,0,0.749265
E00218,2025-04-01,BU02,Operations,IC3,5.344,0.702,2.9,0.6,0.798,0,0.826456
E00219,2025-04-01,BU08,Clinical,IC2,5.366,0.582,2.73,0.643,0.896,0,0.879438
E00220,2025-04-01,BU03,Operations,IC1,1.191,0.546,2.63,1.018,0.677,0,0.795385
E00221,2025-04-01,BU06,Operations,IC3,11.184,0.813,3.41,0.697,0.602,1,0.761044
E00222,2025-04-01,BU03,Clinical,IC2,3.097,0.504,3.67,0.941,0.645,0,0.70446
E00223,2025-04-01,BU07,Finance,IC1,0.564,0.733,3.16,1.066,0.526,0,0.635625
E00224,2025-04-01,BU10,Operations,IC3,6.034,0.763,2.92,0.865,0.847,0,0.765154
E00225,2025-04-01,BU09,Clinical,M2,9.235,0.562,3.91,0.6,0.856,0,0.712799
E00226,2025-04-01,BU02,Operations,IC3,7.863,0.527,3.32,0.6,0.772,0,0.794518
E00227,2025-04-01,BU05,Admin,IC3,0.687,0.49,3.16,0.6,0.634,0,0.822527
E00228,2025-04-01,BU06,Finance,M2,7.833,0.541,2.92,0.611,0.621,0,0.859869
E00229,2025-04-01,BU04,IT,IC1,8.287,0.55,3.61,1.094,0.775,0,0.70644
E00230,2025-04-01,BU04,Operations,IC3,2.22,0.448,3.71,0.6,0.669,0,0.808868
E00231,2025-04-01,BU04,Admin,M2,8.86,0.671,3.39,0.614,0.643,0,0.779146
E00232,2025-04-01,BU02,IT,IC1,8.849,0.365,3.35,1.6,0.77,0,0.661775
E00233,2025-04-01,BU04,IT,IC3,7.759,0.689,3.55,0.6,0.636,0,0.738161
E00234,2025-04-01,BU01,Operations,IC3,5.038,0.674,3.15,0.642,0.71,0,0.799258
E00235,2025-04-01,BU06,Clinical,IC3,7.863,0.533,3.12,0.6,0.691,0,0.793265
E00236,2025-04-01,BU01,Operations,IC3,2.708,0.6,3.36,0.92,0.639,0,0.696064
E00237,2025-04-01,BU10,Admin,M1,10.902,0.577,4.34,0.6,0.757,0,0.657599
E00238,2025-04-01,BU06,IT,M1,3.874,0.498,3.13,0.6,0.509,0,0.825097
E00239,2025-04-01,BU01,Operations,IC1,4.865,0.398,3.08,1.337,0.778,0,0.679876
E00240,2025-04-01,BU06,Clinical,M1,9.478,0.526,3.2,0.741,0.782,0,0.80232
E00241,2025-04-01,BU10,Operations,IC1,3.455,0.68,3.23,0.98,0.847,0,0.702545
E00242,2025-04-01,BU08,Finance,IC2,11.034,0.688,3.61,0.642,0.655,0,0.664048
E00243,2025-04-01,BU02,Clinical,IC2,1.191,0.61,3.49,0.6,0.876,0,0.840564
E00244,2025-04-01,BU02,Admin,IC2,2.861,0.589,3.25,0.6,0.611,0,0.808226
E00245,2025-04-01,BU04,IT,IC2,2.508,0.613,3.29,0.6,0.492,0,0.776768
E00246,2025-04-01,BU03,Operations,M2,10.229,0.789,3.42,0.6,0.766,0,0.694069
E00247,2025-04-01,BU04,Clinical,IC3,5.04,0.719,3.61,0.659,0.866,0,0.74039
E00248,2025-04-01,BU07,Finance,IC3,1.985,0.579,3.17,0.6,0.609,0,0.781761
E00249,2025-04-01,BU01,Clinical,IC1,9.248,0.664,2.84,0.985,0.781,0,0.760717
E00250,2025-04-01,BU06,Education,M1,5.216,0.629,3.01,0.751,0.473,0,0.779893
E00251,2025-04-01,BU03,Finance,M1,1.607,0.489,3.29,0.6,0.743,0,0.822637
E00252,2025-04-01,BU10,Admin,M1,3.113,0.484,3.26,0.6,0.541,0,0.824876
E00253,2025-04-01,BU07,IT,IC1,7.261,0.508,3.84,0.766,0.91,0,0.782619
E00254,2025-04-01,BU10,Admin,IC1,10.604,0.641,3.31,1.183,0.521,0,0.60149
E00255,2025-04-01,BU02,Operations,IC1,9.703,0.532,3.63,1.125,0.622,0,0.664412
E00256,2025-04-01,BU02,Clinical,IC1,10.456,0.501,3.11,1.107,0.896,0,0.778043
E00257,2025-04-01,BU04,Education,IC2,6.467,0.657,3.21,1.175,0.668,0,0.627971
E00258,2025-04-01,BU01,Finance,M1,7.121,0.588,3.25,0.6,0.731,0,0.836861
E00259,2025-04-01,BU03,Finance,IC2,0.813,0.447,3.39,1.533,0.616,0,0.621444
E00260,2025-04-01,BU09,Clinical,IC1,4.783,0.519,3.45,1.223,0.685,0,0.688466
E00261,2025-04-01,BU07,Education,IC2,3.039,0.401,3.28,0.6,0.534,0,0.846908
E00262,2025-04-01,BU07,Clinical,IC1,2.415,0.494,3.79,1.6,0.694,0,0.560897
E00263,2025-04-01,BU04,Operations,IC1,9.128,0.448,3.96,0.739,0.804,0,0.769251
E00264,2025-04-01,BU02,Admin,IC2,8.282,0.582,3.53,0.6,0.584,0,0.72139
E00265,2025-04-01,BU04,Finance,IC2,9.21,0.497,3.66,0.933,0.683,0,0.708023
E00266,2025-04-01,BU06,Operations,M1,7.786,0.633,3.6,0.6,0.691,0,0.780252
E00267,2025-04-01,BU03,Admin,M2,3.329,0.546,3.43,0.6,0.666,0,0.780255
E00268,2025-04-01,BU01,Operations,IC2,5.862,0.506,3.44,1.277,0.838,0,0.649954
E00269,2025-04-01,BU08,Education,IC2,3.34,0.731,3.4,0.885,0.823,0,0.673744
E00270,2025-04-01,BU05,Finance,M1,10.538,0.58,3.26,0.674,0.681,0,0.806266
E00271,2025-04-01,BU05,Clinical,IC2,4.2,0.582,3.79,0.611,0.627,0,0.735151
E00272,2025-04-01,BU04,Clinical,IC1,7.737,0.687,2.8,0.6,0.82,0,0.891072
E00273,2025-04-01,BU06,Admin,M1,0.868,0.563,3.32,0.711,0.492,0,0.7108
E00274,2025-04-01,BU03,IT,IC1,10.91,0.622,3.68,1.357,0.542,0,0.547026
E00275,2025-04-01,BU09,Education,IC3,4.162,0.692,3.25,0.897,0.625,0,0.691087
E00276,2025-04-01,BU05,Admin,IC3,7.395,0.488,3.42,0.636,0.547,0,0.854862
E00277,2025-04-01,BU03,IT,IC2,6.026,0.588,3.37,0.6,0.584,0,0.733363
E00278,2025-04-01,BU01,Operations,IC2,3.734,0.521,2.69,1.6,0.557,0,0.68667
E00279,2025-04-01,BU10,Education,M1,7.828,0.69,4.19,0.6,0.574,0,0.572145
E00280,2025-04-01,BU06,Operations,IC1,8.307,0.694,3.96,0.828,0.634,0,0.542691
E00281,2025-04-01,BU02,Finance,IC1,3.138,0.605,3.7,0.816,0.634,0,0.702498
E00282,2025-04-01,BU03,Education,IC3,8.783,0.525,2.78,0.723,0.418,0,0.83657
E00283,2025-04-01,BU01,IT,IC2,3.127,0.589,3.28,1.06,0.74,0,0.798711
E00284,2025-04-01,BU09,Finance,IC1,10.16,0.665,4.21,0.976,0.539,0,0.504552
E00285,2025-04-01,BU08,Clinical,M1,10.089,0.594,3.2,0.698,0.688,0,0.800206
E00286,2025-04-01,BU02,IT,IC2,9.415,0.622,3.43,0.76,0.619,0,0.68464
E00287,2025-04-01,BU08,Admin,M1,6.026,0.539,3.45,0.6,0.36,0,0.74367
E00288,2025-04-01,BU09,Clinical,M1,9.103,0.625,3.78,0.721,0.739,0,0.669696
E00289,2025-04-01,BU01,Clinical,IC3,2.927,0.55,3.36,0.817,0.606,0,0.701856
E00290,2025-04-01,BU05,Admin,IC2,7.535,0.611,2.95,0.732,0.675,0,0.832815
E00291,2025-04-01,BU08,Education,M2,10.817,0.56,3.4,0.6,0.789,0,0.780003
E00292,2025-04-01,BU02,Clinical,IC1,8.227,0.472,3.06,1.092,0.83,0,0.80737
E00293,2025-04-01,BU04,IT,IC3,10.667,0.695,3.38,0.6,0.62,0,0.725649
E00294,2025-04-01,BU07,Finance,IC1,6.267,0.552,3.26,0.765,0.553,0,0.742719
E00295,2025-04-01,BU03,Clinical,IC2,7.691,0.616,3.14,0.6,0.731,0,0.775832
E00296,2025-04-01,BU05,IT,IC2,3.493,0.496,3.51,0.77,0.698,0,0.77472
E00297,2025-04-01,BU08,Operations,M2,4.022,0.601,3.64,0.6,0.915,0,0.762174
E00298,2025-04-01,BU10,IT,M2,5.188,0.845,4.02,0.6,0.513,0,0.519761
E00299,2025-04-01,BU03,Finance,IC1,8.846,0.561,3.16,0.751,0.667,0,0.808282
E00300,2025-04-01,BU04,IT,IC1,10.982,0.522,3.26,0.657,0.819,0,0.80635
E00301,2025-04-01,BU09,Admin,IC3,10.442,0.466,3.79,0.725,0.47,0,0.648487
E00302,2025-04-01,BU07,Finance,IC2,0.6,0.533,3.42,0.6,0.692,0,0.823722
E00303,2025-04-01,BU01,Education,IC1,9.21,0.658,3.32,1.6,0.663,0,0.534829
E00304,2025-04-01,BU04,Operations,IC3,5.489,0.588,3.71,0.6,0.615,0,0.753786
E00305,2025-04-01,BU04,Admin,IC2,5.243,0.574,3.18,0.6,0.548,0,0.779838
E00306,2025-04-01,BU09,Education,M2,5.284,0.579,3.0,0.6,0.781,0,0.839567
E00307,2025-04-01,BU06,IT,IC1,6.001,0.518,3.66,0.922,0.486,0,0.612964
E00308,2025-04-01,BU09,Finance,IC2,5.593,0.603,3.64,1.053,0.587,0,0.592698
E00309,2025-04-01,BU06,Operations,IC2,8.879,0.529,2.7,0.761,0.65,0,0.897631
E00310,2025-04-01,BU06,Admin,M1,6.144,0.51,3.45,0.6,0.578,0,0.80971
E00311,2025-04-01,BU05,Education,IC2,3.83,0.642,3.19,0.703,0.596,0,0.725646
E00312,2025-04-01,BU05,Education,IC3,0.912,0.413,3.58,0.713,0.695,0,0.828194
E00313,2025-04-01,BU02,Operations,IC1,1.101,0.582,3.58,0.6,0.739,0,0.742606
E00314,2025-04-01,BU08,IT,M1,9.38,0.667,3.29,0.762,0.661,0,0.736365
E00315,2025-04-01,BU08,Operations,IC2,6.352,0.615,3.75,0.6,0.75,0,0.744338
E00316,2025-04-01,BU01,Education,IC1,10.379,0.611,3.05,1.592,0.561,0,0.575217
E00317,2025-04-01,BU08,Clinical,IC3,11.058,0.498,3.74,0.727,0.764,0,0.770651
E00318,2025-04-01,BU05,Admin,IC1,6.541,0.588,3.74,1.117,0.496,0,0.53086
E00319,2025-04-01,BU02,Operations,IC1,8.742,0.557,2.9,1.385,0.753,1,0.788324
E00320,2025-04-01,BU02,Education,M1,7.699,0.628,2.66,0.6,0.736,0,0.801559
E00321,2025-04-01,BU06,IT,IC2,8.402,0.499,3.23,1.009,0.585,0,0.72948
E00322,2025-04-01,BU09,Education,IC3,10.776,0.617,3.58,0.637,0.612,0,0.718204
E00323,2025-04-01,BU01,IT,IC2,10.612,0.678,3.14,0.815,0.553,0,0.749014
E00324,2025-04-01,BU06,Operations,M1,6.965,0.565,3.8,0.6,0.768,0,0.736602
E00325,2025-04-01,BU09,IT,IC1,5.607,0.503,3.82,0.861,0.745,0,0.729554
E00326,2025-04-01,BU08,Finance,IC2,8.958,0.621,3.5,1.533,0.647,0,0.537669
E00327,2025-04-01,BU06,Finance,M2,2.62,0.486,3.54,0.6,0.684,0,0.778813
E00328,2025-04-01,BU03,Finance,M1,6.565,0.538,2.91,0.6,0.594,0,0.7848
E00329,2025-04-01,BU08,Clinical,IC2,4.06,0.608,3.15,0.781,0.723,0,0.788313
E00330,2025-04-01,BU09,Operations,IC2,11.069,0.446,2.26,0.681,0.646,0,0.913091
E00331,2025-04-01,BU01,Education,M1,6.415,0.655,3.47,0.658,0.728,0,0.717475
E00332,2025-04-01,BU09,Education,IC2,9.103,0.49,2.88,0.922,0.704,0,0.839098
E00333,2025-04-01,BU06,Clinical,M1,10.445,0.681,3.28,0.6,0.829,0,0.753567
E00334,2025-04-01,BU06,IT,M1,8.036,0.54,3.54,0.6,0.626,0,0.794424
E00335,2025-04-01,BU04,Clinical,IC1,7.044,0.65,3.46,0.681,0.926,0,0.794709
E00336,2025-04-01,BU01,IT,IC1,4.868,0.639,3.87,1.216,0.616,0,0.568012
E00337,2025-04-01,BU10,IT,IC3,10.91,0.49,3.26,0.648,0.664,0,0.810611
E00338,2025-04-01,BU08,Admin,IC1,9.09,0.558,3.29,0.982,0.465,0,0.674267
E00339,2025-04-01,BU02,Education,IC2,9.287,0.665,3.49,0.912,0.694,0,0.748634
E00340,2025-04-01,BU01,Finance,M2,2.497,0.631,3.2,0.6,0.578,0,0.802988
E00341,2025-04-01,BU02,IT,IC3,1.834,0.436,3.32,0.916,0.529,0,0.760563
E00342,2025-04-01,BU01,Admin,M1,5.881,0.435,2.87,0.6,0.592,0,0.90911
E00343,2025-04-01,BU01,Education,IC3,1.823,0.506,3.49,1.048,0.468,0,0.677963
E00344,2025-04-01,BU09,Finance,IC3,9.196,0.555,3.51,0.6,0.483,0,0.719057
E00345,2025-04-01,BU01,IT,IC1,3.89,0.534,3.48,0.6,0.608,0,0.736845
E00346,2025-04-01,BU04,IT,IC2,3.556,0.61,3.1,0.611,0.495,0,0.801283
E00347,2025-04-01,BU10,Clinical,IC2,9.331,0.497,3.21,0.628,0.882,0,0.864227
E00348,2025-04-01,BU06,Clinical,IC2,5.495,0.441,3.42,0.651,0.73,0,0.84487
E00349,2025-04-01,BU07,Education,M1,5.103,0.539,3.44,0.6,0.608,0,0.792957
E00350,2025-04-01,BU02,Finance,IC2,10.188,0.569,3.08,1.185,0.41,0,0.669048
E00351,2025-04-01,BU06,IT,IC2,0.468,0.547,3.28,0.747,0.739,0,0.802626
E00352,2025-04-01,BU07,Education,IC2,1.363,0.478,3.42,0.621,0.593,0,0.799709
E00353,2025-04-01,BU10,Education,IC1,9.572,0.616,3.16,0.626,0.833,0,0.797303
E00354,2025-04-01,BU10,Operations,IC2,1.489,0.46,3.15,0.712,0.66,0,0.817793
E00355,2025-04-01,BU02,Clinical,IC1,10.568,0.552,3.13,0.6,0.861,0,0.822442
E00356,2025-04-01,BU02,Finance,IC1,3.559,0.524,3.04,0.736,0.525,0,0.835915
E00357,2025-04-01,BU10,IT,IC1,10.831,0.482,3.42,1.486,0.633,0,0.586745
E00358,2025-04-01,BU07,Education,IC2,2.612,0.557,3.52,0.6,0.717,0,0.785359
E00359,2025-04-01,BU01,IT,M1,0.383,0.285,3.78,0.653,0.571,0,0.818334
E00360,2025-04-01,BU08,Operations,IC2,6.242,0.59,3.49,0.6,0.788,0,0.747826
E00361,2025-04-01,BU03,Finance,IC2,4.446,0.556,3.24,1.434,0.686,0,0.625442
E00362,2025-04-01,BU06,Education,IC3,1.933,0.493,3.62,1.227,0.822,0,0.661361
E00363,2025-04-01,BU09,IT,IC1,5.191,0.621,3.31,1.096,0.69,0,0.680301
E00364,2025-04-01,BU06,Clinical,M1,1.637,0.562,3.26,0.988,0.695,0,0.723361
E00365,2025-04-01,BU09,Operations,IC2,9.185,0.527,3.49,0.869,0.795,0,0.745745
E00366,2025-04-01,BU07,Finance,IC2,10.042,0.752,3.48,0.989,0.594,0,0.545106
E00367,2025-04-01,BU09,Operations,IC3,2.976,0.498,3.18,0.959,0.81,0,0.836702
E00368,2025-04-01,BU02,Clinical,IC1,3.603,0.632,3.24,0.962,0.863,0,0.740537
E00369,2025-04-01,BU08,Finance,IC3,1.763,0.494,3.07,0.6,0.538,0,0.839399
E00370,2025-04-01,BU08,Operations,IC2,4.463,0.522,2.69,1.002,0.653,0,0.804029
E00371,2025-04-01,BU02,Admin,M1,2.272,0.607,3.39,0.6,0.425,0,0.71447
E00372,2025-04-01,BU04,Clinical,IC1,7.707,0.586,3.23,0.819,0.589,0,0.734007
E00373,2025-04-01,BU07,Clinical,IC2,7.619,0.595,2.88,0.798,0.749,0,0.825398
E00374,2025-04-01,BU04,Clinical,IC3,11.113,0.573,3.56,0.838,0.763,0,0.745741
E00375,2025-04-01,BU04,Admin,IC1,3.455,0.569,3.43,0.937,0.566,0,0.668256
E00376,2025-04-01,BU06,Admin,IC2,8.378,0.634,3.26,0.953,0.592,0,0.716068
E00377,2025-04-01,BU10,IT,IC3,4.643,0.532,3.32,0.6,0.741,0,0.804059
E00378,2025-04-01,BU06,Education,M1,10.067,0.567,3.56,0.6,0.691,0,0.810413
E00379,2025-04-01,BU10,Operations,IC2,9.749,0.579,3.23,0.985,0.717,0,0.768105
E00380,2025-04-01,BU03,IT,M1,5.051,0.572,3.11,0.933,0.708,0,0.754718
E00381,2025-04-01,BU09,Operations,M2,5.687,0.562,3.12,0.937,0.807,0,0.745612
E00382,2025-04-01,BU10,Education,M1,8.397,0.651,3.62,0.646,0.576,0,0.645182
E00383,2025-04-01,BU02,Admin,IC1,2.311,0.637,2.73,1.21,0.487,0,0.679521
E00384,2025-04-01,BU06,Education,IC3,2.105,0.538,3.6,1.323,0.749,0,0.633346
E00385,2025-04-01,BU07,Admin,IC2,5.443,0.589,3.39,0.6,0.584,0,0.730171
E00386,2025-04-01,BU09,Education,M2,1.807,0.545,3.05,0.6,0.799,0,0.809107
E00387,2025-04-01,BU03,IT,IC2,2.051,0.502,3.09,1.017,0.724,0,0.787369
E00388,2025-04-01,BU10,Finance,IC1,6.078,0.586,3.5,1.539,0.691,0,0.586583
E00389,2025-04-01,BU03,IT,IC3,10.513,0.566,3.02,0.6,0.507,0,0.688563
E00390,2025-04-01,BU07,Operations,IC2,7.682,0.627,3.55,0.6,0.721,0,0.795509
E00391,2025-04-01,BU04,IT,M2,1.886,0.711,2.72,0.6,0.721,0,0.802869
E00392,2025-04-01,BU08,Clinical,M2,5.331,0.602,3.83,0.6,0.97,0,0.75789
E00393,2025-04-01,BU07,Operations,IC3,5.44,0.635,3.0,0.895,0.801,0,0.762682
E00394,2025-04-01,BU05,Education,IC1,0.739,0.569,3.47,1.097,0.704,0,0.682403
E00395,2025-04-01,BU07,Operations,IC3,6.554,0.558,3.79,0.6,0.812,0,0.759166
E00396,2025-04-01,BU03,Finance,IC1,11.233,0.531,2.89,1.004,0.628,1,0.841077
E00397,2025-04-01,BU02,Admin,IC1,3.704,0.52,3.2,1.009,0.594,0,0.787182
E00398,2025-04-01,BU06,Education,M1,6.779,0.502,3.39,0.87,0.7,0,0.739105
E00399,2025-04-01,BU02,Operations,IC1,6.475,0.628,2.67,0.989,0.818,0,0.80262
E00400,2025-04-01,BU03,Education,IC2,4.323,0.634,3.22,0.616,0.511,0,0.783767
E00401,2025-04-01,BU06,Education,M2,7.559,0.576,3.2,0.6,0.544,0,0.772597
E00402,2025-04-01,BU05,Education,IC2,6.234,0.687,3.55,0.829,0.577,0,0.62321
E00403,2025-04-01,BU08,Admin,IC2,7.997,0.444,3.38,0.6,0.571,0,0.830408
E00404,2025-04-01,BU09,IT,M1,8.537,0.483,3.69,0.6,0.744,0,0.72974
E00405,2025-04-01,BU03,Education,IC1,4.988,0.583,3.53,0.877,0.68,0,0.677142
E00406,2025-04-01,BU10,Clinical,M1,3.433,0.612,3.37,0.6,0.75,0,0.81187
E00407,2025-04-01,BU03,Finance,M2,8.071,0.69,3.27,0.629,0.601,0,0.746502
E00408,2025-04-01,BU03,Admin,M1,9.514,0.701,3.65,0.6,0.582,0,0.684605
E00409,2025-04-01,BU06,Operations,IC3,2.133,0.515,3.62,0.771,0.677,0,0.69219
E00410,2025-04-01,BU01,Admin,IC2,8.939,0.584,3.46,0.685,0.743,0,0.806235
E00411,2025-04-01,BU07,Operations,IC2,10.779,0.581,3.63,0.796,0.771,0,0.713839
E00412,2025-04-01,BU01,Admin,M1,4.137,0.574,2.77,0.6,0.731,0,0.869321
E00413,2025-04-01,BU05,Operations,M1,8.608,0.5,3.48,0.6,0.778,0,0.77459
E00414,2025-04-01,BU10,Education,IC2,1.613,0.493,3.62,0.807,0.578,0,0.707296
E00415,2025-04-01,BU08,IT,IC1,5.177,0.606,3.29,1.6,0.617,0,0.578021
E00416,2025-04-01,BU04,Operations,IC1,1.268,0.581,3.7,0.6,0.717,0,0.779628
E00417,2025-04-01,BU05,Operations,IC1,7.072,0.613,3.32,0.934,0.73,0,0.704612
E00418,2025-04-01,BU04,Clinical,IC3,1.429,0.589,3.79,0.903,0.869,0,0.71416
E00419,2025-04-01,BU04,Operations,IC2,6.563,0.671,2.8,0.893,0.705,0,0.813432
E00420,2025-04-01,BU08,Clinical,M1,4.914,0.661,3.89,0.67,0.692,0,0.671481
E00421,2025-04-01,BU02,Finance,IC3,2.804,0.625,3.09,0.6,0.748,0,0.852249
E00422,2025-04-01,BU01,Education,IC1,6.968,0.621,3.14,1.066,0.706,0,0.685003
E00423,2025-04-01,BU03,Clinical,IC3,10.434,0.564,3.12,0.6,0.966,0,0.884566
E00424,2025-04-01,BU09,IT,IC2,2.108,0.506,3.73,0.8,0.514,0,0.715504
E00425,2025-04-01,BU04,Education,IC3,1.399,0.6,3.97,0.612,0.788,0,0.695
E00426,2025-04-01,BU10,Clinical,IC3,10.642,0.528,3.96,1.399,0.709,0,0.484025
E00427,2025-04-01,BU05,Education,M1,9.383,0.664,2.82,0.623,0.573,0,0.804237
E00428,2025-04-01,BU02,Education,M1,5.791,0.576,2.83,0.6,0.635,0,0.849182
E00429,2025-04-01,BU04,Education,IC2,2.85,0.551,3.52,0.6,0.778,0,0.809851
E00430,2025-04-01,BU02,Finance,IC1,3.526,0.566,2.73,0.971,0.698,0,0.815286
E00431,2025-04-01,BU02,IT,IC3,7.173,0.662,2.59,0.84,0.67,0,0.824355
E00432,2025-04-01,BU04,Admin,IC1,10.85,0.556,3.07,0.851,0.682,0,0.816912
E00433,2025-04-01,BU06,Admin,IC2,4.797,0.617,3.52,0.6,0.622,0,0.669704
E00434,2025-04-01,BU07,Clinical,IC1,6.916,0.637,3.71,0.781,0.698,0,0.656071
E00435,2025-04-01,BU10,Education,IC3,5.76,0.524,3.79,0.687,0.567,0,0.687952
E00436,2025-04-01,BU03,Clinical,IC1,4.775,0.609,3.17,1.155,0.839,0,0.723228
E00437,2025-04-01,BU03,Finance,IC3,8.723,0.542,3.08,1.001,0.651,0,0.739705
E00438,2025-04-01,BU10,Finance,M2,2.001,0.568,3.69,0.6,0.544,0,0.670566
E00439,2025-04-01,BU06,Operations,IC1,8.364,0.611,3.55,1.103,0.573,0,0.665371
E00440,2025-04-01,BU03,Finance,IC1,6.612,0.818,3.59,0.869,0.646,0,0.533421
E00441,2025-04-01,BU02,Operations,IC2,5.744,0.739,3.01,0.754,0.801,0,0.759729
E00442,2025-04-01,BU08,IT,M1,2.533,0.556,3.19,0.601,0.63,0,0.814694
E00443,2025-04-01,BU05,Clinical,IC1,6.683,0.444,3.31,1.084,0.669,0,0.782167
E00444,2025-04-01,BU01,IT,IC2,11.031,0.594,3.37,0.962,0.8,0,0.748422
E00445,2025-04-01,BU03,Finance,IC1,8.057,0.54,3.17,0.607,0.681,0,0.771566
E00446,2025-04-01,BU10,IT,M1,6.648,0.698,3.64,0.6,0.455,0,0.662952
E00447,2025-04-01,BU08,IT,IC2,1.892,0.539,3.46,1.249,0.66,0,0.696621
E00448,2025-04-01,BU04,IT,M1,1.993,0.617,3.21,0.6,0.638,0,0.783649
E00449,2025-04-01,BU07,Finance,M1,6.623,0.675,2.89,0.601,0.524,0,0.788867
E00450,2025-04-01,BU10,Education,IC1,4.761,0.472,3.69,1.339,0.607,0,0.614073
E00451,2025-04-01,BU02,IT,M1,8.145,0.528,3.17,0.647,0.652,0,0.74689
E00452,2025-04-01,BU07,Operations,IC1,10.982,0.57,3.06,1.055,0.743,0,0.743868
E00453,2025-04-01,BU05,Finance,M1,6.327,0.563,3.63,0.75,0.622,0,0.675388
E00454,2025-04-01,BU05,IT,IC3,4.356,0.572,3.42,0.6,0.701,0,0.79706
E00455,2025-04-01,BU06,Education,M1,1.999,0.518,3.56,0.6,0.747,0,0.785395
E00456,2025-04-01,BU09,Finance,IC1,1.774,0.415,3.39,1.114,0.472,0,0.649131
E00457,2025-04-01,BU06,Admin,IC1,5.796,0.659,2.8,1.499,0.714,0,0.66667
E00458,2025-04-01,BU08,Education,IC2,7.184,0.536,4.24,0.813,0.707,0,0.636463
E00459,2025-04-01,BU07,Operations,IC2,7.608,0.575,3.02,0.6,0.703,1,0.881553
E00460,2025-04-01,BU09,IT,IC1,9.777,0.614,3.1,0.712,0.63,0,0.801917
E00461,2025-04-01,BU04,Admin,IC2,8.074,0.711,3.75,0.937,0.461,0,0.551159
E00462,2025-04-01,BU02,Admin,IC1,1.52,0.587,3.14,0.851,0.779,0,0.766793
E00463,2025-04-01,BU07,Finance,IC2,2.163,0.523,2.66,0.814,0.606,0,0.83353
E00464,2025-04-01,BU06,Admin,M1,8.345,0.696,3.23,0.716,0.621,0,0.730058
E00465,2025-04-01,BU01,Operations,IC2,1.659,0.531,2.87,0.6,0.747,0,0.819329
E00466,2025-04-01,BU09,Operations,IC1,10.461,0.54,3.74,1.6,0.852,0,0.556544
E00467,2025-04-01,BU09,Clinical,IC2,4.033,0.633,3.44,0.6,0.692,0,0.783687
E00468,2025-04-01,BU02,Operations,IC1,6.283,0.535,2.87,0.991,0.738,0,0.775109
E00469,2025-04-01,BU03,Education,M2,7.912,0.651,3.59,0.6,0.582,0,0.721693
E00470,2025-04-01,BU05,Admin,IC1,3.781,0.535,3.5,0.877,0.504,0,0.696961
E00471,2025-04-01,BU05,Operations,IC3,4.471,0.646,2.31,0.958,0.534,0,0.797248
E00472,2025-04-01,BU01,Finance,M2,9.791,0.589,3.11,0.6,0.364,0,0.787355
E00473,2025-04-01,BU08,Clinical,M1,10.93,0.598,3.73,0.767,0.704,0,0.72375
E00474,2025-04-01,BU08,Admin,IC3,1.051,0.493,3.87,0.6,0.583,0,0.731907
E00475,2025-04-01,BU04,Clinical,M1,7.973,0.545,3.41,0.689,0.687,0,0.785245
E00476,2025-04-01,BU07,Admin,M2,4.244,0.658,2.97,0.6,0.635,0,0.761989
E00477,2025-04-01,BU10,Finance,IC3,9.979,0.523,4.03,0.751,0.439,0,0.62519
E00478,2025-04-01,BU03,Clinical,IC3,9.18,0.526,3.28,0.6,0.882,0,0.809814
E00479,2025-04-01,BU06,IT,IC3,10.33,0.546,3.61,0.607,0.748,0,0.757926
E00480,2025-04-01,BU10,Education,IC2,11.192,0.63,3.34,0.6,0.781,0,0.832008
E00481,2025-04-01,BU10,Education,IC3,8.476,0.675,2.94,0.763,0.561,1,0.837219
E00482,2025-04-01,BU09,Admin,IC2,0.81,0.47,3.26,1.365,0.553,0,0.687053
E00483,2025-04-01,BU01,IT,IC1,6.899,0.615,3.14,0.6,0.606,0,0.757416
E00484,2025-04-01,BU05,Clinical,IC1,8.37,0.518,3.25,0.693,0.791,0,0.862667
E00485,2025-04-01,BU04,IT,IC1,11.001,0.545,3.19,0.887,0.54,0,0.763348
E00486,2025-04-01,BU08,IT,IC2,10.349,0.588,3.76,0.867,0.587,0,0.625497
E00487,2025-04-01,BU01,Clinical,IC1,4.057,0.563,2.86,1.296,0.636,0,0.728123
E00488,2025-04-01,BU09,Finance,IC3,2.229,0.568,3.15,0.622,0.631,0,0.732196
E00489,2025-04-01,BU06,IT,IC2,0.808,0.488,3.77,0.695,0.779,0,0.791744
E00490,2025-04-01,BU04,IT,M1,10.097,0.546,3.14,0.77,0.644,0,0.760183
E00491,2025-04-01,BU09,Finance,IC1,8.649,0.601,3.75,1.137,0.531,0,0.582563
E00492,2025-04-01,BU05,IT,IC1,9.495,0.555,3.25,1.118,0.449,0,0.64978
E00493,2025-04-01,BU05,IT,IC3,8.912,0.608,3.47,0.631,0.787,0,0.786551
E00494,2025-04-01,BU05,IT,IC3,4.704,0.373,2.78,0.887,0.82,0,0.870966
E00495,2025-04-01,BU01,Education,IC1,10.489,0.518,3.35,0.756,0.625,0,0.760527
E00496,2025-04-01,BU01,Operations,M1,1.303,0.508,3.69,0.6,0.697,0,0.763952
E00497,2025-04-01,BU08,Finance,M1,4.131,0.627,3.54,0.646,0.722,0,0.758296
E00498,2025-04-01,BU08,IT,IC2,1.618,0.699,2.86,0.6,0.512,0,0.799463
E00499,2025-04-01,BU06,Education,IC2,2.149,0.666,3.02,0.744,0.602,0,0.776642
E00500,2025-04-01,BU04,Finance,M2,1.999,0.596,3.04,0.6,0.676,0,0.761341
E00001,2025-05-01,BU03,Operations,IC2,5.246,0.589,2.79,0.939,0.689,0,0.797461
E00002,2025-05-01,BU05,Education,IC2,8.156,0.664,3.5,1.6,0.689,0,0.484329
E00003,2025-05-01,BU01,Operations,IC2,0.641,0.629,2.94,0.653,0.855,0,0.845162
E00004,2025-05-01,BU01,Clinical,IC1,3.789,0.564,3.58,1.23,0.571,0,0.613919
E00005,2025-05-01,BU10,Finance,IC2,7.061,0.568,3.69,0.6,0.625,0,0.71724
E00006,2025-05-01,BU09,IT,M2,4.553,0.586,3.95,0.6,0.601,0,0.696875
E00007,2025-05-01,BU07,Operations,IC1,1.963,0.439,3.66,1.023,0.832,0,0.747241
E00008,2025-05-01,BU01,Finance,IC1,9.183,0.644,3.59,1.476,0.788,0,0.513196
E00009,2025-05-01,BU08,Clinical,IC2,4.482,0.66,3.15,0.6,0.795,0,0.828241
E00010,2025-05-01,BU03,Admin,M1,0.687,0.402,3.49,0.686,0.492,0,0.745132
E00011,2025-05-01,BU08,Education,IC3,1.076,0.369,2.71,0.6,0.725,0,0.888349
E00012,2025-05-01,BU05,Finance,IC3,3.619,0.712,3.75,0.6,0.676,0,0.665203
E00013,2025-05-01,BU01,Finance,IC1,6.99,0.6,3.1,0.976,0.463,0,0.682869
E00014,2025-05-01,BU07,Admin,IC3,7.589,0.551,2.63,1.049,0.758,0,0.809364
E00015,2025-05-01,BU05,Finance,IC2,4.052,0.482,3.17,0.6,0.637,0,0.841245
E00016,2025-05-01,BU06,Clinical,M1,3.535,0.62,3.26,0.6,0.903,0,0.815945
E00017,2025-05-01,BU06,Clinical,IC3,8.964,0.706,3.23,0.6,0.841,0,0.79872
E00018,2025-05-01,BU08,Admin,IC1,5.61,0.655,3.69,0.777,0.703,0,0.639812
E00019,2025-05-01,BU09,Education,IC1,6.686,0.697,3.78,1.447,0.65,1,0.571054
E00020,2025-05-01,BU02,IT,IC1,10.141,0.711,3.06,0.83,0.658,0,0.733524
E00021,2025-05-01,BU09,Operations,IC2,4.307,0.452,4.22,1.241,0.725,0,0.529003
E00022,2025-05-01,BU10,IT,IC2,6.166,0.589,3.87,1.074,0.692,0,0.576946
E00023,2025-05-01,BU09,Finance,IC3,10.053,0.648,3.53,0.635,0.631,0,0.728782
E00024,2025-05-01,BU10,Operations,IC2,7.239,0.534,3.32,0.631,0.75,0,0.775388
E00025,2025-05-01,BU10,Admin,IC2,11.324,0.704,3.13,0.6,0.507,0,0.703041
E00026,2025-05-01,BU07,Admin,IC1,1.834,0.617,3.18,0.696,0.658,0,0.73076
E00027,2025-05-01,BU01,Education,IC1,5.73,0.692,2.6,1.073,0.586,0,0.716784
E00028,2025-05-01,BU07,Operations,M1,2.776,0.656,3.32,0.6,0.846,0,0.849191
E00029,2025-05-01,BU10,Clinical,IC1,10.927,0.654,3.43,0.709,0.87,1,0.833119
E00030,2025-05-01,BU05,Operations,IC3,0.394,0.668,3.85,0.6,0.796,0,0.743717
E00031,2025-05-01,BU06,Finance,M1,1.303,0.524,3.22,0.6,0.669,0,0.795081
E00032,2025-05-01,BU10,Clinical,IC3,1.812,0.635,3.63,0.6,0.631,0,0.706369
E00033,2025-05-01,BU07,Admin,M1,8.821,0.631,3.25,0.6,0.556,0,0.721347
E00034,2025-05-01,BU05,Operations,IC2,4.627,0.5,3.19,0.936,0.575,0,0.693622
E00035,2025-05-01,BU07,IT,M2,8.093,0.583,3.44,0.6,0.566,1,0.794184
E00036,2025-05-01,BU09,Education,IC1,2.658,0.591,3.7,0.6,0.708,0,0.721442
E00037,2025-05-01,BU03,IT,IC1,9.276,0.614,3.4,1.6,0.724,0,0.537593
E00038,2025-05-01,BU08,Education,IC3,7.318,0.733,3.27,0.6,0.818,0,0.801568
E00039,2025-05-01,BU02,Finance,M2,9.07,0.506,2.97,0.6,0.468,0,0.802113
E00040,2025-05-01,BU07,IT,M1,4.613,0.667,3.23,0.6,0.652,0,0.800081
E00041,2025-05-01,BU02,Operations,IC1,6.845,0.517,3.4,1.6,0.79,0,0.629788
E00042,2025-05-01,BU04,Operations,IC2,2.461,0.406,3.12,0.64,0.814,0,0.861018
E00043,2025-05-01,BU07,IT,M2,5.098,0.732,3.6,0.658,0.741,0,0.658394
E00044,2025-05-01,BU03,Operations,IC2,10.322,0.522,3.12,0.703,0.62,0,0.775489
E00045,2025-05-01,BU02,Finance,M1,8.016,0.543,3.19,0.6,0.651,0,0.86414
E00046,2025-05-01,BU10,Clinical,M1,2.382,0.63,3.39,0.69,0.73,0,0.746856
E00047,2025-05-01,BU07,Finance,IC2,9.64,0.626,3.61,0.6,0.558,0,0.715142
E00048,2025-05-01,BU01,Education,IC2,2.103,0.558,3.17,0.6,0.534,0,0.80577
E00049,2025-05-01,BU08,Finance,IC2,2.368,0.491,2.94,0.6,0.667,0,0.82916
E00050,2025-05-01,BU03,Education,IC1,1.645,0.525,3.33,0.632,0.755,0,0.831462
E00051,2025-05-01,BU02,Operations,M1,6.815,0.509,3.16,0.6,0.702,0,0.847443
E00052,2025-05-01,BU03,Clinical,IC2,9.399,0.568,3.33,1.018,0.713,0,0.757598
E00053,2025-05-01,BU05,Operations,M1,8.063,0.528,3.78,0.6,0.697,0,0.774715
E00054,2025-05-01,BU08,Admin,IC1,5.131,0.607,3.13,1.488,0.616,0,0.556565
E00055,2025-05-01,BU10,Operations,M2,3.532,0.613,3.36,0.6,0.85,0,0.752995
E00056,2025-05-01,BU07,Education,IC2,8.986,0.583,4.0,1.094,0.671,0,0.559864
E00057,2025-05-01,BU07,Operations,IC1,11.001,0.634,3.57,0.915,0.725,0,0.642673
E00058,2025-05-01,BU07,Operations,IC1,8.107,0.559,3.65,0.747,0.72,0,0.702241
E00059,2025-05-01,BU08,Clinical,IC3,9.377,0.622,3.54,0.972,0.905,0,0.714934
E00060,2025-05-01,BU01,Operations,IC3,3.663,0.622,2.98,0.6,0.798,0,0.856037
E00061,2025-05-01,BU04,Clinical,M1,8.016,0.606,3.22,0.6,0.835,0,0.826936
E00062,2025-05-01,BU06,IT,IC1,9.454,0.601,3.79,1.202,0.531,0,0.533618
E00063,2025-05-01,BU09,Admin,IC1,6.001,0.558,4.07,1.265,0.54,1,0.610091
E00064,2025-05-01,BU02,Clinical,IC2,6.045,0.688,3.32,0.6,0.63,0,0.730984
E00065,2025-05-01,BU01,Education,IC2,1.941,0.434,2.86,1.071,0.494,0,0.787521
E00066,2025-05-01,BU10,IT,IC2,7.83,0.685,3.46,0.6,0.729,0,0.758549
E00067,2025-05-01,BU02,Clinical,M2,5.629,0.737,3.11,0.6,0.707,0,0.767262
E00068,2025-05-01,BU07,Clinical,M2,9.78,0.673,4.19,0.6,0.85,0,0.655793
E00069,2025-05-01,BU03,Admin,M2,1.982,0.652,3.76,0.6,0.63,0,0.70803
E00070,2025-05-01,BU10,Education,M1,9.563,0.72,3.68,0.6,0.667,0,0.678763
E00071,2025-05-01,BU02,Finance,IC2,1.533,0.556,3.48,0.861,0.484,0,0.611616
E00072,2025-05-01,BU07,Finance,IC2,7.817,0.583,3.61,1.07,0.512,0,0.607026
E00073,2025-05-01,BU02,Clinical,IC2,3.532,0.598,2.7,0.785,0.723,0,0.849606
E00074,2025-05-01,BU03,Operations,M1,4.986,0.558,3.0,0.6,0.701,0,0.825846
E00075,2025-05-01,BU07,Education,IC1,3.154,0.555,4.01,1.287,0.699,0,0.550047
E00076,2025-05-01,BU04,IT,IC2,3.828,0.466,3.38,0.752,0.709,0,0.739185
E00077,2025-05-01,BU01,Operations,IC1,6.48,0.435,3.06,0.6,0.678,0,0.813943
E00078,2025-05-01,BU05,Operations,IC2,9.448,0.501,2.88,0.604,0.583,0,0.819892
E00079,2025-05-01,BU09,Education,M1,7.225,0.641,3.41,0.6,0.692,0,0.74034
E00080,2025-05-01,BU08,Clinical,M1,3.389,0.496,3.74,0.873,0.654,0,0.746153
E00081,2025-05-01,BU09,Clinical,IC1,1.613,0.462,3.74,1.388,0.915,0,0.691294
E00082,2025-05-01,BU10,Clinical,M2,2.543,0.678,3.1,0.707,0.942,0,0.839573
E00083,2025-05-01,BU09,Clinical,IC3,2.543,0.475,3.14,0.675,0.937,0,0.858545
E00084,2025-05-01,BU07,Finance,IC1,10.415,0.504,3.26,1.337,0.644,0,0.640197
E00085,2025-05-01,BU04,Clinical,IC2,3.277,0.584,3.28,0.6,0.598,0,0.851913
E00086,2025-05-01,BU05,Finance,IC2,4.898,0.552,2.88,0.757,0.6,0,0.823036
E00087,2025-05-01,BU01,Finance,IC1,2.762,0.6,2.86,1.102,0.632,0,0.760135
E00088,2025-05-01,BU01,Clinical,M2,3.74,0.571,2.76,0.6,0.841,0,0.863298
E00089,2025-05-01,BU03,Admin,IC2,10.568,0.51,3.44,0.831,0.589,0,0.743135
E00090,2025-05-01,BU08,IT,M1,3.598,0.526,2.74,0.968,0.674,0,0.830011
E00091,2025-05-01,BU02,Operations,IC2,4.244,0.52,3.46,0.919,0.791,0,0.774642
E00092,2025-05-01,BU04,Finance,IC1,0.485,0.447,3.2,1.244,0.791,1,0.851133
E00093,2025-05-01,BU02,Education,IC2,8.509,0.629,3.77,0.6,0.811,0,0.75722
E00094,2025-05-01,BU05,Education,IC1,11.184,0.537,3.07,1.6,0.646,0,0.626279
E00095,2025-05-01,BU09,IT,IC2,4.0,0.651,3.65,0.6,0.642,0,0.707255
E00096,2025-05-01,BU01,Education,M1,8.991,0.538,3.62,0.6,0.697,0,0.765787
E00097,2025-05-01,BU05,Admin,IC2,8.857,0.585,3.69,0.711,0.582,0,0.680764
E00098,2025-05-01,BU09,Education,IC3,11.165,0.584,3.07,0.6,0.455,0,0.781062
E00099,2025-05-01,BU01,Operations,IC1,0.723,0.539,2.95,1.365,0.704,0,0.720417
E00100,2025-05-01,BU09,Operations,IC1,7.318,0.581,3.6,0.772,0.733,0,0.689664
E00101,2025-05-01,BU08,Finance,IC1,1.845,0.58,3.0,0.762,0.447,0,0.824955
E00102,2025-05-01,BU04,Clinical,IC3,5.057,0.67,3.46,0.6,0.79,0,0.782898
E00103,2025-05-01,BU10,Admin,IC1,2.33,0.615,3.04,1.301,0.636,0,0.688291
E00104,2025-05-01,BU05,Finance,IC2,2.776,0.551,2.99,0.76,0.499,0,0.78626
E00105,2025-05-01,BU05,Admin,IC3,4.649,0.614,3.39,0.6,0.549,0,0.803704
E00106,2025-05-01,BU06,Clinical,IC2,3.05,0.424,2.89,0.869,0.908,0,0.865048
E00107,2025-05-01,BU07,Education,IC1,4.044,0.642,4.11,0.672,0.68,0,0.660104
E00108,2025-05-01,BU08,Education,IC2,9.908,0.61,3.37,0.6,0.61,0,0.718699
E00109,2025-05-01,BU08,Clinical,M1,10.382,0.732,4.15,0.874,0.822,0,0.579246
E00110,2025-05-01,BU02,Finance,IC3,5.103,0.689,3.47,0.717,0.675,0,0.696793
E00111,2025-05-01,BU09,Clinical,IC2,4.361,0.533,3.48,0.74,0.684,0,0.787081
E00112,2025-05-01,BU07,IT,IC1,3.852,0.434,2.21,0.733,0.637,0,0.959569
E00113,2025-05-01,BU04,Operations,M2,6.795,0.688,3.74,0.73,0.846,0,0.688428
E00114,2025-05-01,BU04,Finance,IC3,8.476,0.51,3.18,1.6,0.605,0,0.622562
E00115,2025-05-01,BU08,Admin,IC2,3.57,0.747,3.39,0.876,0.601,0,0.667752
E00116,2025-05-01,BU04,IT,M1,5.544,0.61,3.8,0.6,0.596,0,0.676283
E00117,2025-05-01,BU06,Finance,IC2,1.158,0.482,2.79,0.699,0.423,0,0.763311
E00118,2025-05-01,BU05,Clinical,IC2,8.802,0.606,3.19,0.918,0.829,0,0.809033
E00119,2025-05-01,BU03,Clinical,IC3,11.135,0.669,3.29,0.6,0.782,0,0.80071
E00120,2025-05-01,BU10,Clinical,IC1,9.243,0.619,3.51,1.045,0.687,0,0.668146
E00121,2025-05-01,BU02,Clinical,M2,6.344,0.6,2.97,0.6,0.634,0,0.83007
E00122,2025-05-01,BU09,Admin,IC3,8.531,0.466,3.73,0.972,0.629,0,0.65016
E00123,2025-05-01,BU10,IT,IC3,11.034,0.667,3.26,0.904,0.465,0,0.696682
E00124,2025-05-01,BU09,Education,IC1,6.407,0.505,3.98,0.987,0.622,0,0.639812
E00125,2025-05-01,BU01,Operations,IC1,1.741,0.498,3.13,1.49,0.667,0,0.670679
E00126,2025-05-01,BU10,Admin,IC2,4.594,0.642,3.62,1.544,0.725,0,0.539732
E00127,2025-05-01,BU03,Admin,M1,4.805,0.626,4.25,0.6,0.56,0,0.623682
E00128,2025-05-01,BU08,Education,IC2,1.259,0.638,4.05,0.795,0.486,0,0.532441
E00129,2025-05-01,BU06,Education,IC2,3.157,0.39,3.34,0.6,0.799,0,0.803303
E00130,2025-05-01,BU05,Operations,IC3,1.363,0.602,3.14,0.6,0.916,0,0.855863
E00131,2025-05-01,BU05,Operations,IC1,1.637,0.6,3.76,0.687,0.874,0,0.690507
E00132,2025-05-01,BU06,Education,IC3,8.389,0.578,3.09,0.6,0.615,0,0.844438
E00133,2025-05-01,BU07,Clinical,IC1,5.311,0.614,3.78,0.602,0.813,0,0.710203
E00134,2025-05-01,BU01,Admin,M2,10.65,0.601,3.17,0.6,0.542,0,0.74138
E00135,2025-05-01,BU09,Finance,IC2,7.734,0.653,4.11,0.643,0.47,0,0.576527
E00136,2025-05-01,BU03,Operations,IC1,8.309,0.537,2.98,1.349,0.684,0,0.732934
E00137,2025-05-01,BU04,Operations,IC2,6.856,0.554,3.72,0.658,0.771,0,0.747591
E00138,2025-05-01,BU10,Education,IC2,4.961,0.611,3.13,0.6,0.576,0,0.792247
E00139,2025-05-01,BU01,IT,M1,4.846,0.693,2.9,0.6,0.635,0,0.777924
E00140,2025-05-01,BU10,Finance,IC3,0.545,0.443,3.28,0.613,0.642,0,0.767867
E00141,2025-05-01,BU03,Finance,IC3,7.387,0.515,3.43,0.6,0.728,0,0.810422
E00142,2025-05-01,BU02,Operations,IC1,4.969,0.584,2.82,1.03,0.6,0,0.764889
E00143,2025-05-01,BU02,Clinical,IC1,0.846,0.533,3.44,0.689,0.881,0,0.825603
E00144,2025-05-01,BU01,IT,IC1,8.966,0.586,3.68,1.055,0.705,0,0.695933
E00145,2025-05-01,BU08,Finance,IC3,5.478,0.492,3.88,1.6,0.592,0,0.461853
E00146,2025-05-01,BU03,Operations,M1,9.369,0.66,2.99,0.6,0.804,0,0.832097
E00147,2025-05-01,BU03,Finance,IC2,1.936,0.604,3.3,0.614,0.681,0,0.832447
E00148,2025-05-01,BU06,IT,IC1,3.083,0.542,3.59,0.735,0.55,0,0.727706
E00149,2025-05-01,BU08,IT,IC3,7.129,0.618,3.3,0.6,0.783,0,0.837882
E00150,2025-05-01,BU09,Admin,M1,6.149,0.671,3.63,0.759,0.772,0,0.744085
E00151,2025-05-01,BU09,Education,IC3,8.008,0.569,3.3,0.741,0.69,0,0.772008
E00152,2025-05-01,BU04,Education,M1,0.635,0.514,3.75,0.74,0.56,0,0.763457
E00153,2025-05-01,BU05,Operations,IC2,2.215,0.458,3.49,0.723,0.632,0,0.762974
E00154,2025-05-01,BU02,IT,IC1,4.632,0.725,3.23,0.6,0.828,0,0.759199
E00155,2025-05-01,BU09,Admin,M1,3.321,0.689,3.69,0.6,0.51,0,0.688973
E00156,2025-05-01,BU08,Admin,IC3,5.29,0.617,3.46,0.833,0.733,0,0.728851
E00157,2025-05-01,BU03,Finance,IC2,10.992,0.698,3.04,0.764,0.456,0,0.737691
E00158,2025-05-01,BU09,Finance,IC3,10.905,0.524,3.14,0.973,0.601,0,0.774483
E00159,2025-05-01,BU03,Admin,M1,2.853,0.491,3.49,0.6,0.694,0,0.761723
E00160,2025-05-01,BU09,Finance,IC3,1.155,0.51,3.55,0.6,0.518,0,0.734697
E00161,2025-05-01,BU02,IT,IC3,2.815,0.544,2.77,0.6,0.541,0,0.872376
E00162,2025-05-01,BU10,Clinical,IC2,7.639,0.528,3.22,0.982,0.629,0,0.74404
E00163,2025-05-01,BU09,IT,IC2,2.453,0.51,3.56,0.956,0.577,0,0.683242
E00164,2025-05-01,BU08,Admin,IC2,8.339,0.61,3.46,1.024,0.308,0,0.584859
E00165,2025-05-01,BU09,Admin,M1,4.512,0.682,3.23,0.6,0.75,0,0.769338
E00166,2025-05-01,BU05,IT,M1,5.728,0.579,3.66,0.6,0.639,0,0.734385
E00167,2025-05-01,BU02,Finance,M1,3.858,0.471,3.14,0.6,0.435,0,0.783798
E00168,2025-05-01,BU08,Finance,IC1,0.364,0.486,3.3,1.495,0.757,0,0.701877
E00169,2025-05-01,BU06,Education,IC3,2.713,0.501,2.86,0.6,0.638,0,0.847666
E00170,2025-05-01,BU08,Admin,M1,6.396,0.697,3.56,0.667,0.638,0,0.690754
E00171,2025-05-01,BU05,Operations,IC3,10.979,0.662,3.21,0.759,0.746,0,0.785838
E00172,2025-05-01,BU10,Education,M1,8.69,0.566,3.65,0.701,0.541,0,0.706206
E00173,2025-05-01,BU02,Finance,M1,1.555,0.567,3.12,0.941,0.827,0,0.837393
E00174,2025-05-01,BU06,IT,IC2,3.354,0.435,3.41,1.23,0.581,0,0.736569
E00175,2025-05-01,BU05,Finance,IC2,1.081,0.5,3.07,0.611,0.66,0,0.86998
E00176,2025-05-01,BU05,IT,IC1,5.547,0.612,3.2,0.6,0.674,1,0.824326
E00177,2025-05-01,BU01,Education,IC2,3.737,0.637,3.18,0.6,0.537,0,0.761123
E00178,2025-05-01,BU02,Admin,IC3,2.527,0.541,3.25,0.69,0.236,0,0.697659
E00179,2025-05-01,BU08,Finance,M1,7.346,0.668,3.33,0.6,0.604,0,0.769855
E00180,2025-05-01,BU03,IT,IC1,11.209,0.707,3.15,1.6,0.573,0,0.546584
E00181,2025-05-01,BU10,Admin,IC1,10.407,0.545,3.73,0.958,0.554,0,0.605423
E00182,2025-05-01,BU03,Operations,IC3,1.358,0.699,3.2,0.832,0.625,0,0.698975
E00183,2025-05-01,BU08,IT,IC1,7.94,0.519,3.61,0.971,0.412,0,0.61638
E00184,2025-05-01,BU08,Education,IC1,4.597,0.609,3.34,0.786,0.633,0,0.781082
E00185,2025-05-01,BU02,Operations,IC1,10.084,0.514,2.9,0.6,0.716,0,0.831178
E00186,2025-05-01,BU08,Operations,IC1,8.438,0.492,3.73,0.903,0.727,0,0.788467
E00187,2025-05-01,BU01,Clinical,IC1,10.856,0.607,2.73,1.6,0.776,0,0.657192
E00188,2025-05-01,BU06,Finance,IC2,7.28,0.556,3.24,0.6,0.561,0,0.782749
E00189,2025-05-01,BU08,IT,IC2,10.645,0.656,3.05,0.6,0.664,0,0.814529
E00190,2025-05-01,BU03,Operations,M1,4.29,0.645,3.0,1.014,0.794,0,0.747991
E00191,2025-05-01,BU08,Clinical,IC2,10.946,0.684,3.63,1.006,0.814,0,0.666024
E00192,2025-05-01,BU01,Education,IC3,1.043,0.572,3.01,0.659,0.652,0,0.78224
E00193,2025-05-01,BU09,Admin,IC1,10.393,0.603,4.21,1.445,0.672,0,0.442169
E00194,2025-05-01,BU09,IT,IC1,10.114,0.651,3.19,0.672,0.67,0,0.806649
E00195,2025-05-01,BU05,Operations,IC3,9.895,0.586,3.72,0.659,0.666,0,0.687978
E00196,2025-05-01,BU10,Finance,IC1,6.22,0.471,3.62,1.307,0.526,0,0.591218
E00197,2025-05-01,BU04,Clinical,IC2,5.114,0.709,3.68,1.541,0.696,0,0.430709
E00198,2025-05-01,BU06,Operations,IC3,6.935,0.52,3.26,0.6,0.679,0,0.770879
E00199,2025-05-01,BU07,Finance,IC3,10.609,0.551,2.82,1.055,0.615,0,0.791907
E00200,2025-05-01,BU05,Operations,IC1,11.176,0.605,3.14,1.08,0.796,0,0.710523
E00201,2025-05-01,BU10,IT,IC2,8.559,0.504,3.54,0.844,0.564,0,0.709111
E00202,2025-05-01,BU09,IT,IC3,9.744,0.503,3.61,0.6,0.646,0,0.675447
E00203,2025-05-01,BU03,IT,IC1,7.192,0.678,2.52,0.6,0.646,0,0.854347
E00204,2025-05-01,BU07,Education,IC3,1.432,0.458,3.54,0.869,0.731,0,0.797407
E00205,2025-05-01,BU10,Education,IC3,5.933,0.589,3.88,0.6,0.871,0,0.807898
E00206,2025-05-01,BU10,Clinical,M2,4.805,0.619,3.52,0.6,0.758,0,0.813358
E00207,2025-05-01,BU05,IT,IC1,7.734,0.628,3.62,1.313,0.757,0,0.534763
E00208,2025-05-01,BU07,Finance,M1,5.328,0.583,3.5,0.733,0.695,0,0.78245
E00209,2025-05-01,BU02,Operations,IC2,0.898,0.569,3.67,0.74,0.635,0,0.712151
E00210,2025-05-01,BU04,Admin,IC2,4.282,0.637,3.84,1.036,0.695,0,0.600935
E00211,2025-05-01,BU02,Finance,IC1,1.175,0.647,3.18,1.498,0.484,0,0.595121
E00212,2025-05-01,BU07,Education,IC3,11.326,0.634,3.84,0.914,0.784,0,0.624204
E00213,2025-05-01,BU02,Education,IC1,5.426,0.602,3.3,0.788,0.731,0,0.775907
E00214,2025-05-01,BU01,Finance,IC2,3.956,0.554,3.29,1.085,0.46,0,0.677293
E00215,2025-05-01,BU09,Education,IC1,6.554,0.746,3.91,1.032,0.681,0,0.442833
E00216,2025-05-01,BU01,IT,M1,7.592,0.529,2.86,0.954,0.566,0,0.813351
E00217,2025-05-01,BU08,Clinical,M1,9.886,0.611,3.24,0.6,0.695,0,0.715919
E00218,2025-05-01,BU02,Operations,IC3,5.426,0.538,2.63,0.601,0.743,0,0.876365
E00219,2025-05-01,BU08,Clinical,IC2,5.448,0.591,3.16,0.6,0.836,0,0.815908
E00220,2025-05-01,BU03,Operations,IC1,1.273,0.529,3.41,1.005,0.803,0,0.743964
E00221,2025-05-01,BU06,Operations,IC3,11.266,0.576,3.1,0.693,0.701,0,0.819118
E00222,2025-05-01,BU03,Clinical,IC2,3.179,0.414,2.89,0.885,0.937,0,0.854635
E00223,2025-05-01,BU07,Finance,IC1,0.646,0.471,3.29,1.004,0.593,0,0.751299
E00224,2025-05-01,BU10,Operations,IC3,6.116,0.534,3.23,0.828,0.71,0,0.76578
E00225,2025-05-01,BU09,Clinical,M2,9.317,0.558,3.95,0.6,0.748,0,0.660779
E00226,2025-05-01,BU02,Operations,IC3,7.945,0.497,3.72,0.6,0.651,0,0.7152
E00227,2025-05-01,BU05,Admin,IC3,0.769,0.573,3.36,0.6,0.563,0,0.746959
E00228,2025-05-01,BU06,Finance,M2,7.915,0.685,3.51,0.6,0.55,0,0.759623
E00229,2025-05-01,BU04,IT,IC1,8.37,0.684,3.72,1.092,0.467,0,0.5189
E00230,2025-05-01,BU04,Operations,IC3,2.303,0.532,3.66,0.6,0.756,0,0.783592
E00231,2025-05-01,BU04,Admin,M2,8.942,0.634,3.32,0.663,0.569,0,0.771189
E00232,2025-05-01,BU02,IT,IC1,8.931,0.539,3.19,1.6,0.688,0,0.628215
E00233,2025-05-01,BU04,IT,IC3,7.841,0.619,2.96,0.6,0.782,0,0.90117
E00234,2025-05-01,BU01,Operations,IC3,5.12,0.536,3.04,0.631,0.723,0,0.822889
E00235,2025-05-01,BU06,Clinical,IC3,7.945,0.681,4.0,0.6,0.76,0,0.686807
E00236,2025-05-01,BU01,Operations,IC3,2.79,0.641,3.36,0.801,0.714,0,0.721547
E00237,2025-05-01,BU10,Admin,M1,10.984,0.628,3.63,0.6,0.559,0,0.672012
E00238,2025-05-01,BU06,IT,M1,3.956,0.543,2.98,0.6,0.612,0,0.813174
E00239,2025-05-01,BU01,Operations,IC1,4.947,0.551,3.36,1.273,0.771,0,0.706509
E00240,2025-05-01,BU06,Clinical,M1,9.561,0.718,2.96,0.825,0.931,0,0.778405
E00241,2025-05-01,BU10,Operations,IC1,3.537,0.548,3.44,1.145,0.632,0,0.625006
E00242,2025-05-01,BU08,Finance,IC2,11.116,0.614,3.4,0.659,0.522,0,0.675178
E00243,2025-05-01,BU02,Clinical,IC2,1.273,0.501,3.31,0.6,0.952,0,0.861137
E00244,2025-05-01,BU02,Admin,IC2,2.943,0.606,3.25,0.6,0.658,0,0.843863
E00245,2025-05-01,BU04,IT,IC2,2.59,0.358,3.39,0.647,0.561,0,0.805817
E00246,2025-05-01,BU03,Operations,M2,10.311,0.474,3.01,0.6,0.753,0,0.861565
E00247,2025-05-01,BU04,Clinical,IC3,5.123,0.504,3.11,0.624,0.722,0,0.84311
E00248,2025-05-01,BU07,Finance,IC3,2.067,0.545,3.25,0.6,0.555,0,0.816712
E00249,2025-05-01,BU01,Clinical,IC1,9.331,0.638,3.35,0.975,0.823,0,0.774718
E00250,2025-05-01,BU06,Education,M1,5.298,0.701,2.98,0.781,0.54,0,0.723421
E00251,2025-05-01,BU03,Finance,M1,1.689,0.521,2.66,0.6,0.737,0,0.886816
E00252,2025-05-01,BU10,Admin,M1,3.195,0.474,4.03,0.6,0.54,0,0.704642
E00253,2025-05-01,BU07,IT,IC1,7.343,0.556,3.86,0.714,0.454,0,0.589069
E00254,2025-05-01,BU10,Admin,IC1,10.686,0.608,3.77,1.124,0.444,0,0.538589
E00255,2025-05-01,BU02,Operations,IC1,9.785,0.718,3.45,1.148,0.641,0,0.634937
E00256,2025-05-01,BU02,Clinical,IC1,10.538,0.754,2.98,1.108,0.84,0,0.70451
E00257,2025-05-01,BU04,Education,IC2,6.549,0.553,3.27,1.192,0.625,0,0.700003
E00258,2025-05-01,BU01,Finance,M1,7.203,0.705,2.89,0.6,0.677,0,0.850643
E00259,2025-05-01,BU03,Finance,IC2,0.895,0.626,2.53,1.534,0.753,0,0.753374
E00260,2025-05-01,BU09,Clinical,IC1,4.865,0.677,3.67,1.253,0.705,0,0.547805
E00261,2025-05-01,BU07,Education,IC2,3.121,0.652,3.33,0.6,0.53,0,0.701027
E00262,2025-05-01,BU07,Clinical,IC1,2.497,0.49,3.42,1.6,0.777,0,0.603604
E00263,2025-05-01,BU04,Operations,IC1,9.21,0.741,2.99,0.679,0.788,0,0.770152
E00264,2025-05-01,BU02,Admin,IC2,8.364,0.592,3.31,0.6,0.511,0,0.726032
E00265,2025-05-01,BU04,Finance,IC2,9.292,0.494,3.09,0.845,0.593,0,0.773446
E00266,2025-05-01,BU06,Operations,M1,7.869,0.648,2.99,0.6,0.664,0,0.784025
E00267,2025-05-01,BU03,Admin,M2,3.411,0.455,2.71,0.6,0.606,0,0.953766
E00268,2025-05-01,BU01,Operations,IC2,5.944,0.527,3.7,1.252,0.803,0,0.705099
E00269,2025-05-01,BU08,Education,IC2,3.422,0.557,4.06,0.899,0.791,0,0.636394
E00270,2025-05-01,BU05,Finance,M1,10.62,0.544,3.34,0.702,0.375,0,0.669986
E00271,2025-05-01,BU05,Clinical,IC2,4.282,0.626,3.64,0.6,0.691,0,0.696535
E00272,2025-05-01,BU04,Clinical,IC1,7.819,0.557,3.77,0.604,0.777,0,0.770101
E00273,2025-05-01,BU06,Admin,M1,0.95,0.526,3.58,0.706,0.573,0,0.751886
E00274,2025-05-01,BU03,IT,IC1,10.992,0.524,3.06,1.257,0.661,0,0.727336
E00275,2025-05-01,BU09,Education,IC3,4.244,0.616,3.79,0.896,0.834,0,0.682309
E00276,2025-05-01,BU05,Admin,IC3,7.477,0.641,3.52,0.699,0.567,0,0.703337
E00277,2025-05-01,BU03,IT,IC2,6.108,0.558,2.63,0.6,0.68,0,0.88762
E00278,2025-05-01,BU01,Operations,IC2,3.817,0.61,3.24,1.6,0.757,0,0.620212
E00279,2025-05-01,BU10,Education,M1,7.91,0.63,3.37,0.628,0.751,0,0.773489
E00280,2025-05-01,BU06,Operations,IC1,8.389,0.703,3.34,0.92,0.886,0,0.745629
E00281,2025-05-01,BU02,Finance,IC1,3.22,0.632,2.83,0.865,0.661,0,0.802395
E00282,2025-05-01,BU03,Education,IC3,8.865,0.6,3.43,0.678,0.732,0,0.779134
E00283,2025-05-01,BU01,IT,IC2,3.209,0.652,3.28,1.088,0.598,0,0.683381
E00284,2025-05-01,BU09,Finance,IC1,10.242,0.663,3.24,1.063,0.725,0,0.692117
E00285,2025-05-01,BU08,Clinical,M1,10.171,0.444,3.5,0.658,0.786,0,0.835102
E00286,2025-05-01,BU02,IT,IC2,9.498,0.578,2.97,0.805,0.521,0,0.774162
E00287,2025-05-01,BU08,Admin,M1,6.108,0.631,4.01,0.6,0.78,0,0.696715
E00288,2025-05-01,BU09,Clinical,M1,9.185,0.661,3.15,0.673,0.836,0,0.80558
E00289,2025-05-01,BU01,Clinical,IC3,3.009,0.537,3.0,0.801,0.97,0,0.831567
E00290,2025-05-01,BU05,Admin,IC2,7.617,0.59,3.74,0.6,0.807,0,0.777136
E00291,2025-05-01,BU08,Education,M2,10.899,0.505,3.57,0.6,0.761,0,0.783448
E00292,2025-05-01,BU02,Clinical,IC1,8.309,0.618,3.04,1.053,0.838,0,0.825229
E00293,2025-05-01,BU04,IT,IC3,10.749,0.574,3.31,0.668,0.6,0,0.784563
E00294,2025-05-01,BU07,Finance,IC1,6.349,0.613,3.09,0.75,0.709,0,0.756167
E00295,2025-05-01,BU03,Clinical,IC2,7.773,0.596,3.05,0.6,0.767,0,0.868648
E00296,2025-05-01,BU05,IT,IC2,3.576,0.48,3.62,0.844,0.662,0,0.732464
E00297,2025-05-01,BU08,Operations,M2,4.104,0.701,3.54,0.6,0.634,0,0.689867
E00298,2025-05-01,BU10,IT,M2,5.27,0.673,3.1,0.6,0.691,0,0.801428
E00299,2025-05-01,BU03,Finance,IC1,8.928,0.591,3.14,0.822,0.493,0,0.743305
E00300,2025-05-01,BU04,IT,IC1,11.064,0.7,2.64,0.708,0.58,0,0.798864
E00301,2025-05-01,BU09,Admin,IC3,10.524,0.624,3.48,0.775,0.453,0,0.691716
E00302,2025-05-01,BU07,Finance,IC2,0.682,0.7,4.44,0.6,0.792,1,0.677019
E00303,2025-05-01,BU01,Education,IC1,9.292,0.56,2.81,1.6,0.638,0,0.67024
E00304,2025-05-01,BU04,Operations,IC3,5.572,0.601,3.35,0.6,0.524,0,0.715962
E00305,2025-05-01,BU04,Admin,IC2,5.325,0.588,3.29,0.6,0.582,0,0.790896
E00306,2025-05-01,BU09,Education,M2,5.366,0.552,3.35,0.6,0.737,0,0.822027
E00307,2025-05-01,BU06,IT,IC1,6.084,0.505,3.05,0.866,0.398,0,0.756253
E00308,2025-05-01,BU09,Finance,IC2,5.676,0.54,3.14,1.079,0.54,0,0.684948
E00309,2025-05-01,BU06,Operations,IC2,8.961,0.598,3.51,0.872,0.764,0,0.718035
E00310,2025-05-01,BU06,Admin,M1,6.226,0.492,3.65,0.6,0.702,0,0.808228
E00311,2025-05-01,BU05,Education,IC2,3.912,0.527,3.4,0.6,0.644,0,0.726567
E00312,2025-05-01,BU05,Education,IC3,0.994,0.588,3.47,0.81,0.683,0,0.678591
E00313,2025-05-01,BU02,Operations,IC1,1.183,0.52,3.49,0.6,0.763,0,0.871696
E00314,2025-05-01,BU08,IT,M1,9.462,0.559,3.57,0.838,0.521,0,0.66015
E00315,2025-05-01,BU08,Operations,IC2,6.434,0.587,3.78,0.6,0.624,0,0.704195
E00316,2025-05-01,BU01,Education,IC1,10.461,0.524,3.01,1.45,0.698,0,0.70879
E00317,2025-05-01,BU08,Clinical,IC3,11.14,0.622,3.8,0.638,0.663,0,0.7424
E00318,2025-05-01,BU05,Admin,IC1,6.623,0.488,3.69,1.148,0.585,0,0.722178
E00319,2025-05-01,BU02,Operations,IC1,8.824,0.648,2.91,1.392,0.727,0,0.691143
E00320,2025-05-01,BU02,Education,M1,7.781,0.674,3.54,0.616,0.63,0,0.71608
E00321,2025-05-01,BU06,IT,IC2,8.485,0.61,3.42,0.965,0.673,0,0.67919
E00322,2025-05-01,BU09,Education,IC3,10.858,0.697,3.58,0.637,0.782,0,0.708689
E00323,2025-05-01,BU01,IT,IC2,10.694,0.606,3.29,0.897,0.414,0,0.671746
E00324,2025-05-01,BU06,Operations,M1,7.047,0.479,3.26,0.6,0.81,0,0.857766
E00325,2025-05-01,BU09,IT,IC1,5.689,0.479,3.55,0.828,0.653,0,0.740708
E00326,2025-05-01,BU08,Finance,IC2,9.04,0.857,3.3,1.472,0.425,0,0.43581
E00327,2025-05-01,BU06,Finance,M2,2.702,0.515,3.37,0.6,0.479,0,0.772406
E00328,2025-05-01,BU03,Finance,M1,6.648,0.642,3.74,0.68,0.581,0,0.616497
E00329,2025-05-01,BU08,Clinical,IC2,4.142,0.549,3.42,0.799,0.842,0,0.807464
E00330,2025-05-01,BU09,Operations,IC2,11.151,0.491,3.19,0.763,0.666,0,0.814875
E00331,2025-05-01,BU01,Education,M1,6.497,0.356,3.24,0.6,0.671,0,0.886936
E00332,2025-05-01,BU09,Education,IC2,9.185,0.611,3.97,1.009,0.762,0,0.630667
E00333,2025-05-01,BU06,Clinical,M1,10.527,0.644,3.57,0.6,0.652,0,0.776888
E00334,2025-05-01,BU06,IT,M1,8.118,0.725,3.49,0.6,0.615,0,0.733558
E00335,2025-05-01,BU04,Clinical,IC1,7.127,0.514,2.98,0.608,0.702,0,0.891272
E00336,2025-05-01,BU01,IT,IC1,4.95,0.615,2.92,1.193,0.776,0,0.738167
E00337,2025-05-01,BU10,IT,IC3,10.992,0.585,3.59,0.662,0.792,0,0.786057
E00338,2025-05-01,BU08,Admin,IC1,9.172,0.564,3.35,0.955,0.517,0,0.669276
E00339,2025-05-01,BU02,Education,IC2,9.369,0.663,3.28,0.954,0.595,0,0.724678
E00340,2025-05-01,BU01,Finance,M2,2.579,0.558,2.74,0.6,0.73,0,0.828917
E00341,2025-05-01,BU02,IT,IC3,1.916,0.661,3.16,0.788,0.702,0,0.71643
E00342,2025-05-01,BU01,Admin,M1,5.963,0.549,3.0,0.6,0.513,0,0.751829
E00343,2025-05-01,BU01,Education,IC3,1.906,0.512,3.41,1.031,0.425,0,0.679559
E00344,2025-05-01,BU09,Finance,IC3,9.279,0.741,3.56,0.6,0.443,0,0.611767
E00345,2025-05-01,BU01,IT,IC1,3.973,0.495,3.39,0.6,0.787,0,0.833498
E00346,2025-05-01,BU04,IT,IC2,3.639,0.716,3.43,0.602,0.726,0,0.736241
E00347,2025-05-01,BU10,Clinical,IC2,9.413,0.565,3.52,0.642,0.793,0,0.820586
E00348,2025-05-01,BU06,Clinical,IC2,5.577,0.62,3.89,0.674,0.941,0,0.69005
E00349,2025-05-01,BU07,Education,M1,5.185,0.488,3.43,0.6,0.658,0,0.82477
E00350,2025-05-01,BU02,Finance,IC2,10.27,0.567,3.28,1.074,0.784,0,0.72946
E00351,2025-05-01,BU06,IT,IC2,0.55,0.414,3.11,0.6,0.758,0,0.79839
E00352,2025-05-01,BU07,Education,IC2,1.446,0.608,3.32,0.6,0.627,0,0.801166
E00353,2025-05-01,BU10,Education,IC1,9.654,0.572,3.27,0.6,0.73,0,0.832599
E00354,2025-05-01,BU10,Operations,IC2,1.572,0.56,3.67,0.6,0.899,0,0.824539
E00355,2025-05-01,BU02,Clinical,IC1,10.65,0.637,2.89,0.6,0.676,0,0.83606
E00356,2025-05-01,BU02,Finance,IC1,3.641,0.593,3.45,0.752,0.683,0,0.746153
E00357,2025-05-01,BU10,IT,IC1,10.913,0.608,3.44,1.472,0.626,0,0.504336
E00358,2025-05-01,BU07,Education,IC2,2.694,0.516,3.38,0.6,0.733,0,0.84313
E00359,2025-05-01,BU01,IT,M1,0.465,0.534,3.51,0.658,0.656,0,0.803727
E00360,2025-05-01,BU08,Operations,IC2,6.324,0.637,3.43,0.6,0.759,0,0.781988
E00361,2025-05-01,BU03,Finance,IC2,4.528,0.513,3.46,1.345,0.423,0,0.573397
E00362,2025-05-01,BU06,Education,IC3,2.015,0.649,3.87,1.14,0.966,0,0.612028
E00363,2025-05-01,BU09,IT,IC1,5.273,0.547,3.44,1.103,0.732,0,0.747493
E00364,2025-05-01,BU06,Clinical,M1,1.719,0.611,3.75,1.121,0.995,0,0.744071
E00365,2025-05-01,BU09,Operations,IC2,9.268,0.552,3.78,0.821,0.854,0,0.715226
E00366,2025-05-01,BU07,Finance,IC2,10.125,0.466,3.56,0.942,0.664,1,0.797919
E00367,2025-05-01,BU09,Operations,IC3,3.058,0.544,3.43,0.937,0.579,0,0.677315
E00368,2025-05-01,BU02,Clinical,IC1,3.685,0.505,2.93,0.942,0.693,0,0.785335
E00369,2025-05-01,BU08,Finance,IC3,1.845,0.567,3.66,0.6,0.725,0,0.703906
E00370,2025-05-01,BU08,Operations,IC2,4.545,0.597,3.33,0.949,0.942,0,0.765551
E00371,2025-05-01,BU02,Admin,M1,2.355,0.537,3.34,0.6,0.548,0,0.767544
E00372,2025-05-01,BU04,Clinical,IC1,7.789,0.577,3.66,0.807,0.789,0,0.73649
E00373,2025-05-01,BU07,Clinical,IC2,7.702,0.417,3.58,0.823,0.823,0,0.806554
E00374,2025-05-01,BU04,Clinical,IC3,11.195,0.64,3.7,0.754,0.81,0,0.689169
E00375,2025-05-01,BU04,Admin,IC1,3.537,0.588,3.4,0.951,0.543,0,0.633444
E00376,2025-05-01,BU06,Admin,IC2,8.46,0.677,2.76,0.873,0.63,0,0.769934
E00377,2025-05-01,BU10,IT,IC3,4.726,0.617,3.7,0.6,0.826,0,0.724028
E00378,2025-05-01,BU06,Education,M1,10.149,0.598,3.07,0.6,0.841,0,0.865942
E00379,2025-05-01,BU10,Operations,IC2,9.832,0.608,3.38,1.061,0.659,0,0.679344
E00380,2025-05-01,BU03,IT,M1,5.133,0.518,3.78,0.987,0.671,0,0.612795
E00381,2025-05-01,BU09,Operations,M2,5.769,0.755,3.33,0.934,0.751,0,0.674872
E00382,2025-05-01,BU10,Education,M1,8.479,0.699,3.29,0.6,0.584,0,0.745622
E00383,2025-05-01,BU02,Admin,IC1,2.393,0.527,3.58,1.218,0.781,0,0.687053
E00384,2025-05-01,BU06,Education,IC3,2.188,0.617,3.34,1.288,0.729,0,0.664553
E00385,2025-05-01,BU07,Admin,IC2,5.525,0.726,3.53,0.6,0.43,0,0.637174
E00386,2025-05-01,BU09,Education,M2,1.889,0.57,3.27,0.6,0.507,0,0.770329
E00387,2025-05-01,BU03,IT,IC2,2.133,0.383,3.29,0.99,0.517,0,0.752567
E00388,2025-05-01,BU10,Finance,IC1,6.16,0.668,3.51,1.542,0.592,0,0.450189
E00389,2025-05-01,BU03,IT,IC3,10.595,0.7,3.26,0.6,0.496,0,0.699443
E00390,2025-05-01,BU07,Operations,IC2,7.765,0.61,3.24,0.6,0.681,0,0.807543
E00391,2025-05-01,BU04,IT,M2,1.969,0.452,3.03,0.6,0.417,0,0.856554
E00392,2025-05-01,BU08,Clinical,M2,5.413,0.583,3.33,0.6,0.926,0,0.790758
E00393,2025-05-01,BU07,Operations,IC3,5.522,0.518,3.17,0.98,0.7,0,0.82439
E00394,2025-05-01,BU05,Education,IC1,0.821,0.443,3.74,1.095,0.844,0,0.751332
E00395,2025-05-01,BU07,Operations,IC3,6.637,0.535,3.73,0.633,0.674,0,0.79762
E00396,2025-05-01,BU03,Finance,IC1,11.316,0.55,3.03,1.042,0.75,0,0.769729
E00397,2025-05-01,BU02,Admin,IC1,3.786,0.661,3.64,0.947,0.618,0,0.6086
E00398,2025-05-01,BU06,Education,M1,6.861,0.58,3.46,0.99,0.691,0,0.714961
E00399,2025-05-01,BU02,Operations,IC1,6.557,0.704,3.19,1.026,0.761,0,0.78406
E00400,2025-05-01,BU03,Education,IC2,4.405,0.56,3.63,0.659,0.627,0,0.731184
E00401,2025-05-01,BU06,Education,M2,7.641,0.588,3.65,0.6,0.506,0,0.63885
E00402,2025-05-01,BU05,Education,IC2,6.316,0.539,2.96,0.728,0.646,0,0.856043
E00403,2025-05-01,BU08,Admin,IC2,8.079,0.552,3.13,0.6,0.393,0,0.775248
E00404,2025-05-01,BU09,IT,M1,8.619,0.545,3.01,0.6,0.742,0,0.82546
E00405,2025-05-01,BU03,Education,IC1,5.07,0.588,2.94,0.87,0.655,0,0.753008
E00406,2025-05-01,BU10,Clinical,M1,3.515,0.426,3.25,0.6,0.829,0,0.905108
E00407,2025-05-01,BU03,Finance,M2,8.153,0.573,3.42,0.674,0.669,0,0.795153
E00408,2025-05-01,BU03,Admin,M1,9.596,0.583,3.7,0.6,0.645,0,0.739971
E00409,2025-05-01,BU06,Operations,IC3,2.215,0.526,3.01,0.777,0.683,0,0.79691
E00410,2025-05-01,BU01,Admin,IC2,9.021,0.495,3.51,0.749,0.782,0,0.766297
E00411,2025-05-01,BU07,Operations,IC2,10.861,0.658,3.41,0.796,0.614,0,0.72266
E00412,2025-05-01,BU01,Admin,M1,4.219,0.528,3.25,0.6,0.639,0,0.83895
E00413,2025-05-01,BU05,Operations,M1,8.69,0.395,3.46,0.6,0.56,0,0.809683
E00414,2025-05-01,BU10,Education,IC2,1.695,0.541,3.15,0.722,0.559,0,0.775282
E00415,2025-05-01,BU08,IT,IC1,5.259,0.55,3.86,1.6,0.536,0,0.458998
E00416,2025-05-01,BU04,Operations,IC1,1.35,0.559,3.16,0.6,0.812,0,0.843872
E00417,2025-05-01,BU05,Operations,IC1,7.154,0.562,3.15,0.901,0.656,0,0.757763
E00418,2025-05-01,BU04,Clinical,IC3,1.511,0.54,3.0,0.96,0.646,0,0.725686
E00419,2025-05-01,BU04,Operations,IC2,6.645,0.658,3.21,0.835,0.692,0,0.739113
E00420,2025-05-01,BU08,Clinical,M1,4.997,0.664,3.54,0.657,0.657,0,0.682758
E00421,2025-05-01,BU02,Finance,IC3,2.886,0.621,2.98,0.6,0.74,0,0.777906
E00422,2025-05-01,BU01,Education,IC1,7.05,0.541,3.61,1.15,0.669,0,0.647528
E00423,2025-05-01,BU03,Clinical,IC3,10.516,0.667,3.47,0.6,0.925,0,0.75241
E00424,2025-05-01,BU09,IT,IC2,2.19,0.485,3.19,0.854,0.673,0,0.827298
E00425,2025-05-01,BU04,Education,IC3,1.481,0.551,2.52,0.6,0.676,0,0.872452
E00426,2025-05-01,BU10,Clinical,IC3,10.724,0.663,3.19,1.356,0.766,0,0.65873
E00427,2025-05-01,BU05,Education,M1,9.465,0.656,3.76,0.658,0.558,0,0.680881
E00428,2025-05-01,BU02,Education,M1,5.873,0.635,3.4,0.6,0.829,0,0.816664
E00429,2025-05-01,BU04,Education,IC2,2.932,0.534,3.29,0.6,0.671,0,0.871008
E00430,2025-05-01,BU02,Finance,IC1,3.608,0.51,2.74,1.0,0.602,0,0.819388
E00431,2025-05-01,BU02,IT,IC3,7.255,0.641,2.87,0.839,0.46,0,0.728598
E00432,2025-05-01,BU04,Admin,IC1,10.932,0.531,3.58,0.941,0.535,1,0.739233
E00433,2025-05-01,BU06,Admin,IC2,4.879,0.442,3.87,0.6,0.554,0,0.756359
E00434,2025-05-01,BU07,Clinical,IC1,6.998,0.521,2.51,0.742,0.84,0,0.942186
E00435,2025-05-01,BU10,Education,IC3,5.843,0.592,3.54,0.762,0.862,0,0.777906
E00436,2025-05-01,BU03,Clinical,IC1,4.857,0.539,3.09,1.248,0.66,0,0.71194
E00437,2025-05-01,BU03,Finance,IC3,8.805,0.663,3.83,0.928,0.687,0,0.58697
E00438,2025-05-01,BU10,Finance,M2,2.084,0.502,2.72,0.6,0.634,0,0.85695
E00439,2025-05-01,BU06,Operations,IC1,8.446,0.661,3.29,1.062,0.734,0,0.679921
E00440,2025-05-01,BU03,Finance,IC1,6.694,0.565,3.43,0.899,0.645,0,0.715732
E00441,2025-05-01,BU02,Operations,IC2,5.826,0.605,3.25,0.723,0.862,0,0.8076
E00442,2025-05-01,BU08,IT,M1,2.615,0.632,3.26,0.6,0.682,0,0.727108
E00443,2025-05-01,BU05,Clinical,IC1,6.765,0.428,2.8,1.06,0.773,0,0.786694
E00444,2025-05-01,BU01,IT,IC2,11.113,0.717,3.44,0.881,0.501,0,0.593135
E00445,2025-05-01,BU03,Finance,IC1,8.14,0.662,3.09,0.698,0.642,0,0.783414
E00446,2025-05-01,BU10,IT,M1,6.73,0.621,3.42,0.6,0.57,0,0.741062
E00447,2025-05-01,BU08,IT,IC2,1.974,0.68,3.66,1.216,0.372,0,0.499392
E00448,2025-05-01,BU04,IT,M1,2.075,0.652,3.11,0.6,0.571,1,0.818964
E00449,2025-05-01,BU07,Finance,M1,6.705,0.589,3.37,0.6,0.589,0,0.764453
E00450,2025-05-01,BU10,Education,IC1,4.843,0.592,3.56,1.35,0.678,0,0.618001
E00451,2025-05-01,BU02,IT,M1,8.227,0.523,2.74,0.686,0.536,0,0.80131
E00452,2025-05-01,BU07,Operations,IC1,11.064,0.544,3.3,1.115,0.691,0,0.73037
E00453,2025-05-01,BU05,Finance,M1,6.409,0.637,4.01,0.682,0.474,0,0.667345
E00454,2025-05-01,BU05,IT,IC3,4.438,0.72,3.78,0.6,0.62,0,0.660739
E00455,2025-05-01,BU06,Education,M1,2.081,0.467,3.56,0.6,0.548,0,0.777947
E00456,2025-05-01,BU09,Finance,IC1,1.856,0.693,3.49,1.156,0.702,0,0.604989
E00457,2025-05-01,BU06,Admin,IC1,5.878,0.493,4.22,1.506,0.723,0,0.50005
E00458,2025-05-01,BU08,Education,IC2,7.266,0.58,3.35,0.809,0.663,0,0.809979
E00459,2025-05-01,BU07,Operations,IC2,7.691,0.679,3.27,0.6,0.742,0,0.749504
E00460,2025-05-01,BU09,IT,IC1,9.859,0.494,3.17,0.677,0.56,0,0.841698
E00461,2025-05-01,BU04,Admin,IC2,8.156,0.64,3.51,1.002,0.567,0,0.569911
E00462,2025-05-01,BU02,Admin,IC1,1.602,0.582,3.33,0.903,0.567,0,0.681442
E00463,2025-05-01,BU07,Finance,IC2,2.245,0.541,3.45,0.737,0.519,0,0.716078
E00464,2025-05-01,BU06,Admin,M1,8.427,0.735,3.34,0.644,0.551,0,0.690842
E00465,2025-05-01,BU01,Operations,IC2,1.741,0.449,3.43,0.6,0.726,0,0.78908
E00466,2025-05-01,BU09,Operations,IC1,10.543,0.65,3.34,1.6,0.712,0,0.596472
E00467,2025-05-01,BU09,Clinical,IC2,4.115,0.682,3.77,0.6,0.726,0,0.718399
E00468,2025-05-01,BU02,Operations,IC1,6.366,0.544,3.14,1.06,0.782,0,0.729832
E00469,2025-05-01,BU03,Education,M2,7.995,0.404,3.92,0.6,0.692,0,0.681185
E00470,2025-05-01,BU05,Admin,IC1,3.863,0.586,2.98,0.748,0.605,0,0.799328
E00471,2025-05-01,BU05,Operations,IC3,4.553,0.57,3.19,0.998,0.723,0,0.717066
E00472,2025-05-01,BU01,Finance,M2,9.873,0.559,3.17,0.6,0.601,0,0.803391
E00473,2025-05-01,BU08,Clinical,M1,11.012,0.621,3.34,0.82,0.9,0,0.802754
E00474,2025-05-01,BU08,Admin,IC3,1.133,0.659,3.0,0.6,0.519,0,0.817261
E00475,2025-05-01,BU04,Clinical,M1,8.055,0.768,3.21,0.6,0.702,0,0.731995
E00476,2025-05-01,BU07,Admin,M2,4.326,0.424,3.68,0.6,0.555,0,0.72565
E00477,2025-05-01,BU10,Finance,IC3,10.062,0.549,2.93,0.684,0.643,0,0.841751
E00478,2025-05-01,BU03,Clinical,IC3,9.262,0.621,3.25,0.6,0.797,0,0.752837
E00479,2025-05-01,BU06,IT,IC3,10.412,0.674,3.01,0.6,0.747,0,0.850539
E00480,2025-05-01,BU10,Education,IC2,11.274,0.662,3.12,0.6,0.714,0,0.804892
E00481,2025-05-01,BU10,Education,IC3,8.559,0.742,2.7,0.793,0.531,0,0.839039
E00482,2025-05-01,BU09,Admin,IC2,0.893,0.569,3.4,1.419,0.484,0,0.548557
E00483,2025-05-01,BU01,IT,IC1,6.982,0.711,3.14,0.6,0.714,0,0.788848
E00484,2025-05-01,BU05,Clinical,IC1,8.452,0.627,3.24,0.676,0.912,0,0.792287
E00485,2025-05-01,BU04,IT,IC1,11.083,0.524,3.19,0.873,0.564,0,0.726052
E00486,2025-05-01,BU08,IT,IC2,10.431,0.536,3.34,0.83,0.64,0,0.770241
E00487,2025-05-01,BU01,Clinical,IC1,4.14,0.405,3.7,1.218,0.715,0,0.724557
E00488,2025-05-01,BU09,Finance,IC3,2.311,0.565,3.9,0.6,0.591,0,0.6636
E00489,2025-05-01,BU06,IT,IC2,0.89,0.643,3.35,0.647,0.678,0,0.740078
E00490,2025-05-01,BU04,IT,M1,10.179,0.637,2.93,0.757,0.554,0,0.743755
E00491,2025-05-01,BU09,Finance,IC1,8.731,0.582,3.72,1.18,0.684,0,0.587248
E00492,2025-05-01,BU05,IT,IC1,9.577,0.682,3.07,1.167,0.781,0,0.715647
E00493,2025-05-01,BU05,IT,IC3,8.994,0.455,3.23,0.653,0.573,0,0.769773
E00494,2025-05-01,BU05,IT,IC3,4.786,0.527,3.49,0.793,0.545,0,0.718571
E00495,2025-05-01,BU01,Education,IC1,10.571,0.666,3.41,0.738,0.65,0,0.711264
E00496,2025-05-01,BU01,Operations,M1,1.385,0.422,3.37,0.6,0.736,0,0.864838
E00497,2025-05-01,BU08,Finance,M1,4.214,0.562,2.89,0.689,0.685,0,0.879073
E00498,2025-05-01,BU08,IT,IC2,1.7,0.493,3.4,0.6,0.752,0,0.794523
E00499,2025-05-01,BU06,Education,IC2,2.231,0.661,3.43,0.862,0.716,0,0.639329
E00500,2025-05-01,BU04,Finance,M2,2.081,0.357,3.76,0.6,0.635,0,0.780996
E00001,2025-06-01,BU03,Operations,IC2,5.331,0.56,3.11,0.932,0.885,0,0.803205
E00002,2025-06-01,BU05,Education,IC2,8.241,0.618,2.96,1.6,0.396,1,0.661592
E00003,2025-06-01,BU01,Operations,IC2,0.726,0.48,3.16,0.666,0.577,0,0.842748
E00004,2025-06-01,BU01,Clinical,IC1,3.874,0.427,3.13,1.184,0.86,0,0.810228
E00005,2025-06-01,BU10,Finance,IC2,7.146,0.648,2.75,0.6,0.627,0,0.804377
E00006,2025-06-01,BU09,IT,M2,4.638,0.62,3.31,0.6,0.613,0,0.742751
E00007,2025-06-01,BU07,Operations,IC1,2.048,0.403,3.3,1.036,0.645,0,0.825544
E00008,2025-06-01,BU01,Finance,IC1,9.268,0.641,2.76,1.483,0.476,0,0.65851
E00009,2025-06-01,BU08,Clinical,IC2,4.567,0.517,3.78,0.6,0.644,0,0.738483
E00010,2025-06-01,BU03,Admin,M1,0.772,0.533,3.02,0.747,0.446,0,0.788265
E00011,2025-06-01,BU08,Education,IC3,1.161,0.471,3.48,0.6,0.612,0,0.770729
E00012,2025-06-01,BU05,Finance,IC3,3.704,0.469,3.05,0.6,0.474,0,0.803007
E00013,2025-06-01,BU01,Finance,IC1,7.075,0.616,3.35,0.978,0.585,0,0.650831
E00014,2025-06-01,BU07,Admin,IC3,7.674,0.666,3.65,1.161,0.53,0,0.559237
E00015,2025-06-01,BU05,Finance,IC2,4.137,0.656,3.5,0.6,0.571,0,0.771976
E00016,2025-06-01,BU06,Clinical,M1,3.619,0.672,2.93,0.6,0.789,0,0.862297
E00017,2025-06-01,BU06,Clinical,IC3,9.049,0.6,3.29,0.6,0.727,0,0.765186
E00018,2025-06-01,BU08,Admin,IC1,5.695,0.615,3.65,0.844,0.599,0,0.684866
E00019,2025-06-01,BU09,Education,IC1,6.771,0.868,3.56,1.499,0.756,0,0.473945
E00020,2025-06-01,BU02,IT,IC1,10.226,0.586,3.71,0.813,0.627,0,0.677155
E00021,2025-06-01,BU09,Operations,IC2,4.392,0.555,3.91,1.24,0.5,0,0.443379
E00022,2025-06-01,BU10,IT,IC2,6.251,0.639,3.38,1.152,0.517,0,0.597061
E00023,2025-06-01,BU09,Finance,IC3,10.138,0.524,3.5,0.609,0.57,0,0.794388
E00024,2025-06-01,BU10,Operations,IC2,7.324,0.514,3.8,0.6,0.584,0,0.738597
E00025,2025-06-01,BU10,Admin,IC2,11.409,0.681,2.93,0.6,0.565,0,0.792723
E00026,2025-06-01,BU07,Admin,IC1,1.919,0.541,3.91,0.654,0.555,0,0.702434
E00027,2025-06-01,BU01,Education,IC1,5.815,0.657,2.83,1.112,0.751,0,0.727584
E00028,2025-06-01,BU07,Operations,M1,2.861,0.454,3.41,0.6,0.641,0,0.776382
E00029,2025-06-01,BU10,Clinical,IC1,11.012,0.635,3.6,0.704,0.602,0,0.723355
E00030,2025-06-01,BU05,Operations,IC3,0.479,0.606,2.97,0.6,0.773,0,0.805717
E00031,2025-06-01,BU06,Finance,M1,1.388,0.406,3.58,0.6,0.493,0,0.788736
E00032,2025-06-01,BU10,Clinical,IC3,1.897,0.502,3.42,0.6,0.797,0,0.830995
E00033,2025-06-01,BU07,Admin,M1,8.906,0.578,3.93,0.6,0.327,0,0.666718
E00034,2025-06-01,BU05,Operations,IC2,4.712,0.587,3.22,0.788,0.729,0,0.765834
E00035,2025-06-01,BU07,IT,M2,8.178,0.625,3.44,0.6,0.636,0,0.754477
E00036,2025-06-01,BU09,Education,IC1,2.743,0.526,3.42,0.6,0.788,0,0.834503
E00037,2025-06-01,BU03,IT,IC1,9.361,0.666,3.45,1.6,0.642,0,0.499931
E00038,2025-06-01,BU08,Education,IC3,7.403,0.622,2.87,0.6,0.629,0,0.775678
E00039,2025-06-01,BU02,Finance,M2,9.155,0.628,3.03,0.6,0.53,0,0.793421
E00040,2025-06-01,BU07,IT,M1,4.698,0.452,3.16,0.6,0.568,0,0.853003
E00041,2025-06-01,BU02,Operations,IC1,6.93,0.636,3.15,1.6,0.695,0,0.579319
E00042,2025-06-01,BU04,Operations,IC2,2.546,0.67,3.12,0.6,0.545,0,0.790981
E00043,2025-06-01,BU07,IT,M2,5.183,0.627,2.96,0.626,0.542,0,0.796934
E00044,2025-06-01,BU03,Operations,IC2,10.407,0.524,3.52,0.765,0.702,0,0.752076
E00045,2025-06-01,BU02,Finance,M1,8.101,0.673,2.88,0.6,0.577,0,0.766308
E00046,2025-06-01,BU10,Clinical,M1,2.467,0.41,3.74,0.663,0.685,0,0.761061
E00047,2025-06-01,BU07,Finance,IC2,9.725,0.605,3.74,0.6,0.722,0,0.746707
E00048,2025-06-01,BU01,Education,IC2,2.188,0.418,3.53,0.6,0.656,0,0.804546
E00049,2025-06-01,BU08,Finance,IC2,2.453,0.538,3.75,0.623,0.609,0,0.711971
E00050,2025-06-01,BU03,Education,IC1,1.73,0.626,3.04,0.6,0.83,0,0.894105
E00051,2025-06-01,BU02,Operations,M1,6.899,0.568,3.36,0.6,0.755,0,0.825564
E00052,2025-06-01,BU03,Clinical,IC2,9.484,0.864,3.21,1.05,0.871,0,0.672078
E00053,2025-06-01,BU05,Operations,M1,8.148,0.573,3.57,0.6,0.908,0,0.801968
E00054,2025-06-01,BU08,Admin,IC1,5.216,0.535,3.93,1.477,0.667,0,0.525226
E00055,2025-06-01,BU10,Operations,M2,3.617,0.586,3.62,0.6,0.762,0,0.786152
E00056,2025-06-01,BU07,Education,IC2,9.07,0.591,2.8,1.085,0.833,0,0.825884
E00057,2025-06-01,BU07,Operations,IC1,11.086,0.654,3.49,0.904,0.748,0,0.710728
E00058,2025-06-01,BU07,Operations,IC1,8.192,0.508,3.28,0.737,0.762,0,0.811441
E00059,2025-06-01,BU08,Clinical,IC3,9.462,0.617,3.18,0.984,0.839,0,0.786916
E00060,2025-06-01,BU01,Operations,IC3,3.748,0.635,3.51,0.6,0.83,0,0.790643
E00061,2025-06-01,BU04,Clinical,M1,8.101,0.605,3.29,0.6,0.713,0,0.835135
E00062,2025-06-01,BU06,IT,IC1,9.539,0.707,3.12,1.213,0.415,0,0.561052
E00063,2025-06-01,BU09,Admin,IC1,6.086,0.636,3.67,1.303,0.284,0,0.509398
E00064,2025-06-01,BU02,Clinical,IC2,6.13,0.624,3.33,0.6,0.783,0,0.783307
E00065,2025-06-01,BU01,Education,IC2,2.026,0.455,3.39,1.116,0.465,0,0.70536
E00066,2025-06-01,BU10,IT,IC2,7.915,0.565,3.73,0.6,0.598,0,0.750698
E00067,2025-06-01,BU02,Clinical,M2,5.714,0.672,3.13,0.6,0.848,0,0.809107
E00068,2025-06-01,BU07,Clinical,M2,9.864,0.603,3.2,0.6,0.69,0,0.79973
E00069,2025-06-01,BU03,Admin,M2,2.067,0.633,3.02,0.66,0.249,0,0.681263
E00070,2025-06-01,BU10,Education,M1,9.648,0.594,3.37,0.6,0.708,0,0.770138
E00071,2025-06-01,BU02,Finance,IC2,1.618,0.476,3.21,0.976,0.6,0,0.788596
E00072,2025-06-01,BU07,Finance,IC2,7.901,0.57,3.85,1.14,0.643,0,0.657897
E00073,2025-06-01,BU02,Clinical,IC2,3.617,0.6,3.45,0.778,0.775,0,0.736262
E00074,2025-06-01,BU03,Operations,M1,5.07,0.588,3.58,0.6,0.803,0,0.725773
E00075,2025-06-01,BU07,Education,IC1,3.239,0.615,3.12,1.34,0.576,0,0.660474
E00076,2025-06-01,BU04,IT,IC2,3.912,0.533,3.4,0.752,0.695,0,0.779607
E00077,2025-06-01,BU01,Operations,IC1,6.565,0.553,3.42,0.6,0.95,0,0.785534
E00078,2025-06-01,BU05,Operations,IC2,9.533,0.534,3.47,0.6,0.601,0,0.753758
E00079,2025-06-01,BU09,Education,M1,7.31,0.636,3.93,0.6,0.719,0,0.713712
E00080,2025-06-01,BU08,Clinical,M1,3.474,0.438,3.39,0.874,0.638,0,0.730547
E00081,2025-06-01,BU09,Clinical,IC1,1.697,0.557,3.18,1.573,0.723,0,0.633568
E00082,2025-06-01,BU10,Clinical,M2,2.628,0.608,4.16,0.623,0.657,0,0.69483
E00083,2025-06-01,BU09,Clinical,IC3,2.628,0.504,3.75,0.766,0.662,0,0.725726
E00084,2025-06-01,BU07,Finance,IC1,10.5,0.558,3.48,1.231,0.518,0,0.622306
E00085,2025-06-01,BU04,Clinical,IC2,3.362,0.624,3.01,0.6,0.653,0,0.805626
E00086,2025-06-01,BU05,Finance,IC2,4.983,0.553,3.27,0.81,0.689,0,0.788995
E00087,2025-06-01,BU01,Finance,IC1,2.847,0.46,2.53,1.038,0.599,0,0.83239
E00088,2025-06-01,BU01,Clinical,M2,3.825,0.591,3.06,0.6,0.667,0,0.859246
E00089,2025-06-01,BU03,Admin,IC2,10.653,0.582,3.11,0.798,0.41,0,0.714092
E00090,2025-06-01,BU08,IT,M1,3.682,0.637,3.69,0.904,0.479,0,0.620686
E00091,2025-06-01,BU02,Operations,IC2,4.329,0.685,3.14,0.869,0.698,0,0.732518
E00092,2025-06-01,BU04,Finance,IC1,0.569,0.635,3.06,1.262,0.444,0,0.579523
E00093,2025-06-01,BU02,Education,IC2,8.594,0.742,2.78,0.6,0.562,0,0.751732
E00094,2025-06-01,BU05,Education,IC1,11.269,0.59,4.14,1.561,0.6,0,0.453995
E00095,2025-06-01,BU09,IT,IC2,4.085,0.557,3.52,0.715,0.544,0,0.708554
E00096,2025-06-01,BU01,Education,M1,9.076,0.64,3.08,0.6,0.685,0,0.798642
E00097,2025-06-01,BU05,Admin,IC2,8.942,0.444,3.19,0.602,0.477,0,0.804529
E00098,2025-06-01,BU09,Education,IC3,11.25,0.728,3.74,0.6,0.669,0,0.712596
E00099,2025-06-01,BU01,Operations,IC1,0.808,0.645,2.96,1.331,0.683,0,0.633407
E00100,2025-06-01,BU09,Operations,IC1,7.403,0.61,3.89,0.799,0.716,0,0.646302
E00101,2025-06-01,BU08,Finance,IC1,1.93,0.702,3.79,0.721,0.525,0,0.660311
E00102,2025-06-01,BU04,Clinical,IC3,5.142,0.511,4.1,0.6,0.751,0,0.747384
E00103,2025-06-01,BU10,Admin,IC1,2.415,0.6,4.24,1.401,0.598,0,0.435224
E00104,2025-06-01,BU05,Finance,IC2,2.861,0.453,2.62,0.744,0.664,0,0.867564
E00105,2025-06-01,BU05,Admin,IC3,4.734,0.502,2.8,0.6,0.498,0,0.817246
E00106,2025-06-01,BU06,Clinical,IC2,3.135,0.558,3.46,0.892,0.737,0,0.768414
E00107,2025-06-01,BU07,Education,IC1,4.129,0.534,3.74,0.628,0.831,0,0.786939
E00108,2025-06-01,BU08,Education,IC2,9.993,0.679,3.05,0.6,0.728,0,0.791073
E00109,2025-06-01,BU08,Clinical,M1,10.467,0.558,3.32,0.858,0.684,0,0.746236
E00110,2025-06-01,BU02,Finance,IC3,5.188,0.572,3.11,0.624,0.592,0,0.845867
E00111,2025-06-01,BU09,Clinical,IC2,4.446,0.64,3.41,0.697,0.648,0,0.716008
E00112,2025-06-01,BU07,IT,IC1,3.937,0.656,3.22,0.826,0.717,0,0.751991
E00113,2025-06-01,BU04,Operations,M2,6.88,0.609,2.81,0.773,0.504,0,0.788203
E00114,2025-06-01,BU04,Finance,IC3,8.561,0.626,3.42,1.6,0.523,0,0.479089
E00115,2025-06-01,BU08,Admin,IC2,3.655,0.628,2.43,0.801,0.434,0,0.830864
E00116,2025-06-01,BU04,IT,M1,5.629,0.484,3.29,0.6,0.787,0,0.841519
E00117,2025-06-01,BU06,Finance,IC2,1.243,0.563,3.0,0.735,0.581,0,0.864259
E00118,2025-06-01,BU05,Clinical,IC2,8.887,0.655,3.13,0.877,0.632,0,0.708353
E00119,2025-06-01,BU03,Clinical,IC3,11.22,0.533,3.51,0.6,0.88,0,0.785939
E00120,2025-06-01,BU10,Clinical,IC1,9.328,0.528,3.7,1.131,0.74,0,0.669853
E00121,2025-06-01,BU02,Clinical,M2,6.428,0.549,2.73,0.6,0.745,0,0.921433
E00122,2025-06-01,BU09,Admin,IC3,8.616,0.632,3.2,0.953,0.525,0,0.686265
E00123,2025-06-01,BU10,IT,IC3,11.118,0.546,3.03,1.0,0.743,0,0.810872
E00124,2025-06-01,BU09,Education,IC1,6.491,0.631,3.73,0.967,0.657,0,0.62733
E00125,2025-06-01,BU01,Operations,IC1,1.826,0.586,3.45,1.531,0.527,1,0.623226
E00126,2025-06-01,BU10,Admin,IC2,4.679,0.714,3.44,1.536,0.287,0,0.407108
E00127,2025-06-01,BU03,Admin,M1,4.89,0.409,3.97,0.6,0.603,0,0.726297
E00128,2025-06-01,BU08,Education,IC2,1.344,0.546,2.7,0.88,0.759,0,0.882702
E00129,2025-06-01,BU06,Education,IC2,3.242,0.5,3.29,0.6,0.425,0,0.70684
E00130,2025-06-01,BU05,Operations,IC3,1.448,0.624,2.66,0.6,0.814,0,0.868976
E00131,2025-06-01,BU05,Operations,IC1,1.722,0.667,3.82,0.685,0.806,0,0.714507
E00132,2025-06-01,BU06,Education,IC3,8.474,0.645,2.74,0.6,0.525,0,0.816924
E00133,2025-06-01,BU07,Clinical,IC1,5.396,0.78,3.09,0.611,0.849,0,0.739179
E00134,2025-06-01,BU01,Admin,M2,10.735,0.635,3.29,0.6,0.612,0,0.75434
E00135,2025-06-01,BU09,Finance,IC2,7.819,0.627,2.97,0.635,0.545,0,0.810673
E00136,2025-06-01,BU03,Operations,IC1,8.394,0.537,3.09,1.24,0.744,0,0.685337
E00137,2025-06-01,BU04,Operations,IC2,6.94,0.576,3.23,0.611,0.819,0,0.840597
E00138,2025-06-01,BU10,Education,IC2,5.046,0.656,3.46,0.6,0.597,0,0.734663
E00139,2025-06-01,BU01,IT,M1,4.931,0.732,2.98,0.6,0.523,0,0.688618
E00140,2025-06-01,BU10,Finance,IC3,0.63,0.543,3.6,0.6,0.435,0,0.780418
E00141,2025-06-01,BU03,Finance,IC3,7.472,0.569,3.53,0.6,0.608,0,0.712293
E00142,2025-06-01,BU02,Operations,IC1,5.054,0.514,3.23,0.999,0.875,0,0.840155
E00143,2025-06-01,BU02,Clinical,IC1,0.931,0.533,3.04,0.663,0.762,0,0.85761
E00144,2025-06-01,BU01,IT,IC1,9.051,0.694,2.89,1.075,0.524,0,0.720544
E00145,2025-06-01,BU08,Finance,IC3,5.563,0.644,3.66,1.493,0.697,0,0.498873
E00146,2025-06-01,BU03,Operations,M1,9.454,0.586,3.23,0.6,0.964,0,0.831495
E00147,2025-06-01,BU03,Finance,IC2,2.021,0.718,3.21,0.611,0.677,0,0.797186
E00148,2025-06-01,BU06,IT,IC1,3.168,0.682,3.93,0.751,0.57,0,0.641536
E00149,2025-06-01,BU08,IT,IC3,7.214,0.663,3.14,0.6,0.657,0,0.802807
E00150,2025-06-01,BU09,Admin,M1,6.234,0.668,3.49,0.791,0.517,0,0.629275
E00151,2025-06-01,BU09,Education,IC3,8.093,0.599,2.91,0.791,0.606,1,0.80966
E00152,2025-06-01,BU04,Education,M1,0.72,0.508,3.32,0.674,0.646,0,0.790078
E00153,2025-06-01,BU05,Operations,IC2,2.3,0.613,3.04,0.753,0.591,0,0.768774
E00154,2025-06-01,BU02,IT,IC1,4.717,0.529,2.88,0.6,0.524,0,0.836241
E00155,2025-06-01,BU09,Admin,M1,3.406,0.535,3.27,0.6,0.425,0,0.776463
E00156,2025-06-01,BU08,Admin,IC3,5.374,0.642,2.74,0.818,0.478,0,0.782513
E00157,2025-06-01,BU03,Finance,IC2,11.077,0.582,3.4,0.785,0.52,0,0.707225
E00158,2025-06-01,BU09,Finance,IC3,10.99,0.518,2.63,0.988,0.418,0,0.787333
E00159,2025-06-01,BU03,Admin,M1,2.938,0.67,3.02,0.6,0.601,0,0.755983
E00160,2025-06-01,BU09,Finance,IC3,1.24,0.49,3.4,0.6,0.619,0,0.843252
E00161,2025-06-01,BU02,IT,IC3,2.899,0.568,3.13,0.6,0.639,0,0.819519
E00162,2025-06-01,BU10,Clinical,IC2,7.723,0.551,3.84,0.915,0.776,0,0.608808
E00163,2025-06-01,BU09,IT,IC2,2.538,0.579,3.57,0.973,0.581,0,0.640601
E00164,2025-06-01,BU08,Admin,IC2,8.424,0.556,3.27,0.975,0.522,0,0.727325
E00165,2025-06-01,BU09,Admin,M1,4.597,0.591,3.11,0.6,0.505,0,0.766214
E00166,2025-06-01,BU05,IT,M1,5.812,0.667,2.94,0.6,0.601,0,0.782019
E00167,2025-06-01,BU02,Finance,M1,3.943,0.597,3.21,0.6,0.673,0,0.786846
E00168,2025-06-01,BU08,Finance,IC1,0.449,0.447,3.16,1.567,0.66,0,0.673036
E00169,2025-06-01,BU06,Education,IC3,2.798,0.649,3.43,0.6,0.571,0,0.730438
E00170,2025-06-01,BU08,Admin,M1,6.48,0.543,3.95,0.6,0.341,0,0.588918
E00171,2025-06-01,BU05,Operations,IC3,11.064,0.608,3.02,0.717,0.666,0,0.809512
E00172,2025-06-01,BU10,Education,M1,8.775,0.569,3.43,0.7,0.658,0,0.764493
E00173,2025-06-01,BU02,Finance,M1,1.64,0.642,2.79,0.959,0.508,0,0.782318
E00174,2025-06-01,BU06,IT,IC2,3.439,0.68,3.23,1.267,0.574,0,0.636593
E00175,2025-06-01,BU05,Finance,IC2,1.166,0.516,3.75,0.6,0.597,0,0.799362
E00176,2025-06-01,BU05,IT,IC1,5.632,0.742,3.61,0.6,0.439,0,0.639418
E00177,2025-06-01,BU01,Education,IC2,3.822,0.694,3.82,0.638,0.832,0,0.714714
E00178,2025-06-01,BU02,Admin,IC3,2.612,0.557,3.34,0.622,0.538,0,0.771627
E00179,2025-06-01,BU08,Finance,M1,7.431,0.745,3.49,0.6,0.597,0,0.720471
E00180,2025-06-01,BU03,IT,IC1,11.294,0.722,3.22,1.6,0.673,0,0.502074
E00181,2025-06-01,BU10,Admin,IC1,10.491,0.457,3.65,0.936,0.628,0,0.722757
E00182,2025-06-01,BU03,Operations,IC3,1.443,0.607,2.54,0.794,0.677,0,0.827732
E00183,2025-06-01,BU08,IT,IC1,8.025,0.567,3.36,0.962,0.865,0,0.740061
E00184,2025-06-01,BU08,Education,IC1,4.682,0.58,3.39,0.823,0.536,0,0.737641
E00185,2025-06-01,BU02,Operations,IC1,10.168,0.653,3.47,0.6,0.784,0,0.781185
E00186,2025-06-01,BU08,Operations,IC1,8.523,0.427,3.03,0.918,0.603,0,0.807426
E00187,2025-06-01,BU01,Clinical,IC1,10.94,0.6,2.89,1.6,0.74,0,0.6933
E00188,2025-06-01,BU06,Finance,IC2,7.365,0.732,2.61,0.6,0.428,0,0.735751
E00189,2025-06-01,BU08,IT,IC2,10.73,0.632,3.43,0.6,0.5,0,0.721185
E00190,2025-06-01,BU03,Operations,M1,4.375,0.672,3.39,1.037,0.626,0,0.678101
E00191,2025-06-01,BU08,Clinical,IC2,11.031,0.635,3.15,1.005,0.827,0,0.791634
E00192,2025-06-01,BU01,Education,IC3,1.128,0.602,3.15,0.639,0.648,0,0.779165
E00193,2025-06-01,BU09,Admin,IC1,10.478,0.672,3.42,1.489,0.5,0,0.517614
E00194,2025-06-01,BU09,IT,IC1,10.198,0.534,3.49,0.671,0.395,0,0.792504
E00195,2025-06-01,BU05,Operations,IC3,9.979,0.54,2.43,0.622,0.693,0,0.917673
E00196,2025-06-01,BU10,Finance,IC1,6.305,0.537,3.67,1.301,0.548,0,0.54497
E00197,2025-06-01,BU04,Clinical,IC2,5.199,0.554,3.3,1.541,0.718,0,0.652476
E00198,2025-06-01,BU06,Operations,IC3,7.02,0.704,3.5,0.6,0.881,0,0.81538
E00199,2025-06-01,BU07,Finance,IC3,10.694,0.739,3.89,1.047,0.562,0,0.480134
E00200,2025-06-01,BU05,Operations,IC1,11.261,0.544,3.15,1.075,0.737,0,0.834758
E00201,2025-06-01,BU10,IT,IC2,8.643,0.737,3.26,0.783,0.524,0,0.647718
E00202,2025-06-01,BU09,IT,IC3,9.829,0.588,3.12,0.627,0.7,0,0.746575
E00203,2025-06-01,BU03,IT,IC1,7.277,0.618,3.29,0.6,0.454,0,0.722195
E00204,2025-06-01,BU07,Education,IC3,1.517,0.621,3.89,0.923,0.462,0,0.559695
E00205,2025-06-01,BU10,Education,IC3,6.018,0.638,3.26,0.6,0.567,0,0.758305
E00206,2025-06-01,BU10,Clinical,M2,4.89,0.619,3.45,0.6,0.716,0,0.754477
E00207,2025-06-01,BU05,IT,IC1,7.819,0.499,3.11,1.277,0.494,0,0.671248
E00208,2025-06-01,BU07,Finance,M1,5.413,0.602,3.22,0.644,0.545,0,0.753804
E00209,2025-06-01,BU02,Operations,IC2,0.983,0.425,2.69,0.801,0.71,0,0.872523
E00210,2025-06-01,BU04,Admin,IC2,4.367,0.551,3.25,1.096,0.613,0,0.686632
E00211,2025-06-01,BU02,Finance,IC1,1.259,0.583,3.12,1.495,0.615,0,0.594232
E00212,2025-06-01,BU07,Education,IC3,11.411,0.478,3.35,1.014,0.699,0,0.709474
E00213,2025-06-01,BU02,Education,IC1,5.511,0.533,4.01,0.787,0.79,0,0.695508
E00214,2025-06-01,BU01,Finance,IC2,4.041,0.636,3.29,1.134,0.542,0,0.66535
E00215,2025-06-01,BU09,Education,IC1,6.639,0.623,3.59,1.048,0.519,0,0.617533
E00216,2025-06-01,BU01,IT,M1,7.677,0.653,3.55,0.957,0.665,0,0.706351
E00217,2025-06-01,BU08,Clinical,M1,9.971,0.546,3.16,0.6,0.734,0,0.893091
E00218,2025-06-01,BU02,Operations,IC3,5.511,0.672,3.16,0.6,0.754,0,0.751947
E00219,2025-06-01,BU08,Clinical,IC2,5.533,0.428,3.54,0.638,0.825,0,0.80654
E00220,2025-06-01,BU03,Operations,IC1,1.358,0.56,3.13,0.951,0.62,0,0.74772
E00221,2025-06-01,BU06,Operations,IC3,11.351,0.661,3.11,0.756,0.879,0,0.77293
E00222,2025-06-01,BU03,Clinical,IC2,3.264,0.536,3.28,0.878,0.655,0,0.737091
E00223,2025-06-01,BU07,Finance,IC1,0.731,0.589,3.5,1.055,0.519,0,0.593622
E00224,2025-06-01,BU10,Operations,IC3,6.201,0.509,3.46,0.743,0.728,0,0.738015
E00225,2025-06-01,BU09,Clinical,M2,9.402,0.5,3.95,0.6,0.841,0,0.709515
E00226,2025-06-01,BU02,Operations,IC3,8.03,0.538,3.56,0.6,0.652,0,0.763003
E00227,2025-06-01,BU05,Admin,IC3,0.854,0.521,3.14,0.6,0.691,0,0.885033
E00228,2025-06-01,BU06,Finance,M2,8.0,0.517,3.56,0.662,0.446,0,0.731837
E00229,2025-06-01,BU04,IT,IC1,8.454,0.608,3.14,1.16,0.498,0,0.661152
E00230,2025-06-01,BU04,Operations,IC3,2.387,0.515,3.07,0.6,0.727,0,0.882399
E00231,2025-06-01,BU04,Admin,M2,9.027,0.575,2.79,0.664,0.537,0,0.818312
E00232,2025-06-01,BU02,IT,IC1,9.016,0.661,3.45,1.6,0.625,0,0.523967
E00233,2025-06-01,BU04,IT,IC3,7.926,0.506,3.35,0.6,0.547,1,0.89083
E00234,2025-06-01,BU01,Operations,IC3,5.205,0.665,3.3,0.724,0.852,0,0.764446
E00235,2025-06-01,BU06,Clinical,IC3,8.03,0.54,3.42,0.6,0.762,0,0.823629
E00236,2025-06-01,BU01,Operations,IC3,2.875,0.587,2.91,0.788,0.743,0,0.806362
E00237,2025-06-01,BU10,Admin,M1,11.069,0.632,2.83,0.6,0.58,0,0.849895
E00238,2025-06-01,BU06,IT,M1,4.041,0.627,3.44,0.6,0.544,0,0.700737
E00239,2025-06-01,BU01,Operations,IC1,5.032,0.679,3.08,1.315,0.829,0,0.670289
E00240,2025-06-01,BU06,Clinical,M1,9.645,0.537,2.56,0.776,0.64,0,0.891763
E00241,2025-06-01,BU10,Operations,IC1,3.622,0.458,3.06,1.027,0.618,0,0.794416
E00242,2025-06-01,BU08,Finance,IC2,11.201,0.84,3.28,0.679,0.585,0,0.63371
E00243,2025-06-01,BU02,Clinical,IC2,1.358,0.582,2.93,0.6,0.748,0,0.818554
E00244,2025-06-01,BU02,Admin,IC2,3.028,0.662,3.05,0.641,0.583,0,0.824955
E00245,2025-06-01,BU04,IT,IC2,2.675,0.641,3.51,0.6,0.661,1,0.820147
E00246,2025-06-01,BU03,Operations,M2,10.396,0.643,3.31,0.6,0.763,0,0.79779
E00247,2025-06-01,BU04,Clinical,IC3,5.207,0.709,4.09,0.647,0.717,0,0.592236
E00248,2025-06-01,BU07,Finance,IC3,2.152,0.492,3.52,0.6,0.649,0,0.751433
E00249,2025-06-01,BU01,Clinical,IC1,9.415,0.546,3.73,0.89,0.693,0,0.674779
E00250,2025-06-01,BU06,Education,M1,5.383,0.641,3.93,0.839,0.71,0,0.685739
E00251,2025-06-01,BU03,Finance,M1,1.774,0.604,3.32,0.6,0.715,0,0.81398
E00252,2025-06-01,BU10,Admin,M1,3.28,0.481,3.5,0.6,0.549,0,0.790465
E00253,2025-06-01,BU07,IT,IC1,7.428,0.704,3.22,0.698,0.696,0,0.829608
E00254,2025-06-01,BU10,Admin,IC1,10.771,0.582,3.4,1.097,0.55,0,0.660508
E00255,2025-06-01,BU02,Operations,IC1,9.87,0.655,3.22,1.167,0.746,0,0.70367
E00256,2025-06-01,BU02,Clinical,IC1,10.623,0.52,2.92,1.062,0.748,0,0.779586
E00257,2025-06-01,BU04,Education,IC2,6.634,0.491,3.17,1.243,0.565,0,0.69845
E00258,2025-06-01,BU01,Finance,M1,7.288,0.558,3.57,0.6,0.475,0,0.737547
E00259,2025-06-01,BU03,Finance,IC2,0.98,0.465,3.18,1.549,0.492,0,0.620867
E00260,2025-06-01,BU09,Clinical,IC1,4.95,0.51,3.16,1.188,0.775,0,0.705041
E00261,2025-06-01,BU07,Education,IC2,3.206,0.62,3.91,0.6,0.577,0,0.699996
E00262,2025-06-01,BU07,Clinical,IC1,2.582,0.49,3.17,1.6,0.615,0,0.649849
E00263,2025-06-01,BU04,Operations,IC1,9.295,0.713,3.27,0.632,0.801,0,0.789954
E00264,2025-06-01,BU02,Admin,IC2,8.449,0.561,3.34,0.6,0.487,0,0.726982
E00265,2025-06-01,BU04,Finance,IC2,9.377,0.647,3.24,0.874,0.526,0,0.697423
E00266,2025-06-01,BU06,Operations,M1,7.953,0.651,3.77,0.6,0.785,0,0.692813
E00267,2025-06-01,BU03,Admin,M2,3.496,0.663,3.6,0.6,0.358,0,0.685108
E00268,2025-06-01,BU01,Operations,IC2,6.029,0.554,3.11,1.328,0.761,0,0.646676
E00269,2025-06-01,BU08,Education,IC2,3.507,0.617,3.27,0.918,0.666,0,0.716399
E00270,2025-06-01,BU05,Finance,M1,10.705,0.534,4.07,0.735,0.327,0,0.615725
E00271,2025-06-01,BU05,Clinical,IC2,4.367,0.577,3.55,0.606,0.659,0,0.764079
E00272,2025-06-01,BU04,Clinical,IC1,7.904,0.707,3.4,0.6,0.672,0,0.688975
E00273,2025-06-01,BU06,Admin,M1,1.035,0.46,3.58,0.67,0.481,0,0.747672
E00274,2025-06-01,BU03,IT,IC1,11.077,0.571,2.89,1.228,0.593,0,0.717101
E00275,2025-06-01,BU09,Education,IC3,4.329,0.589,3.81,0.933,0.602,0,0.616862
E00276,2025-06-01,BU05,Admin,IC3,7.562,0.638,3.23,0.66,0.561,0,0.736336
E00277,2025-06-01,BU03,IT,IC2,6.193,0.538,3.35,0.6,0.477,0,0.796876
E00278,2025-06-01,BU01,Operations,IC2,3.901,0.492,3.41,1.6,0.649,0,0.582493
E00279,2025-06-01,BU10,Education,M1,7.995,0.435,4.23,0.6,0.693,0,0.725451
E00280,2025-06-01,BU06,Operations,IC1,8.474,0.469,3.44,0.826,0.529,0,0.738308
E00281,2025-06-01,BU02,Finance,IC1,3.305,0.695,3.5,0.835,0.589,0,0.631423
E00282,2025-06-01,BU03,Education,IC3,8.95,0.662,3.02,0.677,0.62,0,0.82725
E00283,2025-06-01,BU01,IT,IC2,3.294,0.527,3.51,1.138,0.671,0,0.633475
E00284,2025-06-01,BU09,Finance,IC1,10.327,0.583,3.44,0.952,0.649,0,0.710051
E00285,2025-06-01,BU08,Clinical,M1,10.256,0.715,2.76,0.688,0.789,0,0.796867
E00286,2025-06-01,BU02,IT,IC2,9.582,0.377,2.99,0.784,0.663,0,0.813648
E00287,2025-06-01,BU08,Admin,M1,6.193,0.619,3.64,0.6,0.75,0,0.757481
E00288,2025-06-01,BU09,Clinical,M1,9.27,0.666,3.48,0.732,0.759,0,0.660862
E00289,2025-06-01,BU01,Clinical,IC3,3.094,0.53,3.36,0.753,0.725,0,0.774607
E00290,2025-06-01,BU05,Admin,IC2,7.702,0.505,2.73,0.673,0.589,0,0.86633
E00291,2025-06-01,BU08,Education,M2,10.984,0.548,3.22,0.6,0.49,0,0.770721
E00292,2025-06-01,BU02,Clinical,IC1,8.394,0.469,3.04,1.006,0.839,0,0.792185
E00293,2025-06-01,BU04,IT,IC3,10.834,0.725,3.68,0.651,0.427,0,0.596538
E00294,2025-06-01,BU07,Finance,IC1,6.434,0.653,3.36,0.776,0.671,0,0.770234
E00295,2025-06-01,BU03,Clinical,IC2,7.858,0.427,3.6,0.6,0.617,0,0.795815
E00296,2025-06-01,BU05,IT,IC2,3.661,0.528,3.71,0.728,0.714,0,0.721536
E00297,2025-06-01,BU08,Operations,M2,4.189,0.666,3.51,0.6,0.61,0,0.680311
E00298,2025-06-01,BU10,IT,M2,5.355,0.584,3.79,0.6,0.427,0,0.668789
E00299,2025-06-01,BU03,Finance,IC1,9.013,0.545,2.78,0.759,0.559,0,0.85221
E00300,2025-06-01,BU04,IT,IC1,11.149,0.644,3.71,0.707,0.622,0,0.719879
E00301,2025-06-01,BU09,Admin,IC3,10.609,0.686,3.3,0.684,0.608,0,0.731081
E00302,2025-06-01,BU07,Finance,IC2,0.767,0.434,3.23,0.6,0.53,0,0.796601
E00303,2025-06-01,BU01,Education,IC1,9.377,0.606,3.03,1.6,0.652,0,0.590689
E00304,2025-06-01,BU04,Operations,IC3,5.656,0.638,3.3,0.6,0.636,0,0.781314
E00305,2025-06-01,BU04,Admin,IC2,5.41,0.538,3.72,0.6,0.438,0,0.684865
E00306,2025-06-01,BU09,Education,M2,5.451,0.529,3.72,0.6,0.636,0,0.667126
E00307,2025-06-01,BU06,IT,IC1,6.168,0.65,3.6,0.881,0.531,0,0.611671
E00308,2025-06-01,BU09,Finance,IC2,5.76,0.562,2.97,1.087,0.536,0,0.704751
E00309,2025-06-01,BU06,Operations,IC2,9.046,0.614,3.06,0.791,0.657,0,0.778161
E00310,2025-06-01,BU06,Admin,M1,6.311,0.59,4.02,0.6,0.578,0,0.591506
E00311,2025-06-01,BU05,Education,IC2,3.997,0.647,3.64,0.616,0.487,0,0.669282
E00312,2025-06-01,BU05,Education,IC3,1.079,0.614,3.39,0.677,0.674,0,0.751274
E00313,2025-06-01,BU02,Operations,IC1,1.268,0.559,3.61,0.6,0.611,0,0.708386
E00314,2025-06-01,BU08,IT,M1,9.547,0.649,3.51,0.825,0.655,0,0.712229
E00315,2025-06-01,BU08,Operations,IC2,6.519,0.567,3.8,0.655,0.645,0,0.734608
E00316,2025-06-01,BU01,Education,IC1,10.546,0.566,3.06,1.562,0.514,0,0.622399
E00317,2025-06-01,BU08,Clinical,IC3,11.225,0.656,3.32,0.804,0.714,0,0.746096
E00318,2025-06-01,BU05,Admin,IC1,6.708,0.642,3.73,1.218,0.525,0,0.537284
E00319,2025-06-01,BU02,Operations,IC1,8.909,0.464,3.6,1.451,0.83,0,0.709075
E00320,2025-06-01,BU02,Education,M1,7.866,0.559,3.45,0.617,0.645,0,0.749685
E00321,2025-06-01,BU06,IT,IC2,8.569,0.74,3.5,0.987,0.577,0,0.623728
E00322,2025-06-01,BU09,Education,IC3,10.943,0.548,3.22,0.6,0.549,0,0.745356
E00323,2025-06-01,BU01,IT,IC2,10.779,0.529,3.22,0.859,0.586,0,0.762935
E00324,2025-06-01,BU06,Operations,M1,7.132,0.621,3.72,0.6,0.691,0,0.758252
E00325,2025-06-01,BU09,IT,IC1,5.774,0.555,2.98,0.891,0.737,0,0.80948
E00326,2025-06-01,BU08,Finance,IC2,9.125,0.691,3.56,1.45,0.538,0,0.486684
E00327,2025-06-01,BU06,Finance,M2,2.787,0.616,3.83,0.6,0.61,0,0.688715
E00328,2025-06-01,BU03,Finance,M1,6.732,0.471,3.46,0.6,0.6,0,0.75443
E00329,2025-06-01,BU08,Clinical,IC2,4.227,0.647,3.35,0.772,0.526,0,0.715969
E00330,2025-06-01,BU09,Operations,IC2,11.236,0.594,3.68,0.692,0.762,0,0.783516
E00331,2025-06-01,BU01,Education,M1,6.582,0.642,3.69,0.67,0.624,0,0.649534
E00332,2025-06-01,BU09,Education,IC2,9.27,0.681,3.6,0.957,0.634,0,0.721624
E00333,2025-06-01,BU06,Clinical,M1,10.612,0.52,3.41,0.6,0.689,0,0.833479
E00334,2025-06-01,BU06,IT,M1,8.203,0.569,2.9,0.6,0.526,0,0.854958
E00335,2025-06-01,BU04,Clinical,IC1,7.211,0.541,3.66,0.6,0.639,1,0.790088
E00336,2025-06-01,BU01,IT,IC1,5.035,0.664,3.53,1.208,0.789,0,0.648076
E00337,2025-06-01,BU10,IT,IC3,11.077,0.503,2.99,0.652,0.526,0,0.847381
E00338,2025-06-01,BU08,Admin,IC1,9.257,0.599,3.35,0.899,0.444,0,0.701671
E00339,2025-06-01,BU02,Education,IC2,9.454,0.628,3.23,0.946,0.576,0,0.783949
E00340,2025-06-01,BU01,Finance,M2,2.664,0.611,2.8,0.6,0.818,0,0.915488
E00341,2025-06-01,BU02,IT,IC3,2.001,0.435,3.86,0.868,0.583,0,0.686425
E00342,2025-06-01,BU01,Admin,M1,6.048,0.591,3.09,0.6,0.426,0,0.789406
E00343,2025-06-01,BU01,Education,IC3,1.99,0.51,3.6,1.102,0.791,0,0.69889
E00344,2025-06-01,BU09,Finance,IC3,9.363,0.687,3.66,0.6,0.581,0,0.647167
E00345,2025-06-01,BU01,IT,IC1,4.057,0.585,3.17,0.6,0.76,0,0.849354
E00346,2025-06-01,BU04,IT,IC2,3.723,0.497,3.64,0.676,0.455,1,0.786502
E00347,2025-06-01,BU10,Clinical,IC2,9.498,0.6,3.07,0.653,0.775,0,0.810035
E00348,2025-06-01,BU06,Clinical,IC2,5.662,0.717,3.49,0.716,0.787,0,0.727076
E00349,2025-06-01,BU07,Education,M1,5.27,0.53,3.2,0.6,0.503,0,0.768241
E00350,2025-06-01,BU02,Finance,IC2,10.355,0.593,3.45,1.076,0.522,0,0.680498
E00351,2025-06-01,BU06,IT,IC2,0.635,0.523,3.39,0.75,0.542,0,0.733144
E00352,2025-06-01,BU07,Education,IC2,1.53,0.552,3.54,0.6,0.52,0,0.703378
E00353,2025-06-01,BU10,Education,IC1,9.739,0.617,3.93,0.612,0.74,0,0.735176
E00354,2025-06-01,BU10,Operations,IC2,1.656,0.519,2.96,0.613,0.437,0,0.754955
E00355,2025-06-01,BU02,Clinical,IC1,10.735,0.631,3.2,0.6,0.836,0,0.835818
E00356,2025-06-01,BU02,Finance,IC1,3.726,0.603,3.24,0.753,0.44,0,0.748598
E00357,2025-06-01,BU10,IT,IC1,10.998,0.594,3.39,1.376,0.66,0,0.656506
E00358,2025-06-01,BU07,Education,IC2,2.779,0.709,3.64,0.601,0.422,0,0.622067
E00359,2025-06-01,BU01,IT,M1,0.55,0.319,3.23,0.659,0.822,0,0.85072
E00360,2025-06-01,BU08,Operations,IC2,6.409,0.439,2.44,0.6,0.72,0,0.908247
E00361,2025-06-01,BU03,Finance,IC2,4.613,0.572,3.41,1.442,0.627,0,0.582884
E00362,2025-06-01,BU06,Education,IC3,2.1,0.535,3.71,1.189,0.449,0,0.566662
E00363,2025-06-01,BU09,IT,IC1,5.358,0.601,3.82,1.109,0.709,0,0.601385
E00364,2025-06-01,BU06,Clinical,M1,1.804,0.62,3.53,1.095,0.704,0,0.658539
E00365,2025-06-01,BU09,Operations,IC2,9.352,0.714,3.68,0.797,0.776,0,0.662053
E00366,2025-06-01,BU07,Finance,IC2,10.209,0.602,3.73,0.954,0.534,0,0.645239
E00367,2025-06-01,BU09,Operations,IC3,3.143,0.532,3.63,0.955,0.865,0,0.706899
E00368,2025-06-01,BU02,Clinical,IC1,3.77,0.601,3.08,1.051,0.689,0,0.687679
E00369,2025-06-01,BU08,Finance,IC3,1.93,0.626,3.46,0.6,0.462,0,0.791427
E00370,2025-06-01,BU08,Operations,IC2,4.63,0.565,4.08,1.025,0.878,0,0.665096
E00371,2025-06-01,BU02,Admin,M1,2.439,0.495,3.41,0.6,0.502,0,0.780295
E00372,2025-06-01,BU04,Clinical,IC1,7.874,0.65,3.74,0.779,0.823,0,0.745342
E00373,2025-06-01,BU07,Clinical,IC2,7.786,0.476,3.82,0.842,0.764,0,0.720944
E00374,2025-06-01,BU04,Clinical,IC3,11.28,0.641,3.34,0.681,0.511,0,0.659951
E00375,2025-06-01,BU04,Admin,IC1,3.622,0.663,3.0,0.951,0.676,0,0.734902
E00376,2025-06-01,BU06,Admin,IC2,8.545,0.558,3.26,0.91,0.47,0,0.718883
E00377,2025-06-01,BU10,IT,IC3,4.81,0.425,3.6,0.6,0.32,0,0.721577
E00378,2025-06-01,BU06,Education,M1,10.234,0.634,3.75,0.6,0.546,0,0.684555
E00379,2025-06-01,BU10,Operations,IC2,9.916,0.565,2.98,1.058,0.605,0,0.765232
E00380,2025-06-01,BU03,IT,M1,5.218,0.481,3.08,0.981,0.531,0,0.739491
E00381,2025-06-01,BU09,Operations,M2,5.854,0.571,3.8,0.9,0.911,0,0.658208
E00382,2025-06-01,BU10,Education,M1,8.564,0.729,3.59,0.6,0.669,0,0.658649
E00383,2025-06-01,BU02,Admin,IC1,2.478,0.622,3.45,1.194,0.481,0,0.622241
E00384,2025-06-01,BU06,Education,IC3,2.272,0.55,3.49,1.204,0.63,0,0.688978
E00385,2025-06-01,BU07,Admin,IC2,5.61,0.679,2.81,0.6,0.658,0,0.811349
E00386,2025-06-01,BU09,Education,M2,1.974,0.37,3.48,0.6,0.657,0,0.780687
E00387,2025-06-01,BU03,IT,IC2,2.218,0.552,3.35,0.946,0.493,0,0.672815
E00388,2025-06-01,BU10,Finance,IC1,6.245,0.586,3.38,1.539,0.598,0,0.591116
E00389,2025-06-01,BU03,IT,IC3,10.68,0.642,3.34,0.6,0.517,0,0.712871
E00390,2025-06-01,BU07,Operations,IC2,7.849,0.596,3.48,0.619,0.547,0,0.744339
E00391,2025-06-01,BU04,IT,M2,2.053,0.684,2.91,0.6,0.553,0,0.785929
E00392,2025-06-01,BU08,Clinical,M2,5.498,0.656,3.54,0.6,0.542,0,0.753207
E00393,2025-06-01,BU07,Operations,IC3,5.607,0.507,3.31,1.032,0.579,0,0.810727
E00394,2025-06-01,BU05,Education,IC1,0.906,0.454,3.55,1.102,0.67,0,0.70913
E00395,2025-06-01,BU07,Operations,IC3,6.721,0.604,3.69,0.639,0.624,0,0.677782
E00396,2025-06-01,BU03,Finance,IC1,11.4,0.622,2.87,1.107,0.652,0,0.736231
E00397,2025-06-01,BU02,Admin,IC1,3.871,0.578,3.6,1.042,0.502,0,0.581963
E00398,2025-06-01,BU06,Education,M1,6.946,0.516,2.99,0.95,0.569,0,0.79902
E00399,2025-06-01,BU02,Operations,IC1,6.642,0.603,3.26,0.965,0.636,0,0.713682
E00400,2025-06-01,BU03,Education,IC2,4.49,0.593,2.98,0.652,0.672,1,0.855266
E00401,2025-06-01,BU06,Education,M2,7.726,0.525,3.41,0.6,0.682,0,0.813499
E00402,2025-06-01,BU05,Education,IC2,6.401,0.713,2.43,0.786,0.517,1,0.904768
E00403,2025-06-01,BU08,Admin,IC2,8.164,0.621,3.17,0.6,0.52,0,0.778397
E00404,2025-06-01,BU09,IT,M1,8.704,0.755,3.14,0.6,0.646,0,0.723541
E00405,2025-06-01,BU03,Education,IC1,5.155,0.548,3.08,0.93,0.636,0,0.768857
E00406,2025-06-01,BU10,Clinical,M1,3.6,0.481,3.41,0.6,0.882,0,0.849334
E00407,2025-06-01,BU03,Finance,M2,8.238,0.587,2.36,0.618,0.64,0,0.874832
E00408,2025-06-01,BU03,Admin,M1,9.681,0.543,2.97,0.6,0.559,0,0.831793
E00409,2025-06-01,BU06,Operations,IC3,2.3,0.612,3.17,0.77,0.615,0,0.761089
E00410,2025-06-01,BU01,Admin,IC2,9.106,0.754,3.23,0.6,0.578,0,0.738441
E00411,2025-06-01,BU07,Operations,IC2,10.946,0.598,4.15,0.815,0.726,0,0.617044
E00412,2025-06-01,BU01,Admin,M1,4.304,0.563,2.96,0.6,0.537,0,0.829182
E00413,2025-06-01,BU05,Operations,M1,8.775,0.489,3.91,0.6,0.623,0,0.734794
E00414,2025-06-01,BU10,Education,IC2,1.78,0.605,3.05,0.829,0.571,0,0.710127
E00415,2025-06-01,BU08,IT,IC1,5.344,0.468,3.29,1.6,0.687,0,0.703372
E00416,2025-06-01,BU04,Operations,IC1,1.435,0.603,3.31,0.6,0.51,0,0.71588
E00417,2025-06-01,BU05,Operations,IC1,7.239,0.553,2.54,0.918,0.568,0,0.847029
E00418,2025-06-01,BU04,Clinical,IC3,1.596,0.676,2.93,0.908,0.643,0,0.780759
E00419,2025-06-01,BU04,Operations,IC2,6.73,0.738,3.29,0.801,0.743,0,0.704882
E00420,2025-06-01,BU08,Clinical,M1,5.081,0.59,3.09,0.6,0.86,0,0.786615
E00421,2025-06-01,BU02,Finance,IC3,2.971,0.571,3.67,0.6,0.59,0,0.722387
E00422,2025-06-01,BU01,Education,IC1,7.135,0.607,3.35,1.19,0.573,0,0.674766
E00423,2025-06-01,BU03,Clinical,IC3,10.601,0.513,2.93,0.6,0.937,0,0.849781
E00424,2025-06-01,BU09,IT,IC2,2.275,0.476,3.33,0.877,0.744,0,0.745778
E00425,2025-06-01,BU04,Education,IC3,1.566,0.679,3.09,0.6,0.586,0,0.732604
E00426,2025-06-01,BU10,Clinical,IC3,10.809,0.637,3.26,1.365,0.78,0,0.619614
E00427,2025-06-01,BU05,Education,M1,9.55,0.646,3.88,0.618,0.7,0,0.697092
E00428,2025-06-01,BU02,Education,M1,5.958,0.538,3.12,0.6,0.589,0,0.860961
E00429,2025-06-01,BU04,Education,IC2,3.017,0.567,3.05,0.6,0.566,0,0.77698
E00430,2025-06-01,BU02,Finance,IC1,3.693,0.625,2.78,1.024,0.656,0,0.749715
E00431,2025-06-01,BU02,IT,IC3,7.34,0.673,3.06,0.881,0.622,0,0.756831
E00432,2025-06-01,BU04,Admin,IC1,11.017,0.655,3.25,0.915,0.504,0,0.65594
E00433,2025-06-01,BU06,Admin,IC2,4.964,0.649,3.44,0.6,0.597,0,0.72961
E00434,2025-06-01,BU07,Clinical,IC1,7.083,0.618,3.95,0.789,0.86,0,0.623002
E00435,2025-06-01,BU10,Education,IC3,5.927,0.599,3.7,0.719,0.748,0,0.706693
E00436,2025-06-01,BU03,Clinical,IC1,4.942,0.52,3.37,1.175,0.777,0,0.71448
E00437,2025-06-01,BU03,Finance,IC3,8.89,0.698,3.0,1.083,0.682,0,0.648069
E00438,2025-06-01,BU10,Finance,M2,2.168,0.565,2.95,0.6,0.71,0,0.79955
E00439,2025-06-01,BU06,Operations,IC1,8.531,0.742,3.64,1.175,0.551,0,0.599806
E00440,2025-06-01,BU03,Finance,IC1,6.779,0.557,3.17,0.881,0.539,0,0.796969
E00441,2025-06-01,BU02,Operations,IC2,5.911,0.633,2.96,0.651,0.725,0,0.847276
E00442,2025-06-01,BU08,IT,M1,2.7,0.552,3.45,0.675,0.561,0,0.746311
E00443,2025-06-01,BU05,Clinical,IC1,6.85,0.588,3.85,1.035,0.802,0,0.643956
E00444,2025-06-01,BU01,IT,IC2,11.198,0.549,2.76,0.875,0.644,1,0.841224
E00445,2025-06-01,BU03,Finance,IC1,8.225,0.512,3.18,0.65,0.669,0,0.836638
E00446,2025-06-01,BU10,IT,M1,6.815,0.447,3.14,0.6,0.589,0,0.875278
E00447,2025-06-01,BU08,IT,IC2,2.059,0.449,4.02,1.217,0.68,0,0.619994
E00448,2025-06-01,BU04,IT,M1,2.16,0.515,2.9,0.6,0.66,0,0.877649
E00449,2025-06-01,BU07,Finance,M1,6.79,0.598,3.59,0.611,0.468,0,0.688263
E00450,2025-06-01,BU10,Education,IC1,4.928,0.556,3.57,1.33,0.621,0,0.564028
E00451,2025-06-01,BU02,IT,M1,8.312,0.586,3.44,0.607,0.456,0,0.770574
E00452,2025-06-01,BU07,Operations,IC1,11.149,0.541,3.36,1.116,0.847,0,0.739307
E00453,2025-06-01,BU05,Finance,M1,6.494,0.397,3.03,0.681,0.587,0,0.853818
E00454,2025-06-01,BU05,IT,IC3,4.523,0.67,3.35,0.6,0.606,0,0.731498
E00455,2025-06-01,BU06,Education,M1,2.166,0.565,2.88,0.6,0.613,0,0.835985
E00456,2025-06-01,BU09,Finance,IC1,1.941,0.65,3.7,1.044,0.544,0,0.609514
E00457,2025-06-01,BU06,Admin,IC1,5.963,0.614,3.57,1.49,0.448,0,0.521417
E00458,2025-06-01,BU08,Education,IC2,7.351,0.547,2.84,0.856,0.599,0,0.814346
E00459,2025-06-01,BU07,Operations,IC2,7.775,0.647,3.47,0.6,0.627,0,0.798736
E00460,2025-06-01,BU09,IT,IC1,9.944,0.671,3.29,0.728,0.553,0,0.725299
E00461,2025-06-01,BU04,Admin,IC2,8.241,0.626,3.39,1.024,0.403,0,0.614793
E00462,2025-06-01,BU02,Admin,IC1,1.687,0.568,3.38,0.833,0.633,0,0.740495
E00463,2025-06-01,BU07,Finance,IC2,2.33,0.572,3.79,0.732,0.435,0,0.700573
E00464,2025-06-01,BU06,Admin,M1,8.512,0.447,3.04,0.635,0.564,0,0.841391
E00465,2025-06-01,BU01,Operations,IC2,1.826,0.68,3.08,0.6,0.758,0,0.821928
E00466,2025-06-01,BU09,Operations,IC1,10.628,0.647,3.47,1.6,0.663,0,0.57595
E00467,2025-06-01,BU09,Clinical,IC2,4.2,0.461,3.41,0.6,0.895,0,0.857128
E00468,2025-06-01,BU02,Operations,IC1,6.45,0.754,3.51,1.03,0.63,0,0.566714
E00469,2025-06-01,BU03,Education,M2,8.079,0.642,3.11,0.6,0.412,0,0.759877
E00470,2025-06-01,BU05,Admin,IC1,3.948,0.549,3.36,0.817,0.506,0,0.695043
E00471,2025-06-01,BU05,Operations,IC3,4.638,0.581,2.89,1.004,0.726,0,0.809007
E00472,2025-06-01,BU01,Finance,M2,9.958,0.598,3.28,0.6,0.644,0,0.792625
E00473,2025-06-01,BU08,Clinical,M1,11.097,0.614,2.99,0.741,0.675,0,0.809152
E00474,2025-06-01,BU08,Admin,IC3,1.218,0.622,3.19,0.6,0.519,0,0.808153
E00475,2025-06-01,BU04,Clinical,M1,8.14,0.401,3.01,0.709,0.773,0,0.866414
E00476,2025-06-01,BU07,Admin,M2,4.411,0.612,3.7,0.6,0.576,0,0.653032
E00477,2025-06-01,BU10,Finance,IC3,10.146,0.592,3.22,0.724,0.536,0,0.76819
E00478,2025-06-01,BU03,Clinical,IC3,9.347,0.518,3.68,0.6,0.818,0,0.816967
E00479,2025-06-01,BU06,IT,IC3,10.497,0.611,2.74,0.605,0.709,0,0.856488
E00480,2025-06-01,BU10,Education,IC2,11.359,0.617,3.59,0.6,0.538,0,0.670429
E00481,2025-06-01,BU10,Education,IC3,8.643,0.751,4.31,0.834,0.699,1,0.614492
E00482,2025-06-01,BU09,Admin,IC2,0.977,0.443,3.48,1.433,0.58,0,0.629711
E00483,2025-06-01,BU01,IT,IC1,7.066,0.434,2.96,0.6,0.629,0,0.865355
E00484,2025-06-01,BU05,Clinical,IC1,8.537,0.565,2.94,0.682,0.66,0,0.787786
E00485,2025-06-01,BU04,IT,IC1,11.168,0.449,3.54,0.845,0.553,0,0.727708
E00486,2025-06-01,BU08,IT,IC2,10.516,0.619,3.52,0.821,0.492,0,0.617274
E00487,2025-06-01,BU01,Clinical,IC1,4.225,0.545,3.06,1.167,0.698,0,0.765286
E00488,2025-06-01,BU09,Finance,IC3,2.396,0.491,3.48,0.637,0.409,0,0.720302
E00489,2025-06-01,BU06,IT,IC2,0.975,0.51,2.9,0.714,0.742,0,0.851889
E00490,2025-06-01,BU04,IT,M1,10.264,0.568,3.12,0.834,0.536,0,0.766721
E00491,2025-06-01,BU09,Finance,IC1,8.816,0.727,3.19,1.101,0.43,0,0.680256
E00492,2025-06-01,BU05,IT,IC1,9.662,0.713,3.09,1.102,0.584,0,0.63973
E00493,2025-06-01,BU05,IT,IC3,9.079,0.522,4.02,0.707,0.558,0,0.658182
E00494,2025-06-01,BU05,IT,IC3,4.871,0.71,3.27,0.9,0.639,0,0.645977
E00495,2025-06-01,BU01,Education,IC1,10.656,0.605,3.44,0.755,0.507,0,0.749502
E00496,2025-06-01,BU01,Operations,M1,1.47,0.473,3.11,0.6,0.508,0,0.835148
E00497,2025-06-01,BU08,Finance,M1,4.298,0.362,4.29,0.625,0.55,0,0.701983
E00498,2025-06-01,BU08,IT,IC2,1.785,0.65,3.31,0.6,0.565,0,0.713964
E00499,2025-06-01,BU06,Education,IC2,2.316,0.563,3.52,0.796,0.645,0,0.768622
E00500,2025-06-01,BU04,Finance,M2,2.166,0.696,3.53,0.6,0.389,0,0.654289
